1
10
100
101
103
104
105
106
109
11
111
113
114
115
117
118
119
12
120
121
122
123
124
125
126
127
128
129
13
131
132
134
135
137
139
14
140
141
142
143
144
145
146
147
148
150
152
153
155
156
158
159
16
160
162
163
164
165
166
167
17
171
173
174
175
176
177
179
18
181
182
183
184
185
186
187
19
190
191
192
193
194
195
196
197
199
2
20
201
202
203
204
207
208
209
21
210
211
215
216
218
22
220
221
222
223
224
225
226
228
23
230
231
232
233
234
235
236
238
239
24
240
241
244
245
247
248
249
25
250
251
252
253
254
256
258
26
260
261
262
263
266
267
269
27
270
272
273
274
275
276
277
278
28
280
282
283
288
29
290
291
292
295
296
297
298
3
30
300
301
302
303
304
305
306
307
308
309
31
310
311
312
314
315
316
317
318
319
32
320
321
322
323
324
325
326
327
328
330
332
334
335
336
339
34
341
342
343
345
346
347
348
349
350
352
353
354
356
358
359
36
360
361
363
365
366
368
369
370
371
372
374
375
377
378
379
38
380
381
382
383
384
385
386
388
389
390
391
392
393
396
397
398
399
4
40
400
401
403
404
406
407
408
409
41
410
411
412
413
414
415
416
417
418
419
420
421
423
424
425
427
428
429
43
430
432
434
435
436
437
438
441
444
447
448
45
450
451
452
453
455
456
457
458
459
460
461
463
465
466
469
47
471
472
473
474
475
476
477
479
48
480
481
482
483
484
486
488
489
490
491
493
494
495
496
497
499
5
500
501
502
503
505
506
507
508
51
510
511
512
513
515
516
519
52
520
521
522
523
524
525
526
529
53
532
533
534
535
536
538
54
540
541
542
545
546
547
548
549
55
550
555
556
557
559
560
562
563
564
565
566
568
573
574
575
576
577
578
579
580
582
585
586
588
589
59
590
592
593
594
596
597
598
599
6
60
601
602
603
605
608
609
610
612
613
614
615
617
618
619
62
620
622
623
624
626
628
629
630
632
634
635
636
637
639
641
642
643
644
645
646
647
648
65
650
652
654
655
657
658
659
66
660
661
663
664
665
669
67
670
671
672
674
675
676
677
678
679
68
682
684
685
686
688
689
69
690
693
694
695
696
697
700
701
702
703
705
706
707
708
709
71
710
711
712
713
714
716
717
718
719
72
721
722
723
725
727
729
73
731
732
733
736
737
738
739
74
744
745
746
749
75
751
752
753
755
756
758
759
760
761
763
764
765
766
767
768
769
77
770
771
772
773
774
775
777
779
78
780
781
782
783
784
785
787
788
789
79
790
792
793
795
796
799
8
800
801
803
806
807
808
81
810
811
816
817
818
819
820
822
823
824
825
826
827
828
829
83
831
832
833
834
839
84
841
842
843
844
845
846
849
85
850
852
854
856
857
86
860
863
865
866
868
869
872
873
874
876
878
879
88
880
881
882
883
885
886
887
89
891
893
894
897
898
9
90
900
902
903
904
905
906
907
909
91
912
913
914
916
917
918
919
921
922
925
927
928
929
93
931
936
937
938
94
941
942
943
947
948
95
950
951
952
953
954
955
957
958
96
962
963
964
966
967
969
97
98
99
