0 0.499609375 0.37430555555555556 0.99140625 0.7430555555555556
1 0.110546875 0.6208333333333333 0.03359375 0.061111111111111116
1 0.63984375 0.4076388888888889 0.015625 0.018055555555555557
1 0.6664062500000001 0.3861111111111111 0.015625 0.019444444444444445
1 0.7410156250000001 0.33263888888888893 0.06171875 0.04861111111111111
1 0.86328125 0.2388888888888889 0.009375000000000001 0.016666666666666666
1 0.884375 0.21041666666666667 0.0203125 0.029166666666666667
1 0.9460937500000001 0.19305555555555556 0.025 0.022222222222222223
1 0.9773437500000001 0.17916666666666667 0.0171875 0.01388888888888889
1 0.009765625 0.6493055555555556 0.014843750000000001 0.02361111111111111
1 0.0703125 0.6118055555555556 0.010937500000000001 0.029166666666666667
1 0.110546875 0.4048611111111111 0.013281250000000001 0.020833333333333336
