1 0.1953125 0.6725260416666666 0.208984375 0.03515625
1 0.1220703125 0.7467447916666666 0.017578125 0.01953125
1 0.23193359375 0.71484375 0.0302734375 0.020833333333333332
1 0.44287109375 0.7141927083333333 0.0654296875 0.04296875
1 0.60009765625 0.7330729166666666 0.0478515625 0.03125
1 0.6640625 0.72265625 0.056640625 0.041666666666666664
1 0.72802734375 0.7174479166666666 0.0283203125 0.028645833333333332
1 0.771484375 0.708984375 0.02734375 0.02734375
1 0.82763671875 0.6966145833333333 0.0224609375 0.020833333333333332
1 0.69287109375 0.6712239583333333 0.0439453125 0.022135416666666664
1 0.52490234375 0.6959635416666666 0.0576171875 0.02734375
1 0.14501953125 0.5657552083333333 0.0302734375 0.014322916666666666
0 0.431640625 0.37369791666666663 0.849609375 0.7395833333333333
1 0.41357421875 0.6803385416666666 0.0166015625 0.01171875
