1 0.25947867298578203 0.8132250580046403 0.04265402843601896 0.03944315545243619
1 0.31694312796208535 0.8004640371229698 0.017772511848341235 0.018561484918793503
1 0.4727488151658768 0.6682134570765661 0.2180094786729858 0.19953596287703015
1 0.6937203791469195 0.5127610208816705 0.017772511848341235 0.027842227378190254
1 0.7203791469194314 0.4814385150812065 0.014218009478672987 0.025522041763341066
1 0.7932464454976303 0.43155452436194897 0.02014218009478673 0.04640371229698376
1 0.8957345971563981 0.3631090487238979 0.02132701421800948 0.04408352668213457
1 0.9283175355450237 0.3410672853828306 0.017772511848341235 0.027842227378190254
1 0.9804502369668248 0.31786542923433875 0.03199052132701422 0.04176334106728538
0 0.5029620853080569 0.44083526682134566 0.9822274881516588 0.8306264501160092
