1 0.110546875 0.6402777777777778 0.013281250000000001 0.019444444444444445
1 0.1203125 0.6 0.0140625 0.030555555555555558
1 0.071484375 0.607638888888889 0.013281250000000001 0.018055555555555557
1 0.640625 0.4027777777777778 0.010937500000000001 0.025
1 0.6687500000000001 0.3826388888888889 0.015625 0.02638888888888889
1 0.73828125 0.3388888888888889 0.0546875 0.044444444444444446
1 0.9402343750000001 0.19375 0.032031250000000004 0.02638888888888889
1 0.978515625 0.18194444444444446 0.017968750000000002 0.019444444444444445
1 0.87265625 0.22361111111111112 0.028125 0.030555555555555558
0 0.5 0.3652777777777778 0.9890625000000001 0.7194444444444444
