1 0.27666666666666667 0.4514218009478673 0.13999999999999999 0.16350710900473936
1 0.4093333333333333 0.4573459715639811 0.056 0.12322274881516589
1 0.3853333333333333 0.6184834123222749 0.024 0.05213270142180095
1 0.472 0.5177725118483413 0.064 0.0971563981042654
1 0.5573333333333333 0.5165876777251185 0.08 0.11848341232227488
0 0.214 0.2665876777251185 0.33199999999999996 0.504739336492891
0 0.782 0.3187203791469195 0.33199999999999996 0.604265402843602
1 0.638 0.6362559241706162 0.06799999999999999 0.05450236966824645
1 0.38 0.46563981042654035 0.16266666666666665 0.18720379146919433
1 0.33999999999999997 0.6007109004739337 0.034666666666666665 0.06398104265402844
1 0.19333333333333333 0.561611374407583 0.04 0.047393364928909956
