0 0.6178385416666666 0.4423828125 0.76171875 0.869140625
1 0.5084635416666666 0.44580078125 0.3841145833333333 0.0283203125
1 0.5592447916666666 0.50439453125 0.40494791666666663 0.0205078125
1 0.5813802083333333 0.5263671875 0.34765625 0.015625
1 0.6770833333333333 0.55322265625 0.3880208333333333 0.0283203125
1 0.953125 0.5498046875 0.0859375 0.0625
1 0.8834635416666666 0.40380859375 0.15494791666666666 0.0361328125
1 0.8717447916666666 0.63427734375 0.24088541666666666 0.0830078125
1 0.4817708333333333 0.66650390625 0.15104166666666666 0.0263671875
1 0.5625 0.7333984375 0.1875 0.1015625
1 0.6966145833333333 0.6884765625 0.0390625 0.021484375
1 0.4798177083333333 0.814453125 0.03255208333333333 0.025390625
1 0.5651041666666666 0.8310546875 0.078125 0.041015625
1 0.38151041666666663 0.6044921875 0.041666666666666664 0.060546875
1 0.26432291666666663 0.46875 0.028645833333333332 0.01953125
1 0.3020833333333333 0.37744140625 0.0859375 0.0185546875
1 0.3899739583333333 0.240234375 0.06640625 0.01953125
1 0.30143229166666663 0.27880859375 0.05859375 0.0439453125
1 0.6549479166666666 0.42236328125 0.15885416666666666 0.0205078125
