1 0.43291666666666667 0.7106250000000001 0.0275 0.09875
1 0.4766666666666667 0.77875 0.08666666666666667 0.075
1 0.5270833333333333 0.729375 0.01916666666666667 0.02125
1 0.33666666666666667 0.5475 0.07166666666666667 0.07
1 0.4633333333333334 0.964375 0.03166666666666667 0.03875
1 0.7887500000000001 0.14250000000000002 0.0275 0.0325
1 0.7983333333333333 0.19375 0.02 0.03
0 0.49750000000000005 0.499375 0.9866666666666667 0.9862500000000001
1 0.5416666666666667 0.46875 0.06833333333333334 0.085
1 0.455 0.47375 0.06166666666666667 0.0525
1 0.36625 0.446875 0.0275 0.02875
