1 0.076171875 0.5243055555555556 0.06953125 0.05416666666666667
1 0.1796875 0.5680555555555555 0.109375 0.0638888888888889
1 0.29921875000000003 0.5583333333333333 0.11406250000000001 0.125
1 0.444921875 0.6159722222222223 0.02890625 0.051388888888888894
1 0.40859375000000003 0.638888888888889 0.0546875 0.03333333333333333
1 0.546484375 0.6743055555555556 0.06484375 0.0625
1 0.70078125 0.7243055555555555 0.1390625 0.051388888888888894
1 0.7984375 0.7715277777777778 0.0421875 0.029166666666666667
1 0.9226562500000001 0.7506944444444444 0.0734375 0.09027777777777778
1 0.644140625 0.6756944444444445 0.01640625 0.018055555555555557
0 0.498046875 0.5104166666666667 0.9867187500000001 0.6069444444444445
