0 0.2529481132075472 0.6791666666666667 0.49410377358490565 0.6208333333333333
1 0.06367924528301887 0.61875 0.11320754716981132 0.05416666666666667
1 0.25648584905660377 0.7041666666666666 0.20636792452830188 0.075
1 0.3909198113207547 0.653125 0.03891509433962264 0.06458333333333333
1 0.4563679245283019 0.5666666666666667 0.0589622641509434 0.07916666666666666
1 0.4758254716981132 0.45208333333333334 0.0294811320754717 0.041666666666666664
1 0.03537735849056604 0.5166666666666666 0.023584905660377357 0.07083333333333333
1 0.3785377358490566 0.030208333333333334 0.03537735849056604 0.03125
0 0.2794811320754717 0.10104166666666667 0.5400943396226415 0.18541666666666667
1 0.1810141509433962 0.175 0.01768867924528302 0.020833333333333332
