1 0.65 0.6155555555555555 0.23 0.22666666666666666
1 0.878125 0.8277777777777777 0.043750000000000004 0.06444444444444444
1 0.63125 0.84 0.0525 0.04888888888888889
1 0.256875 0.94 0.18875 0.12444444444444444
1 0.43 0.83 0.1275 0.10888888888888888
1 0.338125 0.7622222222222222 0.17125 0.08
1 0.37 0.6888888888888889 0.11 0.057777777777777775
1 0.200625 0.7066666666666667 0.051250000000000004 0.035555555555555556
1 0.14375000000000002 0.5177777777777778 0.14250000000000002 0.044444444444444446
1 0.179375 0.6377777777777778 0.08625000000000001 0.04
1 0.389375 0.47 0.26625 0.12666666666666668
1 0.440625 0.5488888888888889 0.18875 0.03111111111111111
1 0.57625 0.42444444444444446 0.0625 0.05333333333333333
1 0.205625 0.3688888888888889 0.10375000000000001 0.24888888888888888
1 0.130625 0.17666666666666667 0.03625 0.08222222222222222
0 0.544375 0.3022222222222222 0.89875 0.5777777777777777
