1 0.08542413381123058 0.2696476964769648 0.16606929510155316 0.13821138211382114
1 0.27837514934289126 0.09078590785907859 0.07407407407407407 0.07859078590785908
1 0.27598566308243727 0.4634146341463415 0.1099163679808841 0.11382113821138211
1 0.5794504181600956 0.6070460704607046 0.1099163679808841 0.10840108401084012
1 0.6959378733572281 0.6815718157181572 0.0991636798088411 0.1002710027100271
1 0.38948626045400236 0.4051490514905149 0.07407407407407407 0.07317073170731707
1 0.52389486260454 0.0989159891598916 0.07048984468339306 0.07317073170731707
1 0.5603345280764636 0.2859078590785908 0.08363201911589008 0.08943089430894309
1 0.47311827956989244 0.34552845528455284 0.03345280764635603 0.04607046070460705
1 0.966547192353644 0.5975609756097561 0.016726403823178016 0.024390243902439025
