1 0.52578125 0.3791666666666667 0.1015625 0.08611111111111111
1 0.3671875 0.6097222222222223 0.09062500000000001 0.13611111111111113
1 0.16875 0.44722222222222224 0.153125 0.24444444444444446
1 0.7757812500000001 0.39861111111111114 0.035937500000000004 0.058333333333333334
1 0.5671875000000001 0.7944444444444445 0.15625 0.32222222222222224
1 0.2734375 0.5083333333333333 0.03125 0.06666666666666667
1 0.34218750000000003 0.3888888888888889 0.12187500000000001 0.08888888888888889
1 0.15000000000000002 0.35694444444444445 0.07500000000000001 0.0638888888888889
1 0.40937500000000004 0.951388888888889 0.1625 0.08611111111111111
0 0.5046875000000001 0.2138888888888889 0.8812500000000001 0.3388888888888889
1 0.8484375000000001 0.3402777777777778 0.03125 0.019444444444444445
