0 0.5578125 0.7175925925925927 0.440625 0.23333333333333334
0 0.45260416666666664 0.45787037037037037 0.33125 0.27870370370370373
1 0.3455729166666667 0.6175925925925926 0.022395833333333334 0.02962962962962963
1 0.49322916666666666 0.799537037037037 0.06041666666666667 0.04166666666666667
1 0.5458333333333333 0.7050925925925926 0.028125 0.021296296296296296
1 0.5848958333333333 0.687962962962963 0.028125 0.03333333333333333
1 0.5955729166666667 0.7412037037037037 0.024479166666666666 0.032407407407407406
1 0.6348958333333333 0.7643518518518518 0.009375 0.012037037037037037
1 0.7015625 0.7402777777777778 0.019791666666666666 0.025
1 0.7036458333333333 0.7777777777777778 0.017708333333333333 0.020370370370370372
