1 0.24427083333333333 0.8421296296296297 0.02395833333333333 0.01388888888888889
1 0.28541666666666665 0.8328703703703704 0.017708333333333333 0.01388888888888889
1 0.3716145833333333 0.8041666666666667 0.009895833333333333 0.015740740740740743
1 0.38776041666666666 0.7824074074074074 0.0234375 0.02592592592592593
1 0.4388020833333333 0.787962962962963 0.0734375 0.05185185185185186
1 0.4125 0.7435185185185186 0.025 0.031481481481481485
1 0.53125 0.6916666666666667 0.0125 0.02592592592592593
1 0.60078125 0.7407407407407408 0.0265625 0.06481481481481481
1 0.634375 0.7083333333333334 0.036458333333333336 0.02962962962962963
1 0.7221354166666667 0.7171296296296297 0.021354166666666667 0.030555555555555558
1 0.8591145833333333 0.862037037037037 0.033854166666666664 0.012962962962962964
1 0.8942708333333333 0.8643518518518519 0.021875 0.010185185185185186
1 0.47421874999999997 0.6939814814814815 0.10364583333333333 0.10648148148148148
1 0.6669270833333333 0.7601851851851852 0.0078125 0.014814814814814815
1 0.73671875 0.8662037037037037 0.008854166666666666 0.012037037037037037
0 0.37526041666666665 0.5101851851851852 0.5963541666666666 0.7148148148148148
0 0.84765625 0.8453703703703704 0.049479166666666664 0.031481481481481485
0 0.7190104166666667 0.850462962962963 0.09635416666666667 0.036111111111111115
0 0.7880208333333333 0.8476851851851852 0.02395833333333333 0.017592592592592594
1 0.30104166666666665 0.8171296296296297 0.009375 0.01388888888888889
