1 0.4237804878048781 0.5641233766233766 0.14634146341463417 0.14772727272727273
1 0.614329268292683 0.6785714285714286 0.04166666666666667 0.048701298701298704
1 0.5182926829268293 0.6371753246753247 0.020325203252032523 0.024350649350649352
1 0.20325203252032523 0.38392857142857145 0.014227642276422765 0.024350649350649352
1 0.5457317073170732 0.6623376623376623 0.014227642276422765 0.022727272727272728
1 0.5934959349593496 0.586038961038961 0.03861788617886179 0.022727272727272728
1 0.6128048780487806 0.612012987012987 0.014227642276422765 0.016233766233766236
1 0.2251016260162602 0.37418831168831174 0.015243902439024392 0.021103896103896104
1 0.10924796747967482 0.24675324675324678 0.019308943089430895 0.016233766233766236
1 0.017276422764227643 0.23214285714285715 0.02845528455284553 0.04220779220779221
0 0.49949186991869926 0.34415584415584416 0.9847560975609757 0.6720779220779222
