1 0.2529166666666667 0.3134920634920635 0.015833333333333335 0.023809523809523808
1 0.3141666666666667 0.3761904761904762 0.10166666666666667 0.08888888888888889
1 0.4295833333333334 0.40714285714285714 0.025833333333333337 0.023809523809523808
1 0.6141666666666667 0.5166666666666667 0.02666666666666667 0.020634920634920634
1 0.68 0.5333333333333333 0.03166666666666667 0.044444444444444446
1 0.70625 0.47619047619047616 0.05583333333333334 0.09841269841269841
1 0.7300000000000001 0.5634920634920635 0.025 0.015873015873015872
1 0.47375 0.48333333333333334 0.0175 0.023809523809523808
0 0.14041666666666666 0.2253968253968254 0.2341666666666667 0.2984126984126984
0 0.5108333333333334 0.2992063492063492 0.4683333333333334 0.5507936507936508
1 0.48958333333333337 0.515079365079365 0.01916666666666667 0.026984126984126985
