1 0.226953125 0.7076388888888889 0.08203125 0.1625
1 0.2890625 0.6138888888888889 0.03125 0.04722222222222222
1 0.376953125 0.47500000000000003 0.03828125 0.05
1 0.467578125 0.5597222222222222 0.07265625 0.04166666666666667
1 0.51953125 0.5756944444444445 0.021875000000000002 0.020833333333333336
1 0.562890625 0.5513888888888889 0.032031250000000004 0.030555555555555558
1 0.623046875 0.5631944444444444 0.07890625000000001 0.05694444444444444
1 0.690625 0.6097222222222223 0.03125 0.06666666666666667
1 0.841796875 0.6923611111111111 0.01953125 0.043055555555555555
0 0.49726562500000004 0.4965277777777778 0.98828125 0.9930555555555556
