0 0.4044270833333333 0.42638888888888893 0.2109375 0.36944444444444446
0 0.20625 0.2916666666666667 0.11145833333333333 0.08333333333333334
0 0.725 0.6245370370370371 0.09270833333333334 0.28055555555555556
1 0.38125 0.5087962962962963 0.146875 0.12314814814814816
1 0.6083333333333333 0.6541666666666667 0.03854166666666667 0.0787037037037037
1 0.72578125 0.7527777777777778 0.030729166666666665 0.0962962962962963
1 0.14609375 0.2976851851851852 0.022395833333333334 0.030555555555555558
1 0.17916666666666667 0.31342592592592594 0.014583333333333334 0.028703703703703703
1 0.19817708333333334 0.3375 0.011979166666666666 0.021296296296296296
0 0.7013020833333333 0.5018518518518519 0.3223958333333333 0.5203703703703704
