1 0.39982030548068287 0.4719626168224299 0.41689128481581317 0.030707610146862484
1 0.5341419586702606 0.5360480640854473 0.027852650494159928 0.025367156208277702
1 0.75696316262354 0.5280373831775701 0.23989218328840972 0.03871829105473965
1 0.8023360287511231 0.5647530040053405 0.02336028751123091 0.0267022696929239
1 0.7394429469901168 0.4893190921228304 0.03773584905660378 0.014686248331108143
1 0.022911051212938006 0.5801068090787717 0.03683737646001797 0.020026702269692925
1 0.08805031446540881 0.5574098798397864 0.008984725965858042 0.020026702269692925
1 0.09299191374663074 0.4779706275033378 0.058400718778077274 0.07476635514018691
1 0.17834681042228212 0.5106809078771696 0.07996406109613657 0.028037383177570093
1 0.15498652291105122 0.5433911882510013 0.03863432165318958 0.016021361815754337
1 0.12309074573225517 0.5514018691588785 0.01078167115902965 0.016021361815754337
0 0.362533692722372 0.4365821094793057 0.23989218328840972 0.07209612817089453
0 0.9137466307277629 0.3104138851802403 0.034141958670260555 0.03337783711615487
