1 0.12580128205128205 0.7979942693409742 0.21314102564102563 0.22063037249283668
1 0.2844551282051282 0.6446991404011461 0.07211538461538461 0.05157593123209169
1 0.8669871794871794 0.7664756446991404 0.2564102564102564 0.32951289398280803
1 0.14342948717948717 0.2922636103151862 0.020833333333333332 0.040114613180515755
1 0.20112179487179485 0.27650429799426934 0.03685897435897436 0.04871060171919771
1 0.32291666666666663 0.2306590257879656 0.07532051282051282 0.04871060171919771
1 0.3958333333333333 0.19197707736389685 0.02564102564102564 0.034383954154727794
1 0.5761217948717948 0.31948424068767906 0.030448717948717948 0.04871060171919771
1 0.6642628205128205 0.2464183381088825 0.046474358974358976 0.06303724928366762
1 0.7315705128205128 0.22636103151862463 0.052884615384615384 0.07449856733524356
1 0.8189102564102564 0.2650429799426934 0.07692307692307693 0.10028653295128939
1 0.5424679487179487 0.20343839541547276 0.04006410256410256 0.034383954154727794
