1 0.062109375 0.5201388888888889 0.055468750000000004 0.04861111111111111
1 0.259375 0.5506944444444445 0.275 0.1375
1 0.404296875 0.6340277777777779 0.06015625 0.03194444444444445
1 0.44609375 0.6166666666666667 0.021875000000000002 0.04722222222222222
1 0.543359375 0.6798611111111111 0.06796875000000001 0.0375
1 0.64453125 0.670138888888889 0.0125 0.018055555555555557
1 0.6976562500000001 0.7222222222222222 0.13125 0.05
1 0.8046875 0.7673611111111112 0.05 0.043055555555555555
1 0.9246093750000001 0.7618055555555556 0.057031250000000006 0.06527777777777778
0 0.49843750000000003 0.4451388888888889 0.9921875 0.7069444444444445
