1 0.369921875 0.5118055555555556 0.11953125 0.1763888888888889
1 0.597265625 0.5402777777777777 0.25703125 0.16944444444444445
1 0.5078125 0.16805555555555557 0.0890625 0.17777777777777778
1 0.6531250000000001 0.13472222222222222 0.0921875 0.20277777777777778
1 0.748046875 0.33958333333333335 0.04296875 0.07083333333333333
1 0.8289062500000001 0.32569444444444445 0.06406250000000001 0.08194444444444444
1 0.8539062500000001 0.2326388888888889 0.05625 0.0625
1 0.88046875 0.3909722222222222 0.018750000000000003 0.020833333333333336
1 0.80390625 0.5965277777777778 0.028125 0.029166666666666667
1 0.860546875 0.6173611111111111 0.025781250000000002 0.0375
1 0.9558593750000001 0.2763888888888889 0.08359375000000001 0.1388888888888889
0 0.78046875 0.22222222222222224 0.42812500000000003 0.4027777777777778
