1 0.078125 0.5201388888888889 0.07500000000000001 0.05416666666666667
1 0.18085937500000002 0.5625 0.10234375000000001 0.06666666666666667
1 0.286328125 0.5895833333333333 0.08828125 0.07361111111111111
1 0.405078125 0.6375000000000001 0.06015625 0.030555555555555558
1 0.44648437500000004 0.6180555555555556 0.02421875 0.04722222222222222
1 0.547265625 0.6791666666666667 0.06015625 0.044444444444444446
1 0.7152343750000001 0.7173611111111111 0.11171875 0.051388888888888894
1 0.7976562500000001 0.7666666666666667 0.043750000000000004 0.03888888888888889
1 0.91953125 0.7736111111111111 0.060937500000000006 0.03888888888888889
0 0.5007812500000001 0.48680555555555555 0.9875 0.5958333333333333
1 0.64609375 0.6722222222222223 0.0171875 0.01388888888888889
