1 0.0859375 0.5388888888888889 0.046875 0.025
1 0.18281250000000002 0.5756944444444445 0.09843750000000001 0.04861111111111111
1 0.30585937500000004 0.56875 0.08515625 0.12083333333333333
1 0.420703125 0.6451388888888889 0.04296875 0.03194444444444445
1 0.451171875 0.6215277777777778 0.02421875 0.051388888888888894
1 0.563671875 0.6895833333333333 0.09765625 0.051388888888888894
1 0.6917968750000001 0.7041666666666667 0.13984375000000002 0.07777777777777778
1 0.79453125 0.7756944444444445 0.035937500000000004 0.02361111111111111
1 0.849609375 0.7798611111111111 0.017968750000000002 0.029166666666666667
1 0.91328125 0.7569444444444444 0.060937500000000006 0.08333333333333334
0 0.499609375 0.513888888888889 0.98984375 0.5555555555555556
