1 0.3015625 0.6395833333333334 0.0203125 0.02361111111111111
1 0.38046875 0.5902777777777778 0.0328125 0.030555555555555558
1 0.440234375 0.3013888888888889 0.039843750000000004 0.03888888888888889
1 0.521875 0.5604166666666667 0.0328125 0.029166666666666667
1 0.5703125 0.5125000000000001 0.037500000000000006 0.061111111111111116
1 0.6273437500000001 0.4666666666666667 0.028125 0.03888888888888889
1 0.6257812500000001 0.36944444444444446 0.029687500000000002 0.036111111111111115
1 0.65234375 0.4131944444444445 0.037500000000000006 0.043055555555555555
1 0.684765625 0.36319444444444443 0.03359375 0.0625
0 0.30546875 0.5666666666666667 0.14375000000000002 0.125
0 0.534765625 0.4798611111111111 0.13515625 0.14583333333333334
