1 0.06724782067247821 0.30128205128205127 0.0821917808219178 0.07692307692307693
1 0.07160647571606475 0.1346153846153846 0.0186799501867995 0.03205128205128205
1 0.30759651307596514 0.14102564102564102 0.0273972602739726 0.08974358974358974
1 0.41344956413449563 0.6666666666666666 0.052303860523038606 0.07051282051282051
1 0.4962640099626401 0.30448717948717946 0.021170610211706103 0.03205128205128205
1 0.5703611457036114 0.5256410256410257 0.017434620174346202 0.038461538461538464
1 0.5691158156911581 0.7419871794871795 0.024906600249066 0.04807692307692307
1 0.6313823163138231 0.7516025641025641 0.024906600249066 0.035256410256410256
1 0.7671232876712328 0.891025641025641 0.057285180572851806 0.07051282051282051
1 0.6257783312577833 0.5705128205128205 0.026151930261519303 0.04487179487179487
1 0.6425902864259029 0.4567307692307692 0.014943960149439602 0.035256410256410256
1 0.7036114570361146 0.40544871794871795 0.0273972602739726 0.04807692307692307
1 0.6195516811955168 0.29166666666666663 0.0186799501867995 0.019230769230769232
1 0.7453300124533001 0.3605769230769231 0.0186799501867995 0.028846153846153844
1 0.7801992528019925 0.4358974358974359 0.026151930261519303 0.04487179487179487
1 0.8188044831880448 0.3974358974358974 0.028642590286425903 0.038461538461538464
1 0.3561643835616438 0.49198717948717946 0.017434620174346202 0.04807692307692307
1 0.7285180572851806 0.6057692307692307 0.014943960149439602 0.05128205128205128
1 0.7141967621419676 0.7628205128205128 0.1058530510585305 0.1923076923076923
1 0.9850560398505603 0.358974358974359 0.024906600249066 0.05128205128205128
1 0.23474470734744707 0.13141025641025642 0.023661270236612703 0.02564102564102564
1 0.9483188044831881 0.14102564102564102 0.038605230386052306 0.038461538461538464
