0 0.49609375 0.1736111111111111 0.9703125 0.3138888888888889
1 0.7296875 0.12083333333333333 0.18125000000000002 0.19722222222222224
1 0.5140625 0.25 0.115625 0.10555555555555556
1 0.6195312500000001 0.1763888888888889 0.0328125 0.04722222222222222
1 0.546875 0.1125 0.046875 0.06944444444444445
1 0.65625 0.2138888888888889 0.028125 0.03888888888888889
1 0.09140625000000001 0.2972222222222222 0.17343750000000002 0.18333333333333335
1 0.18828125 0.18055555555555555 0.0234375 0.03888888888888889
1 0.24375000000000002 0.27222222222222225 0.053125000000000006 0.05
1 0.35468750000000004 0.2833333333333333 0.06875 0.03888888888888889
