0 0.40742187500000004 0.5166666666666667 0.78515625 0.9583333333333334
1 0.794140625 0.9791666666666667 0.05078125 0.044444444444444446
1 0.6492187500000001 0.6826388888888889 0.11093750000000001 0.07361111111111111
1 0.7308593750000001 0.6930555555555555 0.013281250000000001 0.03333333333333333
1 0.780859375 0.7180555555555556 0.049218750000000006 0.05555555555555556
1 0.845703125 0.7222222222222222 0.017968750000000002 0.05
1 0.891796875 0.7229166666666667 0.049218750000000006 0.0375
1 0.34882812500000004 0.5666666666666667 0.022656250000000003 0.030555555555555558
1 0.37734375000000003 0.6020833333333333 0.029687500000000002 0.03194444444444445
1 0.40742187500000004 0.6090277777777778 0.02109375 0.018055555555555557
1 0.311328125 0.5583333333333333 0.02734375 0.02777777777777778
1 0.24960937500000002 0.5090277777777777 0.01171875 0.020833333333333336
