1 0.21484375 0.7298611111111112 0.08125 0.14583333333333334
1 0.276953125 0.6201388888888889 0.032031250000000004 0.02638888888888889
1 0.246875 0.6125 0.0125 0.025
1 0.377734375 0.4715277777777778 0.047656250000000004 0.07083333333333333
1 0.47734375 0.5590277777777778 0.09843750000000001 0.04861111111111111
1 0.55703125 0.5590277777777778 0.0328125 0.03194444444444445
1 0.6296875000000001 0.5736111111111112 0.09375 0.06944444444444445
1 0.6917968750000001 0.6201388888888889 0.02734375 0.05694444444444444
1 0.8445312500000001 0.7069444444444445 0.0140625 0.019444444444444445
0 0.499609375 0.5 0.99140625 0.9861111111111112
