0 0.24587264150943394 0.384375 0.47523584905660377 0.7520833333333333
0 0.6238207547169811 0.196875 0.7476415094339622 0.35625
1 0.18396226415094338 0.2875 0.023584905660377357 0.04583333333333333
1 0.22877358490566038 0.490625 0.14150943396226415 0.13541666666666666
1 0.2995283018867924 0.675 0.09669811320754716 0.15833333333333333
1 0.41450471698113206 0.7458333333333333 0.07193396226415094 0.04583333333333333
1 0.48408018867924524 0.7541666666666667 0.012971698113207546 0.029166666666666667
1 0.6079009433962264 0.70625 0.031839622641509434 0.058333333333333334
1 0.4722877358490566 0.33229166666666665 0.015330188679245283 0.03125
1 0.6238207547169811 0.26145833333333335 0.009433962264150943 0.022916666666666665
1 0.9752358490566038 0.31875 0.04245283018867924 0.06666666666666667
1 0.6692216981132075 0.33125 0.012971698113207546 0.020833333333333332
