1 0.20703125 0.7201388888888889 0.08750000000000001 0.1486111111111111
1 0.276171875 0.6194444444444445 0.02421875 0.03888888888888889
1 0.371875 0.46875 0.053125000000000006 0.0763888888888889
1 0.44921875 0.5555555555555556 0.046875 0.03333333333333333
1 0.505859375 0.5784722222222223 0.039843750000000004 0.02638888888888889
1 0.565625 0.5479166666666667 0.059375000000000004 0.04583333333333334
1 0.64453125 0.5847222222222223 0.07187500000000001 0.04722222222222222
1 0.692578125 0.6152777777777778 0.02734375 0.06666666666666667
1 0.849609375 0.7090277777777778 0.00703125 0.018055555555555557
0 0.49843750000000003 0.5006944444444444 0.9859375 0.9875
