1 0.71875 0.4083333333333333 0.278125 0.27222222222222225
1 0.49375 0.4166666666666667 0.10625000000000001 0.1
1 0.1875 0.37777777777777777 0.10625000000000001 0.08333333333333334
1 0.125 0.3027777777777778 0.1 0.08888888888888889
1 0.35859375000000004 0.4166666666666667 0.045312500000000006 0.08888888888888889
1 0.40937500000000004 0.45 0.03125 0.03888888888888889
1 0.9765625 0.5152777777777778 0.046875 0.11388888888888889
0 0.93671875 0.20833333333333334 0.1328125 0.4222222222222222
0 0.6429687500000001 0.19305555555555556 0.4265625 0.39722222222222225
0 0.22109375 0.20555555555555557 0.4078125 0.3888888888888889
