1 0.057421451787648965 0.3157467532467533 0.09967497291440953 0.11525974025974027
1 0.1695557963163597 0.3603896103896104 0.085590465872156 0.05194805194805195
1 0.2464788732394366 0.36769480519480524 0.02275189599133261 0.04383116883116883
1 0.34832069339111593 0.38717532467532473 0.04008667388949079 0.040584415584415584
1 0.41061755146262185 0.3928571428571429 0.03683640303358613 0.061688311688311695
1 0.48970747562296857 0.4277597402597403 0.041170097508125676 0.05032467532467533
1 0.562296858071506 0.463474025974026 0.023835319609967497 0.04707792207792208
1 0.6083423618634886 0.4553571428571429 0.0704225352112676 0.07305194805194806
1 0.8163596966413867 0.510551948051948 0.1635969664138678 0.06980519480519481
1 0.9312026002166847 0.510551948051948 0.06175514626218851 0.09253246753246754
0 0.09696641386782232 0.16152597402597405 0.18309859154929575 0.3133116883116883
