1 0.1864705882352941 0.6930926216640503 0.3494117647058823 0.30298273155416017
1 0.8052941176470587 0.6860282574568289 0.13058823529411764 0.19152276295133439
1 0.398235294117647 0.5368916797488227 0.26941176470588235 0.06279434850863423
1 0.7617647058823529 0.4058084772370487 0.2929411764705882 0.03610675039246468
1 0.5735294117647058 0.5729984301412873 0.041176470588235294 0.06907378335949765
1 0.6229411764705882 0.6766091051805337 0.01764705882352941 0.04395604395604396
1 0.01588235294117647 0.41051805337519626 0.024705882352941175 0.023547880690737835
1 0.23470588235294115 0.4058084772370487 0.02941176470588235 0.017268445839874413
1 0.9735294117647058 0.41915227629513346 0.04823529411764706 0.012558869701726845
1 0.2576470588235294 0.43799058084772374 0.03529411764705882 0.015698587127158558
1 0.2711764705882353 0.4599686028257457 0.06235294117647058 0.0282574568288854
1 0.3558823529411764 0.4521193092621664 0.041176470588235294 0.01883830455259027
1 0.36529411764705877 0.4921507064364207 0.02941176470588235 0.023547880690737835
1 0.4270588235294117 0.4984301412872842 0.04470588235294117 0.023547880690737835
1 0.22294117647058823 0.489795918367347 0.01764705882352941 0.02511773940345369
1 0.6170588235294117 0.7912087912087913 0.07647058823529411 0.11616954474097332
0 0.19999999999999998 0.304552590266876 0.3576470588235294 0.2668759811616955
0 0.7505882352941176 0.2967032967032967 0.4517647058823529 0.1946624803767661
