1 0.0671875 0.9034090909090909 0.08125 0.1590909090909091
1 0.49921875000000004 0.32954545454545453 0.07968750000000001 0.26704545454545453
1 0.37812500000000004 0.4630681818181818 0.1375 0.1534090909090909
1 0.46640625 0.6178977272727273 0.1265625 0.13920454545454547
1 0.503125 0.7769886363636364 0.16562500000000002 0.15625
1 0.66328125 0.9289772727272727 0.0859375 0.08522727272727273
1 0.82578125 0.5440340909090909 0.0890625 0.11079545454545454
1 0.69140625 0.49573863636363635 0.0328125 0.07102272727272728
1 0.6671875 0.6150568181818182 0.03125 0.05397727272727273
0 0.6414062500000001 0.39772727272727276 0.15781250000000002 0.35795454545454547
