1 0.379127358490566 0.40208333333333335 0.0955188679245283 0.17916666666666667
1 0.46344339622641506 0.49166666666666664 0.03773584905660377 0.05
1 0.5807783018867925 0.5385416666666667 0.0955188679245283 0.06458333333333333
1 0.6704009433962264 0.5625 0.01061320754716981 0.020833333333333332
1 0.816627358490566 0.5197916666666667 0.03419811320754717 0.06875
1 0.16450471698113206 0.03854166666666667 0.02712264150943396 0.03958333333333333
1 0.2688679245283019 0.11770833333333333 0.14622641509433962 0.10625
1 0.34964622641509435 0.21666666666666667 0.04363207547169811 0.058333333333333334
0 0.3307783018867924 0.29270833333333335 0.6450471698113207 0.5604166666666667
1 0.40094339622641506 0.134375 0.01650943396226415 0.03958333333333333
1 0.4257075471698113 0.11354166666666667 0.014150943396226415 0.01875
