1 0.109765625 0.6180555555555556 0.03515625 0.06944444444444445
1 0.0125 0.6520833333333333 0.021875000000000002 0.03194444444444445
1 0.015625 0.45069444444444445 0.0140625 0.018055555555555557
1 0.060546875 0.4486111111111111 0.01171875 0.016666666666666666
1 0.103515625 0.4201388888888889 0.01015625 0.02638888888888889
1 0.640625 0.40902777777777777 0.015625 0.018055555555555557
1 0.6722656250000001 0.3840277777777778 0.01171875 0.018055555555555557
1 0.7484375000000001 0.3263888888888889 0.0734375 0.058333333333333334
1 0.9476562500000001 0.19444444444444445 0.035937500000000004 0.022222222222222223
1 0.907421875 0.19583333333333333 0.01015625 0.02777777777777778
0 0.498046875 0.3527777777777778 0.9851562500000001 0.6861111111111111
