0 0.25363636363636366 0.3344103392568659 0.12727272727272726 0.4555735056542811
0 0.4381818181818182 0.44264943457189015 0.08181818181818182 0.07431340872374799
0 0.5081818181818182 0.438610662358643 0.04727272727272727 0.05977382875605816
0 0.6027272727272728 0.39256865912762523 0.1709090909090909 0.35864297253634897
0 0.7913636363636364 0.4079159935379645 0.05909090909090909 0.15993537964458807
0 0.8413636363636363 0.43053311793214866 0.03909090909090909 0.05654281098546042
0 0.8977272727272727 0.4273021001615509 0.022727272727272728 0.07592891760904685
0 0.95 0.4087237479806139 0.04 0.15508885298869146
0 0.7168181818181818 0.44022617124394187 0.05181818181818182 0.053311793214862686
0 0.7518181818181818 0.43134087237479807 0.02 0.05815831987075929
