1 0.0328125 0.45555555555555555 0.0421875 0.03888888888888889
1 0.12812500000000002 0.38958333333333334 0.0140625 0.05416666666666667
1 0.032421875 0.6354166666666667 0.01953125 0.034722222222222224
1 0.1171875 0.6013888888888889 0.0171875 0.03333333333333333
1 0.7074218750000001 0.36180555555555555 0.08359375000000001 0.07083333333333333
1 0.798046875 0.3055555555555556 0.07890625000000001 0.061111111111111116
1 0.86484375 0.23958333333333334 0.025 0.02361111111111111
1 0.935546875 0.20625000000000002 0.06015625 0.0375
0 0.500390625 0.37222222222222223 0.98984375 0.7277777777777779
1 0.594140625 0.4395833333333333 0.013281250000000001 0.020833333333333336
