1 0.19970703125 0.42643229166666663 0.0732421875 0.18359375
1 0.46484375 0.5481770833333333 0.365234375 0.17708333333333331
1 0.7939453125 0.58984375 0.169921875 0.14322916666666666
1 0.49169921875 0.36588541666666663 0.0673828125 0.1171875
1 0.58544921875 0.30533854166666663 0.0595703125 0.13932291666666666
1 0.69091796875 0.31640625 0.0654296875 0.06770833333333333
1 0.68994140625 0.06705729166666666 0.0322265625 0.12369791666666666
1 0.82861328125 0.3196614583333333 0.0869140625 0.07161458333333333
1 0.8154296875 0.396484375 0.078125 0.04036458333333333
0 0.2744140625 0.3782552083333333 0.087890625 0.18880208333333331
0 0.541015625 0.25455729166666663 0.7578125 0.4934895833333333
