1 0.008984375000000001 0.6034722222222223 0.014843750000000001 0.02361111111111111
1 0.069140625 0.6083333333333334 0.01640625 0.022222222222222223
1 0.121484375 0.5972222222222222 0.01171875 0.030555555555555558
1 0.074609375 0.43472222222222223 0.02109375 0.022222222222222223
1 0.09921875000000001 0.39861111111111114 0.0125 0.025
1 0.732421875 0.3368055555555556 0.039843750000000004 0.04027777777777778
1 0.84375 0.24583333333333335 0.0171875 0.022222222222222223
1 0.8539062500000001 0.23333333333333334 0.0 0.0
1 0.890234375 0.20833333333333334 0.039843750000000004 0.03333333333333333
1 0.9574218750000001 0.18680555555555556 0.07265625 0.034722222222222224
0 0.49726562500000004 0.3666666666666667 0.9867187500000001 0.7222222222222222
