1 0.34687500000000004 0.576388888888889 0.0390625 0.058333333333333334
1 0.38398437500000004 0.5618055555555556 0.025781250000000002 0.018055555555555557
1 0.41523437500000004 0.6131944444444445 0.06328125 0.07916666666666666
1 0.41953125 0.5652777777777778 0.0140625 0.016666666666666666
1 0.466796875 0.5729166666666667 0.05234375 0.029166666666666667
1 0.46210937500000004 0.6236111111111111 0.02109375 0.019444444444444445
1 0.5734375 0.5993055555555555 0.07500000000000001 0.05694444444444444
1 0.43398437500000003 0.6833333333333333 0.030468750000000003 0.0638888888888889
1 0.6359375 0.6055555555555556 0.018750000000000003 0.022222222222222223
1 0.67890625 0.5888888888888889 0.026562500000000003 0.025
1 0.8093750000000001 0.5423611111111112 0.018750000000000003 0.02361111111111111
0 0.6203125 0.37569444444444444 0.7125 0.7208333333333333
