0 0.07265625 0.6097222222222223 0.009375000000000001 0.02777777777777778
0 0.12070312500000001 0.6006944444444444 0.00859375 0.03194444444444445
0 0.6667968750000001 0.38125000000000003 0.01015625 0.018055555555555557
0 0.694921875 0.36944444444444446 0.01640625 0.022222222222222223
0 0.7449218750000001 0.3263888888888889 0.07421875 0.05555555555555556
0 0.8484375000000001 0.24444444444444446 0.0125 0.022222222222222223
0 0.878515625 0.22430555555555556 0.02734375 0.02638888888888889
0 0.940625 0.19444444444444445 0.028125 0.019444444444444445
0 0.983984375 0.1763888888888889 0.02734375 0.02777777777777778
0 0.494921875 0.3666666666666667 0.97578125 0.7166666666666667
