0 0.76875 0.4084507042253521 0.040625 0.0892018779342723
0 0.475 0.06338028169014084 0.046875 0.0892018779342723
0 0.68125 0.2981220657276995 0.028125 0.028169014084507043
0 0.85625 0.14906103286384975 0.046875 0.2605633802816901
0 0.61171875 0.18544600938967137 0.0328125 0.056338028169014086
0 0.609375 0.08685446009389672 0.03125 0.056338028169014086
0 0.68359375 0.18192488262910797 0.0203125 0.03990610328638498
0 0.6828125 0.38380281690140844 0.015625 0.04929577464788732
0 0.53671875 0.08215962441314555 0.0296875 0.046948356807511735
0 0.81796875 0.4894366197183099 0.0390625 0.04929577464788732
0 0.621875 0.4812206572769953 0.021875 0.03755868544600939
