0 0.8429951690821256 0.4982142857142857 0.09178743961352658 0.16785714285714284
0 0.644927536231884 0.7660714285714286 0.0821256038647343 0.175
0 0.644927536231884 0.5 0.06280193236714976 0.17142857142857143
0 0.8502415458937198 0.7642857142857142 0.07729468599033816 0.16428571428571428
0 0.0966183574879227 0.5071428571428571 0.06763285024154589 0.15
0 0.4613526570048309 0.5071428571428571 0.06280193236714976 0.16428571428571428
0 0.27294685990338163 0.5035714285714286 0.06280193236714976 0.15
0 0.2826086956521739 0.7696428571428572 0.07246376811594203 0.15357142857142858
0 0.4492753623188406 0.7839285714285714 0.06763285024154589 0.13214285714285715
0 0.8333333333333334 0.2892857142857143 0.05314009661835749 0.09285714285714286
0 0.644927536231884 0.29464285714285715 0.05314009661835749 0.08214285714285714
0 0.10386473429951691 0.7714285714285715 0.06280193236714976 0.15
