0 0.258974358974359 0.7321428571428571 0.03076923076923077 0.16428571428571428
0 0.732051282051282 0.7267857142857143 0.03333333333333333 0.16785714285714284
0 0.8487179487179487 0.6142857142857143 0.035897435897435895 0.19285714285714287
0 0.9641025641025641 0.7446428571428572 0.03076923076923077 0.13214285714285715
0 0.14743589743589744 0.6142857142857143 0.03333333333333333 0.19285714285714287
0 0.558974358974359 0.75 0.03076923076923077 0.14285714285714285
0 0.03205128205128205 0.7446428571428572 0.03333333333333333 0.125
0 0.4269230769230769 0.75 0.028205128205128206 0.1357142857142857
0 0.9179487179487179 0.6142857142857143 0.020512820512820513 0.07857142857142857
0 0.34615384615384615 0.7125 0.020512820512820513 0.08214285714285714
