0 0.08333333333333333 0.6 0.038461538461538464 0.10714285714285714
0 0.9641025641025641 0.6517857142857143 0.046153846153846156 0.1392857142857143
0 0.7487179487179487 0.6517857142857143 0.041025641025641026 0.11071428571428571
0 0.491025641025641 0.5785714285714286 0.04358974358974359 0.15
0 0.8807692307692307 0.7642857142857142 0.03333333333333333 0.07857142857142857
0 0.26666666666666666 0.5625 0.041025641025641026 0.15357142857142858
0 0.020512820512820513 0.4517857142857143 0.03076923076923077 0.09642857142857143
0 0.3128205128205128 0.5607142857142857 0.035897435897435895 0.15714285714285714
0 0.8205128205128205 0.6 0.035897435897435895 0.17857142857142858
0 0.8576923076923076 0.6642857142857143 0.028205128205128206 0.08571428571428572
