0 0.163 0.4196185286103542 0.058 0.08174386920980926
0 0.092 0.5885558583106267 0.068 0.08719346049046321
0 0.864 0.4264305177111717 0.028 0.08991825613079019
0 0.377 0.2956403269754768 0.03 0.06267029972752043
0 0.949 0.48501362397820164 0.05 0.11989100817438691
0 0.237 0.4196185286103542 0.03 0.05994550408719346
0 0.781 0.38283378746594005 0.022 0.05722070844686648
0 0.334 0.3446866485013624 0.02 0.04087193460490463
0 0.812 0.4427792915531335 0.024 0.05722070844686648
0 0.433 0.28610354223433243 0.018 0.043596730245231606
0 0.736 0.34332425068119893 0.028 0.043596730245231606
0 0.458 0.3310626702997275 0.032 0.05722070844686648
0 0.664 0.3215258855585831 0.024 0.03814713896457766
0 0.629 0.3079019073569482 0.026 0.04904632152588556
0 0.7 0.3201634877384196 0.04 0.035422343324250684
0 0.411 0.26975476839237056 0.014 0.027247956403269755
0 0.497 0.3133514986376022 0.034 0.027247956403269755
