0 0.1282051282051282 0.8089285714285714 0.03076923076923077 0.05357142857142857
0 0.22435897435897437 0.6107142857142858 0.03333333333333333 0.08571428571428572
0 0.29615384615384616 0.7857142857142857 0.028205128205128206 0.06428571428571428
0 0.6461538461538462 0.6071428571428571 0.02564102564102564 0.07857142857142857
0 0.6576923076923077 0.7821428571428571 0.023076923076923078 0.05714285714285714
0 0.5461538461538461 0.6035714285714285 0.02564102564102564 0.1
0 0.8666666666666667 0.6089285714285714 0.03076923076923077 0.075
0 0.12564102564102564 0.6232142857142857 0.03076923076923077 0.060714285714285714
0 0.7461538461538462 0.6017857142857143 0.03076923076923077 0.08214285714285714
0 0.44358974358974357 0.6107142857142858 0.02564102564102564 0.08571428571428572
0 0.8897435897435897 0.7857142857142857 0.03076923076923077 0.06428571428571428
0 0.3423076923076923 0.6142857142857143 0.028205128205128206 0.07142857142857142
0 0.5230769230769231 0.7946428571428571 0.020512820512820513 0.05357142857142857
