0 0.34541062801932365 0.46816770186335405 0.057971014492753624 0.03260869565217391
0 0.29106280193236717 0.3951863354037267 0.03140096618357488 0.03881987577639751
0 0.5857487922705314 0.9736024844720497 0.04106280193236715 0.024844720496894408
0 0.7185990338164251 0.6125776397515528 0.050724637681159424 0.026397515527950312
0 0.3502415458937198 0.7942546583850931 0.04830917874396135 0.020186335403726708
0 0.21497584541062803 0.8291925465838509 0.033816425120772944 0.08695652173913043
0 0.29106280193236717 0.7569875776397516 0.026570048309178744 0.026397515527950312
0 0.5772946859903382 0.7608695652173914 0.033816425120772944 0.018633540372670808
0 0.3502415458937198 0.8641304347826086 0.043478260869565216 0.023291925465838508
0 0.7475845410628019 0.20031055900621117 0.18115942028985507 0.06832298136645963
0 0.33816425120772947 0.6847826086956522 0.024154589371980676 0.024844720496894408
0 0.21618357487922704 0.7336956521739131 0.036231884057971016 0.04192546583850932
0 0.572463768115942 0.8664596273291926 0.03864734299516908 0.018633540372670808
0 0.15217391304347827 0.8819875776397516 0.043478260869565216 0.062111801242236024
0 0.34903381642512077 0.29037267080745344 0.050724637681159424 0.034161490683229816
0 0.21980676328502416 0.6653726708074534 0.033816425120772944 0.03881987577639751
0 0.5772946859903382 0.2608695652173913 0.05314009661835749 0.027950310559006212
0 0.28743961352657005 0.5520186335403726 0.028985507246376812 0.03881987577639751
0 0.8490338164251208 0.7903726708074534 0.04589371980676329 0.12422360248447205
0 0.28743961352657005 0.6847826086956522 0.024154589371980676 0.024844720496894408
0 0.8526570048309179 0.9479813664596274 0.043478260869565216 0.04503105590062112
0 0.5809178743961353 0.8315217391304348 0.021739130434782608 0.017080745341614908
