0 0.2672727272727273 0.5610376398779248 0.04727272727272727 0.04984740590030519
0 0.51 0.728382502543235 0.06 0.056968463886063074
0 0.2672727272727273 0.6439471007121058 0.05090909090909091 0.056968463886063074
0 0.5081818181818182 0.6398779247202442 0.05272727272727273 0.0508646998982706
0 0.38545454545454544 0.6444557477110885 0.05090909090909091 0.05595116988809766
0 0.14545454545454545 0.9023397761953205 0.05454545454545454 0.044760935910478125
0 0.6227272727272727 0.638351983723296 0.05272727272727273 0.04984740590030519
0 0.1509090909090909 0.6444557477110885 0.04 0.05188199389623601
0 0.73 0.5610376398779248 0.05272727272727273 0.05188199389623601
0 0.730909090909091 0.6398779247202442 0.05454545454545454 0.052899287894201424
0 0.35545454545454547 0.18921668362156663 0.25272727272727274 0.20142421159715157
0 0.15272727272727274 0.5564598168870803 0.04727272727272727 0.04679552390640895
0 0.38272727272727275 0.5620549338758901 0.045454545454545456 0.04984740590030519
0 0.6672727272727272 0.46286876907426244 0.26545454545454544 0.03662258392675483
0 0.3927272727272727 0.8118006103763988 0.04 0.014242115971515769
