0 0.33 0.7514970059880239 0.048 0.05389221556886228
0 0.579 0.6841317365269461 0.062 0.05089820359281437
0 0.466 0.7200598802395209 0.044 0.05688622754491018
0 0.162 0.8008982035928144 0.048 0.05089820359281437
0 0.656 0.6691616766467066 0.048 0.04491017964071856
0 0.095 0.688622754491018 0.034 0.03592814371257485
0 0.798 0.6302395209580839 0.04 0.06287425149700598
0 0.739 0.655688622754491 0.03 0.041916167664670656
0 0.862 0.6302395209580839 0.02 0.03293413173652695
0 0.224 0.6676646706586826 0.032 0.029940119760479042
