0.000000000000000000e+00 4.372395833333333481e-01 4.453703703703703609e-01 2.552083333333333287e-02 7.037037037037037479e-02
0.000000000000000000e+00 4.596354166666666852e-01 4.597222222222221988e-01 1.927083333333333426e-02 5.092592592592592310e-02
0.000000000000000000e+00 4.755208333333333370e-01 5.106481481481481843e-01 7.499999999999999722e-02 6.018518518518518184e-02
0.000000000000000000e+00 4.989583333333333370e-01 5.638888888888888840e-01 6.562500000000000278e-02 5.000000000000000278e-02
0.000000000000000000e+00 4.955729166666666408e-01 6.305555555555555358e-01 7.343750000000000278e-02 8.148148148148148806e-02
0.000000000000000000e+00 5.770833333333332815e-01 5.689814814814815325e-01 1.562500000000000000e-02 5.462962962962963215e-02
0.000000000000000000e+00 5.937500000000000000e-01 5.805555555555556024e-01 1.250000000000000069e-02 4.259259259259259162e-02
0.000000000000000000e+00 5.971354166666666963e-01 6.699074074074073959e-01 1.822916666666666782e-02 3.611111111111110772e-02
0.000000000000000000e+00 6.059895833333333037e-01 6.949074074074074181e-01 3.177083333333333148e-02 2.870370370370370350e-02
0.000000000000000000e+00 5.953125000000000222e-01 7.444444444444444642e-01 1.979166666666666574e-02 5.370370370370370489e-02
0.000000000000000000e+00 5.684895833333333259e-01 4.773148148148148029e-01 2.135416666666666713e-02 1.759259259259259370e-02
