0.000000000000000000e+00 6.498673740053050041e-02 1.867469879518072196e-01 7.692307692307692735e-02 9.236947791164658306e-02
0.000000000000000000e+00 1.538461538461538547e-01 2.068273092369477817e-01 8.488063660477453143e-02 2.289156626506023973e-01
0.000000000000000000e+00 9.549071618037134612e-02 3.032128514056224855e-01 4.244031830238726571e-02 5.220883534136545878e-02
0.000000000000000000e+00 1.896551724137930939e-01 3.574297188755020116e-01 5.039787798408488367e-02 8.032128514056224855e-02
0.000000000000000000e+00 5.305039787798409012e-01 2.128514056224899698e-01 6.631299734748010710e-01 4.176706827309236703e-01
0.000000000000000000e+00 6.180371352785145600e-01 4.618473895582329569e-01 1.538461538461538547e-01 9.638554216867470381e-02
0.000000000000000000e+00 9.257294429708222694e-01 4.337349397590361533e-01 1.220159151193633967e-01 4.016064257028112428e-01
0.000000000000000000e+00 7.718832891246684147e-01 5.261044176706827225e-01 1.803713527851458776e-01 2.168674698795180766e-01
0.000000000000000000e+00 7.586206896551723755e-01 7.208835341365461558e-01 3.395225464190981257e-01 1.807228915662650592e-01
0.000000000000000000e+00 6.962864721485411135e-01 8.393574297188755029e-01 2.785145888594164343e-01 5.622489959839357260e-02
