0.000000000000000000e+00 9.948979591836734637e-02 4.223856209150326779e-01 1.632653061224489666e-01 1.127450980392156882e-01
0.000000000000000000e+00 1.900510204081632681e-01 1.830065359477124065e-01 1.173469387755102095e-01 7.843137254901960675e-02
0.000000000000000000e+00 1.090561224489795950e-01 3.398692810457516478e-01 8.290816326530611735e-02 6.209150326797385766e-02
0.000000000000000000e+00 4.968112244897959218e-01 4.117647058823529216e-01 2.334183673469387710e-01 1.830065359477124065e-01
0.000000000000000000e+00 3.565051020408163129e-01 6.511437908496732208e-01 4.209183673469387571e-02 6.045751633986928136e-02
0.000000000000000000e+00 7.672193877551020114e-01 5.433006535947711990e-01 8.035714285714286309e-02 3.758169934640522708e-02
0.000000000000000000e+00 9.056122448979592177e-01 4.967320261437908613e-01 2.806122448979591830e-02 2.614379084967320341e-02
0.000000000000000000e+00 9.011479591836735192e-01 5.759803921568626972e-01 2.678571428571428423e-02 3.104575163398692883e-02
0.000000000000000000e+00 9.451530612244898322e-01 5.988562091503267792e-01 2.295918367346938896e-02 3.104575163398692883e-02
0.000000000000000000e+00 6.352040816326530726e-01 6.266339869281045694e-01 2.040816326530612082e-02 3.758169934640522708e-02
