0.000000000000000000e+00 6.234374999999999778e-01 7.087962962962962576e-01 8.229166666666666574e-02 2.379629629629629595e-01
0.000000000000000000e+00 6.359375000000000444e-01 4.865740740740740478e-01 6.041666666666666713e-02 2.138888888888888784e-01
0.000000000000000000e+00 6.755208333333333481e-01 3.384259259259259078e-01 3.333333333333333287e-02 1.324074074074074181e-01
0.000000000000000000e+00 5.630208333333333037e-01 7.722222222222222543e-01 4.479166666666666713e-02 7.037037037037037479e-02
0.000000000000000000e+00 6.893229166666666741e-01 7.865740740740740922e-01 5.781250000000000278e-02 1.824074074074074070e-01
0.000000000000000000e+00 7.322916666666666741e-01 8.495370370370370905e-01 3.645833333333333565e-02 8.981481481481481954e-02
0.000000000000000000e+00 8.119791666666666963e-01 7.851851851851852082e-01 1.354166666666666574e-01 1.611111111111111216e-01
0.000000000000000000e+00 8.330729166666667185e-01 6.555555555555555580e-01 9.322916666666666852e-02 9.814814814814815103e-02
0.000000000000000000e+00 8.565104166666667185e-01 5.518518518518518157e-01 5.572916666666666990e-02 1.055555555555555552e-01
0.000000000000000000e+00 9.000000000000000222e-01 6.490740740740740256e-01 4.270833333333333426e-02 1.870370370370370294e-01
