0.000000000000000000e+00 2.093750000000000056e-01 1.680555555555555691e-01 6.041666666666666713e-02 9.351851851851851471e-02
0.000000000000000000e+00 2.544270833333333592e-01 1.587962962962962965e-01 3.697916666666666713e-02 3.425925925925926013e-02
0.000000000000000000e+00 2.552083333333333148e-01 1.995370370370370405e-01 3.333333333333333287e-02 2.129629629629629581e-02
0.000000000000000000e+00 2.361979166666666741e-01 2.703703703703703720e-01 1.822916666666666782e-02 4.259259259259259162e-02
0.000000000000000000e+00 4.880208333333333481e-01 3.287037037037037202e-01 3.437500000000000278e-02 6.851851851851852027e-02
0.000000000000000000e+00 4.906249999999999778e-01 3.861111111111111271e-01 2.187499999999999861e-02 4.074074074074074403e-02
0.000000000000000000e+00 5.257812499999999778e-01 4.106481481481481510e-01 4.218750000000000278e-02 2.870370370370370350e-02
0.000000000000000000e+00 4.716145833333333370e-01 2.546296296296296502e-01 1.718750000000000139e-02 1.666666666666666644e-02
0.000000000000000000e+00 5.739583333333333481e-01 2.824074074074073848e-01 2.291666666666666505e-02 2.407407407407407413e-02
0.000000000000000000e+00 5.320312499999999556e-01 2.824074074074073848e-01 1.093749999999999931e-02 2.037037037037037202e-02
0.000000000000000000e+00 4.739583333333333148e-01 4.000000000000000222e-01 1.145833333333333252e-02 2.407407407407407413e-02
0.000000000000000000e+00 6.257812499999999556e-01 2.805555555555555580e-01 8.854166666666666435e-03 3.333333333333333287e-02
0.000000000000000000e+00 6.835937500000000000e-01 2.958333333333333370e-01 3.697916666666666713e-02 3.425925925925926013e-02
0.000000000000000000e+00 5.966145833333332815e-01 4.106481481481481510e-01 1.822916666666666782e-02 1.203703703703703706e-02
