0.000000000000000000e+00 2.638136511375948068e-01 2.279929577464788748e-01 7.042253521126760896e-02 9.330985915492957805e-02
0.000000000000000000e+00 2.594799566630552334e-01 1.443661971830985935e-01 2.491874322860238369e-02 7.394366197183098455e-02
0.000000000000000000e+00 2.946912242686890449e-01 1.029929577464788748e-01 6.283856988082339723e-02 5.457746478873239104e-02
0.000000000000000000e+00 3.039003250270855827e-01 1.910211267605633756e-01 4.225352112676056260e-02 8.274647887323943740e-02
0.000000000000000000e+00 2.919826652221018670e-01 3.160211267605633756e-01 1.007583965330444142e-01 9.330985915492957805e-02
0.000000000000000000e+00 3.136511375947995672e-01 3.846830985915493106e-01 7.475622968580715455e-02 1.003521126760563431e-01
0.000000000000000000e+00 3.374864572047670541e-01 4.841549295774648098e-01 3.358613217768147141e-02 1.021126760563380309e-01
0.000000000000000000e+00 3.347778981581798208e-01 6.302816901408451189e-01 2.600216684723727009e-02 6.338028169014084390e-02
0.000000000000000000e+00 3.851570964247020834e-01 6.285211267605633756e-01 6.392199349945829057e-02 1.302816901408450634e-01
0.000000000000000000e+00 4.474539544962080062e-01 6.610915492957746276e-01 6.067172264355363137e-02 7.570422535211267234e-02
0.000000000000000000e+00 4.268689057421451993e-01 7.218309859154929953e-01 8.017334777898157960e-02 3.521126760563380448e-02
0.000000000000000000e+00 3.358613217768147141e-01 7.403169014084507449e-01 3.466955579631635781e-02 9.683098591549295364e-02
0.000000000000000000e+00 3.347778981581798208e-01 8.045774647887323772e-01 3.250270855904658501e-02 2.112676056338028130e-02
0.000000000000000000e+00 4.295774647887323772e-01 8.169014084507042472e-01 3.791982665222101700e-02 4.929577464788732072e-02
