0.000000000000000000e+00 5.230000000000000204e-01 2.818181818181818010e-01 7.799999999999999989e-02 3.030303030303030387e-02
0.000000000000000000e+00 5.999999999999999778e-01 2.727272727272727071e-01 7.199999999999999456e-02 4.848484848484848481e-02
0.000000000000000000e+00 7.189999999999999725e-01 2.757575757575757569e-01 1.400000000000000029e-02 3.636363636363636187e-02
0.000000000000000000e+00 7.029999999999999583e-01 2.893939393939393701e-01 2.599999999999999881e-02 1.515151515151515194e-02
0.000000000000000000e+00 9.600000000000000200e-02 6.666666666666666297e-01 4.800000000000000100e-02 1.818181818181818094e-02
0.000000000000000000e+00 1.429999999999999882e-01 6.545454545454545414e-01 3.799999999999999906e-02 3.030303030303030387e-02
0.000000000000000000e+00 1.900000000000000022e-01 6.681818181818182101e-01 4.399999999999999745e-02 6.363636363636362980e-02
0.000000000000000000e+00 2.909999999999999809e-01 6.742424242424241987e-01 3.799999999999999906e-02 2.727272727272727140e-02
0.000000000000000000e+00 3.719999999999999973e-01 6.515151515151514916e-01 8.000000000000000167e-02 1.151515151515151575e-01
0.000000000000000000e+00 6.530000000000000249e-01 7.712121212121212377e-01 5.800000000000000294e-02 3.939393939393939087e-02
0.000000000000000000e+00 7.249999999999999778e-01 7.151515151515152047e-01 2.999999999999999889e-02 1.393939393939394034e-01
0.000000000000000000e+00 6.989999999999999547e-01 7.651515151515151381e-01 2.599999999999999881e-02 6.969696969696970168e-02
0.000000000000000000e+00 7.620000000000000107e-01 7.166666666666666741e-01 3.599999999999999728e-02 9.393939393939393367e-02
0.000000000000000000e+00 7.950000000000000400e-01 7.378787878787879118e-01 2.599999999999999881e-02 5.151515151515151381e-02
0.000000000000000000e+00 8.239999999999999547e-01 7.454545454545454808e-01 2.000000000000000042e-02 6.060606060606060774e-02
0.000000000000000000e+00 8.449999999999999734e-01 7.924242424242424754e-01 2.199999999999999872e-02 5.757575757575757874e-02
