0.000000000000000000e+00 6.328124999999999722e-02 8.820459290187891988e-01 4.843750000000000139e-02 3.966597077244259084e-02
0.000000000000000000e+00 3.171875000000000111e-01 7.672233820459289921e-01 4.374999999999999722e-02 3.966597077244259084e-02
0.000000000000000000e+00 4.046874999999999778e-01 7.974947807933193689e-01 1.218749999999999972e-01 1.670146137787056340e-01
0.000000000000000000e+00 4.859375000000000222e-01 7.734864300626305145e-01 8.749999999999999445e-02 1.858037578288100344e-01
0.000000000000000000e+00 5.257812499999999778e-01 6.200417536534447160e-01 6.718749999999999722e-02 1.169102296450939410e-01
0.000000000000000000e+00 6.312499999999999778e-01 7.745302713987474164e-01 1.937500000000000056e-01 2.338204592901878820e-01
0.000000000000000000e+00 6.718750000000000000e-01 6.242171189979123236e-01 1.375000000000000111e-01 7.515657620041753251e-02
0.000000000000000000e+00 7.804687500000000444e-01 7.713987473903967107e-01 1.203125000000000028e-01 1.482254697286012612e-01
0.000000000000000000e+00 8.289062499999999556e-01 8.559498956158664296e-01 7.343750000000000278e-02 2.087682672233820425e-02
0.000000000000000000e+00 8.515625000000000000e-01 7.244258872651356818e-01 3.437500000000000278e-02 7.933194154488518168e-02
0.000000000000000000e+00 9.109374999999999556e-01 8.089770354906054006e-01 5.312499999999999861e-02 7.724425887265135016e-02
0.000000000000000000e+00 9.484375000000000444e-01 7.192066805845511723e-01 7.812500000000000000e-02 6.054279749478079509e-02
