0.000000000000000000e+00 6.727272727272727293e-01 6.348039215686274161e-01 3.318181818181818454e-01 2.500000000000000000e-01
0.000000000000000000e+00 8.284090909090908728e-01 7.450980392156862919e-01 3.204545454545454364e-01 2.222222222222222099e-01
0.000000000000000000e+00 9.545454545454545858e-01 8.700980392156862919e-01 8.181818181818181768e-02 2.777777777777777624e-02
0.000000000000000000e+00 5.636363636363636020e-01 1.748366013071895320e-01 5.000000000000000278e-02 5.555555555555555247e-02
0.000000000000000000e+00 5.863636363636363091e-01 2.173202614379085018e-01 5.909090909090908977e-02 8.496732026143791194e-02
0.000000000000000000e+00 4.068181818181818010e-01 2.638888888888888951e-01 5.909090909090908977e-02 3.104575163398692883e-02
0.000000000000000000e+00 4.931818181818181657e-01 2.361111111111111049e-01 4.545454545454545581e-02 1.797385620915032539e-02
0.000000000000000000e+00 4.954545454545454808e-01 2.647058823529411797e-01 4.545454545454545581e-02 1.633986928104575256e-02
0.000000000000000000e+00 7.238636363636363757e-01 2.908496732026144005e-01 3.409090909090908839e-02 1.960784313725490169e-02
0.000000000000000000e+00 8.306818181818181879e-01 2.753267973856209361e-01 5.227272727272726932e-02 2.450980392156862711e-02
0.000000000000000000e+00 8.840909090909090384e-01 3.039215686274509554e-01 2.727272727272727140e-02 1.633986928104575256e-02
0.000000000000000000e+00 2.363636363636363591e-01 8.586601307189541954e-01 3.636363636363636187e-02 4.738562091503267792e-02
