0.000000000000000000e+00 4.768145161290322509e-01 6.010886469673405452e-01 4.032258064516128920e-02 1.041990668740279957e-01
0.000000000000000000e+00 2.449596774193548432e-01 6.267496111975117135e-01 3.629032258064516375e-02 4.354587869362364083e-02
0.000000000000000000e+00 5.327620967741935054e-01 7.604976671850699477e-01 2.923387096774193381e-02 6.220839813374805932e-02
0.000000000000000000e+00 8.800403225806451291e-01 4.253499222395023538e-01 6.653225806451612545e-02 7.620528771384137146e-02
0.000000000000000000e+00 9.243951612903226200e-01 4.976671850699844746e-01 7.258064516129032751e-02 7.153965785381026510e-02
0.000000000000000000e+00 7.268145161290322509e-01 5.715396578538102235e-01 2.822580645161290244e-02 4.510108864696733832e-02
0.000000000000000000e+00 2.510080645161290591e-01 8.452566096423017594e-01 6.451612903225806273e-02 1.399688958009331213e-02
0.000000000000000000e+00 3.351814516129032473e-01 8.258164852255054367e-01 1.512096774193548432e-02 3.110419906687402966e-02
0.000000000000000000e+00 3.755040322580645018e-01 8.180404354587869076e-01 4.939516129032257841e-02 2.177293934681182042e-02
0.000000000000000000e+00 5.700604838709677491e-01 7.192846034214619433e-01 3.729838709677419512e-02 1.710730948678071406e-02
0.000000000000000000e+00 1.890120967741935609e-01 8.530326594090201775e-01 4.133064516129032057e-02 1.399688958009331213e-02
0.000000000000000000e+00 5.715725806451612545e-01 8.623639191290823902e-01 4.233870967741935193e-02 1.088646967340591021e-02
0.000000000000000000e+00 4.944556451612903136e-01 8.561430793157076558e-01 3.125000000000000000e-02 1.399688958009331213e-02
0.000000000000000000e+00 5.655241935483871218e-01 5.046656298600310508e-01 5.241935483870967943e-02 5.443234836702955104e-02
0.000000000000000000e+00 7.585685483870967527e-01 5.217729393468117927e-01 2.721774193548387108e-02 2.332814930015552138e-02
0.000000000000000000e+00 7.011088709677418818e-01 4.471228615863141465e-01 1.915322580645161324e-02 3.265940902021773062e-02
0.000000000000000000e+00 6.804435483870967527e-01 9.043545878693624029e-01 2.016129032258064460e-02 2.954898911353032523e-02
0.000000000000000000e+00 7.313508064516128782e-01 9.051321928460341892e-01 3.326612903225806273e-02 2.177293934681182042e-02
0.000000000000000000e+00 5.181451612903226200e-01 5.816485225505443335e-01 1.411290322580645122e-02 5.287713841368584661e-02
0.000000000000000000e+00 5.539314516129032473e-01 6.671850699844479315e-01 1.310483870967741986e-02 2.799377916018662427e-02
0.000000000000000000e+00 5.020161290322581182e-01 7.138413685847589951e-01 2.620967741935483972e-02 1.244167962674961117e-02
