0.000000000000000000e+00 1.524999999999999967e-01 2.388888888888889006e-01 2.166666666666666741e-02 2.244444444444444464e-01
0.000000000000000000e+00 1.758333333333333415e-01 3.233333333333333059e-01 2.500000000000000139e-02 5.999999999999999778e-02
0.000000000000000000e+00 1.408333333333333381e-01 3.755555555555555314e-01 1.166666666666666720e-02 4.444444444444444614e-02
0.000000000000000000e+00 1.541666666666666741e-01 4.588888888888889017e-01 3.166666666666666935e-02 1.355555555555555680e-01
0.000000000000000000e+00 4.616666666666666696e-01 2.611111111111111271e-01 1.000000000000000056e-01 1.488888888888888762e-01
0.000000000000000000e+00 4.099999999999999756e-01 3.788888888888888862e-01 6.666666666666666574e-02 1.044444444444444509e-01
0.000000000000000000e+00 4.341666666666666452e-01 5.088888888888888351e-01 1.250000000000000000e-01 1.733333333333333393e-01
0.000000000000000000e+00 4.333333333333333481e-01 6.422222222222222499e-01 8.000000000000000167e-02 1.022222222222222282e-01
0.000000000000000000e+00 3.574999999999999845e-01 6.677777777777778034e-01 4.166666666666666435e-02 1.222222222222222182e-01
0.000000000000000000e+00 3.191666666666666541e-01 7.099999999999999645e-01 5.833333333333333426e-02 1.044444444444444509e-01
