0.000000000000000000e+00 2.744630071599045151e-01 4.562499999999999889e-01 1.002386634844868729e-01 1.208333333333333343e-01
0.000000000000000000e+00 2.684964200477327201e-01 3.645833333333333148e-01 5.011933174224343646e-02 7.083333333333333148e-02
0.000000000000000000e+00 2.959427207637231327e-01 5.604166666666666741e-01 1.241050119331742196e-01 8.749999999999999445e-02
0.000000000000000000e+00 3.281622911694510591e-01 6.500000000000000222e-01 9.785202863961814379e-02 1.000000000000000056e-01
0.000000000000000000e+00 3.090692124105011707e-01 7.312499999999999556e-01 1.026252983293556020e-01 6.250000000000000000e-02
0.000000000000000000e+00 3.961813842482100334e-01 7.479166666666666741e-01 7.637231503579952618e-02 5.416666666666666852e-02
0.000000000000000000e+00 4.737470167064439241e-01 7.624999999999999556e-01 7.875894988066825531e-02 5.833333333333333426e-02
0.000000000000000000e+00 4.021479713603818840e-01 6.624999999999999778e-01 5.011933174224343646e-02 6.666666666666666574e-02
0.000000000000000000e+00 4.534606205250596433e-01 4.874999999999999889e-01 8.114558472553699831e-02 1.166666666666666685e-01
0.000000000000000000e+00 4.737470167064439241e-01 5.979166666666666519e-01 1.312649164677804348e-01 9.583333333333333981e-02
0.000000000000000000e+00 4.665871121718376813e-01 6.729166666666667185e-01 7.398568019093078318e-02 5.416666666666666852e-02
