0.000000000000000000e+00 1.631944444444444475e-01 6.043841336116910767e-01 3.749999999999999861e-02 1.064718162839248389e-01
0.000000000000000000e+00 2.250000000000000056e-01 6.889352818371607956e-01 8.333333333333332871e-02 1.377870563674321591e-01
0.000000000000000000e+00 1.680555555555555691e-01 6.889352818371607956e-01 2.777777777777777624e-02 7.098121085594989721e-02
0.000000000000000000e+00 2.173611111111111160e-01 7.922755741127348594e-01 4.583333333333333010e-02 5.636743215031315285e-02
0.000000000000000000e+00 2.395833333333333426e-01 8.569937369519833315e-01 4.583333333333333010e-02 6.471816283924843038e-02
0.000000000000000000e+00 3.583333333333333370e-01 8.517745302713987110e-01 2.777777777777777624e-02 6.680584551148224803e-02
0.000000000000000000e+00 3.305555555555555469e-01 6.367432150313152572e-01 6.388888888888888395e-02 6.680584551148224803e-02
0.000000000000000000e+00 3.458333333333333259e-01 7.275574112734863874e-01 5.277777777777777762e-02 1.524008350730688965e-01
0.000000000000000000e+00 4.465277777777778012e-01 5.668058455114822758e-01 6.250000000000000000e-02 6.889352818371607956e-02
0.000000000000000000e+00 4.444444444444444198e-01 6.419624217118997667e-01 1.472222222222222265e-01 8.559498956158663463e-02
0.000000000000000000e+00 4.708333333333333259e-01 7.223382045929018780e-01 9.722222222222222376e-02 7.515657620041753251e-02
0.000000000000000000e+00 5.381944444444444198e-01 6.043841336116910767e-01 4.027777777777778040e-02 5.636743215031315285e-02
0.000000000000000000e+00 5.798611111111111605e-01 6.419624217118997667e-01 4.861111111111111188e-02 7.306889352818371486e-02
0.000000000000000000e+00 6.708333333333332815e-01 6.283924843423799311e-01 1.222222222222222182e-01 7.098121085594989721e-02
0.000000000000000000e+00 6.868055555555555580e-01 7.244258872651356818e-01 7.638888888888889506e-02 1.169102296450939410e-01
0.000000000000000000e+00 7.083333333333333703e-01 8.162839248434238248e-01 4.166666666666666435e-02 6.263048016701461274e-02
0.000000000000000000e+00 7.576388888888888618e-01 7.286012526096032893e-01 4.583333333333333010e-02 1.419624217118997944e-01
0.000000000000000000e+00 7.729166666666666963e-01 6.033402922755740638e-01 5.416666666666666852e-02 1.043841336116910212e-01
0.000000000000000000e+00 8.409722222222222321e-01 4.070981210855950105e-01 1.125000000000000028e-01 1.628392484342379987e-01
0.000000000000000000e+00 7.923611111111110716e-01 5.208768267223382598e-01 4.583333333333333010e-02 6.054279749478079509e-02
0.000000000000000000e+00 8.305555555555556024e-01 8.246346555323590399e-01 4.444444444444444614e-02 3.757828810020876625e-02
0.000000000000000000e+00 4.833333333333333370e-01 4.665970772442588621e-01 2.500000000000000139e-02 2.713987473903966760e-02
