0.000000000000000000e+00 8.354838709677419040e-01 5.186246418338108510e-01 1.268817204301075363e-01 1.776504297994269399e-01
0.000000000000000000e+00 8.827956989247311981e-01 6.547277936962750955e-01 8.817204301075268202e-02 9.455587392550143799e-02
0.000000000000000000e+00 9.666666666666666741e-01 6.532951289398281070e-01 6.666666666666666574e-02 1.031518624641833831e-01
0.000000000000000000e+00 6.602150537634408067e-01 7.636103151862464467e-01 2.580645161290322578e-02 6.590257879656159778e-02
0.000000000000000000e+00 7.161290322580645684e-01 7.808022922636103091e-01 9.032258064516128504e-02 6.017191977077363668e-02
0.000000000000000000e+00 4.741935483870967638e-01 6.934097421203437861e-01 2.795698924731182880e-02 8.022922636103152483e-02
0.000000000000000000e+00 4.365591397849462596e-01 7.994269340974211602e-01 3.440860215053763438e-02 4.584527220630372352e-02
0.000000000000000000e+00 4.709677419354838523e-01 8.538681948424068358e-01 3.440860215053763438e-02 1.031518624641833831e-01
0.000000000000000000e+00 5.204301075268816801e-01 9.183381088825215421e-01 8.172043010752688685e-02 4.871060171919770754e-02
0.000000000000000000e+00 6.161290322580644796e-01 9.570200573065902327e-01 1.182795698924731242e-01 5.157593123209169156e-02
0.000000000000000000e+00 6.967741935483870996e-01 9.641833810888251755e-01 1.720430107526881719e-02 6.590257879656159778e-02
0.000000000000000000e+00 7.258064516129032473e-01 7.191977077363896909e-01 3.225806451612903136e-02 4.011461318051576241e-02
0.000000000000000000e+00 3.483870967741935498e-01 8.696275071633238207e-01 4.731182795698924554e-02 7.736389684813753387e-02
0.000000000000000000e+00 3.870967741935483764e-01 8.796561604584527405e-01 2.580645161290322578e-02 6.303724928366762070e-02
0.000000000000000000e+00 4.064516129032257896e-01 8.954154727793696145e-01 2.150537634408602322e-02 2.005730659025788121e-02
0.000000000000000000e+00 3.784946236559139643e-01 9.699140401146131296e-01 1.677419354838709797e-01 5.444126074498567558e-02
0.000000000000000000e+00 2.225806451612903358e-01 8.452722063037249045e-01 4.946236559139784855e-02 1.146131805157593192e-01
0.000000000000000000e+00 2.569892473118279841e-01 9.183381088825215421e-01 7.526881720430107781e-02 7.163323782234956583e-02
0.000000000000000000e+00 2.913978494623655768e-01 7.722063037249283779e-01 8.387096774193548987e-02 8.309455587392550191e-02
0.000000000000000000e+00 3.118279569892472985e-02 6.404011461318052101e-01 5.806451612903226062e-02 2.836676217765042862e-01
0.000000000000000000e+00 6.451612903225806273e-02 7.908309455587392289e-01 5.591397849462365760e-02 1.318051575931231956e-01
0.000000000000000000e+00 2.795698924731182880e-02 9.054441260744985343e-01 5.161290322580645157e-02 1.031518624641833831e-01
0.000000000000000000e+00 7.526881720430107781e-02 9.555873925501432442e-01 6.881720430107526876e-02 6.017191977077363668e-02
0.000000000000000000e+00 1.150537634408602128e-01 8.567335243553008128e-01 4.086021505376344343e-02 5.730659025787965960e-02
0.000000000000000000e+00 2.591397849462365732e-01 9.756446991404011948e-01 6.666666666666666574e-02 3.151862464183381035e-02
0.000000000000000000e+00 3.645161290322580516e-01 7.793696275071633206e-01 4.946236559139784855e-02 4.584527220630372352e-02
0.000000000000000000e+00 2.688172043010752521e-01 7.063037249283667940e-01 4.731182795698924554e-02 2.578796561604584578e-02
0.000000000000000000e+00 5.473118279569892941e-01 6.719197707736389580e-01 3.225806451612903136e-02 2.578796561604584578e-02
0.000000000000000000e+00 9.139784946236558794e-01 8.008595988538681487e-01 1.032258064516129031e-01 5.444126074498567558e-02
0.000000000000000000e+00 9.591397849462365288e-01 5.630372492836676068e-01 6.881720430107526876e-02 7.736389684813753387e-02
0.000000000000000000e+00 9.247311827956988806e-02 5.114613180515759083e-01 6.451612903225806273e-02 5.444126074498567558e-02
