0.000000000000000000e+00 2.680288461538461453e-01 4.797421731123388544e-01 7.211538461538460898e-02 1.160220994475138073e-01
0.000000000000000000e+00 3.112980769230769273e-01 5.322283609576426988e-01 9.375000000000000000e-02 9.944751381215469199e-02
0.000000000000000000e+00 2.884615384615384359e-01 6.298342541436463549e-01 1.033653846153846090e-01 7.734806629834253822e-02
0.000000000000000000e+00 3.924278846153846367e-01 6.325966850828729227e-01 1.021634615384615363e-01 9.023941068139963717e-02
0.000000000000000000e+00 5.006009615384615641e-01 6.270718232044198981e-01 2.524038461538461592e-02 9.023941068139963717e-02
0.000000000000000000e+00 5.420673076923077094e-01 6.086556169429097052e-01 5.288461538461538408e-02 3.867403314917126911e-02
0.000000000000000000e+00 4.831730769230769273e-01 5.211786372007366497e-01 4.086538461538461592e-02 8.471454880294659873e-02
0.000000000000000000e+00 5.468750000000000000e-01 5.469613259668508753e-01 8.173076923076923184e-02 3.683241252302026092e-02
0.000000000000000000e+00 5.991586538461538547e-01 6.049723756906076888e-01 5.649038461538461592e-02 3.867403314917126911e-02
0.000000000000000000e+00 4.657451923076922906e-01 6.298342541436463549e-01 4.447115384615384776e-02 9.208103130755064536e-02
0.000000000000000000e+00 4.879807692307692180e-01 6.860036832412522712e-01 3.365384615384615224e-02 2.025782688766114212e-02
