0.000000000000000000e+00 1.363636363636363570e-02 4.671814671814671915e-01 2.272727272727272790e-02 1.081081081081081141e-01
0.000000000000000000e+00 6.818181818181817677e-02 5.752895752895752501e-01 4.545454545454545581e-02 7.722007722007721842e-02
0.000000000000000000e+00 2.272727272727272790e-02 5.945945945945946276e-01 4.090909090909090884e-02 1.389961389961389959e-01
0.000000000000000000e+00 1.318181818181818066e-01 5.926640926640927010e-01 8.181818181818181768e-02 1.737451737451737588e-01
0.000000000000000000e+00 1.602272727272727182e-01 4.440154440154440163e-01 2.954545454545454489e-02 7.722007722007721842e-02
0.000000000000000000e+00 2.079545454545454475e-01 5.868725868725869210e-01 7.045454545454545026e-02 1.853281853281853186e-01
0.000000000000000000e+00 3.034090909090909061e-01 5.830115830115829567e-01 1.250000000000000000e-01 1.776061776061776121e-01
0.000000000000000000e+00 2.170454545454545414e-01 4.575289575289575028e-01 6.136363636363636326e-02 7.335907335907336513e-02
0.000000000000000000e+00 2.988636363636363869e-01 3.204633204633204890e-01 4.772727272727272929e-02 9.266409266409265932e-02
0.000000000000000000e+00 4.227272727272727293e-01 5.752895752895752501e-01 1.090909090909090856e-01 1.776061776061776121e-01
0.000000000000000000e+00 4.465909090909090939e-01 4.169884169884169878e-01 7.045454545454545026e-02 1.467181467181467303e-01
0.000000000000000000e+00 3.920454545454545303e-01 4.131274131274131345e-01 5.681818181818181629e-02 8.494208494208493887e-02
0.000000000000000000e+00 5.272727272727272263e-01 6.003861003861004075e-01 9.545454545454545858e-02 1.737451737451737588e-01
0.000000000000000000e+00 5.965909090909090606e-01 6.003861003861004075e-01 5.227272727272726932e-02 1.274131274131274083e-01
0.000000000000000000e+00 6.420454545454545858e-01 6.505791505791506113e-01 4.318181818181818232e-02 9.652509652509652649e-02
0.000000000000000000e+00 7.818181818181818565e-01 6.389961389961390514e-01 1.136363636363636326e-01 1.042471042471042469e-01
0.000000000000000000e+00 8.965909090909091050e-01 6.833976833976833642e-01 9.772727272727273207e-02 1.235521235521235550e-01
0.000000000000000000e+00 9.454545454545454364e-01 6.409266409266409781e-01 1.000000000000000056e-01 1.389961389961389959e-01
0.000000000000000000e+00 6.863636363636363980e-01 6.698841698841698777e-01 4.090909090909090884e-02 5.019305019305018989e-02
0.000000000000000000e+00 4.897727272727272485e-01 7.509652509652510188e-01 2.954545454545454489e-02 5.791505791505791728e-02
0.000000000000000000e+00 3.863636363636363535e-02 7.934362934362934050e-01 7.272727272727272374e-02 2.702702702702702853e-02
0.000000000000000000e+00 1.170454545454545497e-01 7.702702702702702853e-01 2.045454545454545442e-02 2.702702702702702853e-02
0.000000000000000000e+00 1.943181818181818066e-01 7.818532818532818451e-01 3.409090909090908839e-02 5.019305019305018989e-02
0.000000000000000000e+00 6.590909090909090606e-01 7.606177606177606521e-01 4.090909090909090884e-02 4.633204633204632966e-02
0.000000000000000000e+00 5.056818181818182323e-01 7.779922779922779918e-01 2.045454545454545442e-02 4.247104247104246944e-02
