0.000000000000000000e+00 3.601252609603340371e-01 5.551470588235294379e-01 1.189979123173277725e-01 1.955882352941176461e-01
0.000000000000000000e+00 4.561586638830897877e-01 5.073529411764705621e-01 5.219206680584551061e-02 1.529411764705882470e-01
0.000000000000000000e+00 5.083507306889353261e-01 5.419117647058823151e-01 6.471816283924843038e-02 1.808823529411764663e-01
0.000000000000000000e+00 5.855949895615866208e-01 5.705882352941176183e-01 3.549060542797494860e-02 2.088235294117647134e-01
0.000000000000000000e+00 7.265135699373694855e-01 7.007352941176470118e-01 8.350730688935281698e-02 5.147058823529411520e-02
0.000000000000000000e+00 7.171189979123173686e-01 8.536764705882352589e-01 2.296450939457202536e-02 5.441176470588235392e-02
0.000000000000000000e+00 8.361169102296450717e-01 8.580882352941175961e-01 1.878914405010438313e-02 4.852941176470588341e-02
0.000000000000000000e+00 7.181628392484342704e-01 5.602941176470588314e-01 1.962421711899791366e-01 7.941176470588234837e-02
0.000000000000000000e+00 7.035490605427975330e-01 4.286764705882352700e-01 7.515657620041753251e-02 8.382352941176469951e-02
0.000000000000000000e+00 6.513569937369519947e-01 3.698529411764706065e-01 4.592901878914405073e-02 7.205882352941175850e-02
0.000000000000000000e+00 7.118997912317327481e-01 3.727941176470588314e-01 4.175365344467640849e-02 4.558823529411764469e-02
0.000000000000000000e+00 6.691022964509394377e-01 6.345588235294117307e-01 6.889352818371607956e-02 6.911764705882353366e-02
0.000000000000000000e+00 4.822546972860125014e-01 6.647058823529411464e-01 5.845511482254697050e-02 4.705882352941176405e-02
