0.000000000000000000e+00 1.940000000000000058e-01 6.490963855421686413e-01 4.800000000000000100e-02 9.337349397590360978e-02
0.000000000000000000e+00 4.089999999999999747e-01 7.379518072289156239e-01 5.000000000000000278e-02 1.204819277108433728e-01
0.000000000000000000e+00 4.829999999999999849e-01 6.987951807228915957e-01 3.799999999999999906e-02 1.506024096385542299e-01
0.000000000000000000e+00 2.590000000000000080e-01 6.762048192771084043e-01 5.399999999999999939e-02 6.927710843373494076e-02
0.000000000000000000e+00 3.009999999999999898e-01 7.183734939759036653e-01 4.200000000000000261e-02 4.518072289156626481e-02
0.000000000000000000e+00 3.760000000000000009e-01 7.018072289156626065e-01 2.400000000000000050e-02 7.228915662650602092e-02
0.000000000000000000e+00 2.119999999999999940e-01 7.379518072289156239e-01 1.600000000000000033e-02 7.831325301204819511e-02
0.000000000000000000e+00 2.780000000000000249e-01 7.680722891566265087e-01 3.200000000000000067e-02 4.819277108433735191e-02
0.000000000000000000e+00 3.469999999999999751e-01 6.807228915662650870e-01 5.000000000000000278e-02 4.216867469879517771e-02
0.000000000000000000e+00 4.520000000000000129e-01 7.274096385542169196e-01 2.800000000000000058e-02 4.518072289156626481e-02
0.000000000000000000e+00 5.270000000000000240e-01 7.093373493975904109e-01 4.599999999999999922e-02 4.518072289156626481e-02
0.000000000000000000e+00 5.220000000000000195e-01 7.801204819277108848e-01 4.000000000000000083e-02 9.036144578313252962e-02
0.000000000000000000e+00 5.909999999999999698e-01 7.575301204819276935e-01 4.599999999999999922e-02 1.596385542168674565e-01
0.000000000000000000e+00 6.390000000000000124e-01 7.635542168674698260e-01 4.599999999999999922e-02 1.295180722891566272e-01
0.000000000000000000e+00 6.750000000000000444e-01 7.228915662650602370e-01 2.999999999999999889e-02 4.819277108433735191e-02
0.000000000000000000e+00 6.929999999999999494e-01 7.846385542168674565e-01 2.599999999999999881e-02 7.530120481927711495e-02
0.000000000000000000e+00 7.189999999999999725e-01 6.686746987951807109e-01 2.599999999999999881e-02 3.614457831325301046e-02
0.000000000000000000e+00 7.620000000000000107e-01 6.174698795180723065e-01 3.200000000000000067e-02 4.819277108433735191e-02
0.000000000000000000e+00 7.750000000000000222e-01 6.927710843373493521e-01 3.400000000000000244e-02 4.216867469879517771e-02
0.000000000000000000e+00 8.139999999999999458e-01 7.620481927710843761e-01 5.199999999999999761e-02 1.024096385542168641e-01
0.000000000000000000e+00 7.780000000000000249e-01 7.816265060240963347e-01 2.800000000000000058e-02 7.530120481927711495e-02
0.000000000000000000e+00 7.279999999999999805e-01 7.424698795180723065e-01 4.000000000000000083e-02 5.120481927710843206e-02
