0.000000000000000000e+00 2.059895833333333370e-01 7.356481481481481621e-01 2.864583333333333218e-02 3.611111111111110772e-02
0.000000000000000000e+00 1.460937499999999944e-01 7.435185185185184675e-01 2.343750000000000000e-02 2.777777777777777624e-02
0.000000000000000000e+00 1.674479166666666685e-01 7.375000000000000444e-01 1.927083333333333426e-02 4.537037037037037340e-02
0.000000000000000000e+00 2.734375000000000000e-01 7.444444444444444642e-01 2.708333333333333426e-02 2.222222222222222307e-02
0.000000000000000000e+00 3.046875000000000000e-01 7.583333333333333037e-01 3.958333333333333148e-02 4.074074074074074403e-02
0.000000000000000000e+00 3.463541666666666852e-01 7.467592592592592338e-01 4.062500000000000139e-02 7.129629629629630205e-02
0.000000000000000000e+00 3.776041666666666852e-01 7.518518518518518823e-01 2.291666666666666505e-02 4.814814814814814825e-02
0.000000000000000000e+00 4.007812499999999778e-01 7.490740740740741144e-01 2.031250000000000069e-02 5.370370370370370489e-02
0.000000000000000000e+00 4.307291666666666630e-01 7.504629629629629983e-01 3.333333333333333287e-02 4.166666666666666435e-02
0.000000000000000000e+00 4.614583333333333592e-01 7.532407407407407662e-01 2.395833333333333495e-02 3.240740740740740561e-02
0.000000000000000000e+00 4.942708333333333259e-01 7.310185185185185119e-01 3.333333333333333287e-02 4.907407407407407551e-02
0.000000000000000000e+00 5.213541666666666741e-01 6.791666666666666963e-01 2.812500000000000069e-02 5.833333333333333426e-02
0.000000000000000000e+00 5.252604166666666741e-01 7.245370370370370905e-01 2.760416666666666574e-02 2.870370370370370350e-02
0.000000000000000000e+00 6.450520833333333037e-01 6.564814814814814437e-01 3.072916666666666505e-02 5.925925925925926152e-02
0.000000000000000000e+00 6.716145833333333481e-01 6.550925925925925597e-01 2.031250000000000069e-02 2.129629629629629581e-02
0.000000000000000000e+00 6.932291666666666741e-01 6.578703703703703276e-01 1.979166666666666574e-02 4.537037037037037340e-02
0.000000000000000000e+00 7.098958333333332815e-01 6.388888888888888395e-01 1.770833333333333287e-02 2.222222222222222307e-02
0.000000000000000000e+00 7.234374999999999556e-01 6.458333333333333703e-01 1.458333333333333356e-02 2.870370370370370350e-02
