0.000000000000000000e+00 1.981566820276497720e-01 6.088825214899713512e-01 1.843317972350230413e-02 6.017191977077363668e-02
0.000000000000000000e+00 2.315668202764976924e-01 5.974212034383954428e-01 3.456221198156682328e-02 5.444126074498567558e-02
0.000000000000000000e+00 2.154377880184331906e-01 6.404011461318052101e-01 2.073732718894009258e-02 3.724928366762177839e-02
0.000000000000000000e+00 2.511520737327189168e-01 6.704871060171919694e-01 4.147465437788018516e-02 2.865329512893982980e-02
0.000000000000000000e+00 2.880184331797234765e-01 6.461318051575931642e-01 3.225806451612903136e-02 4.297994269340973950e-02
0.000000000000000000e+00 2.891705069124423932e-01 7.048710601719198054e-01 5.760368663594470084e-02 5.157593123209169156e-02
0.000000000000000000e+00 2.396313364055299433e-01 7.163323782234957138e-01 4.147465437788018516e-02 2.865329512893982980e-02
0.000000000000000000e+00 4.723502304147465525e-01 6.633237822349570267e-01 5.069124423963133896e-02 1.747851002865329628e-01
0.000000000000000000e+00 8.467741935483871218e-01 4.914040114613180688e-01 3.917050691244239324e-02 1.404011461318051546e-01
0.000000000000000000e+00 9.112903225806451291e-01 5.186246418338108510e-01 3.917050691244239324e-02 8.022922636103152483e-02
0.000000000000000000e+00 9.735023041474654137e-01 4.455587392550143244e-01 5.299539170506912394e-02 2.263610315186246336e-01
