0.000000000000000000e+00 8.207070707070707183e-02 5.746951219512195230e-01 6.818181818181817677e-02 7.012195121951220189e-02
0.000000000000000000e+00 1.426767676767676796e-01 7.027439024390244038e-01 1.035353535353535359e-01 5.792682926829268580e-02
0.000000000000000000e+00 1.313131313131313260e-01 6.234756097560976151e-01 3.535353535353535220e-02 5.182926829268292429e-02
0.000000000000000000e+00 1.830808080808080940e-01 6.402439024390244038e-01 5.808080808080808011e-02 5.487804878048780505e-02
0.000000000000000000e+00 2.790404040404040331e-01 6.478658536585365502e-01 1.186868686868686878e-01 8.231707317073171104e-02
0.000000000000000000e+00 2.676767676767676796e-01 7.271341463414634498e-01 1.010101010101010083e-01 2.743902439024390252e-02
0.000000000000000000e+00 4.318181818181818232e-01 6.692073170731707155e-01 1.969696969696969613e-01 1.981707317073170826e-01
0.000000000000000000e+00 5.707070707070707183e-01 7.118902439024390461e-01 8.080808080808081495e-02 1.432926829268292568e-01
0.000000000000000000e+00 6.464646464646465196e-01 7.301829268292683306e-01 6.565656565656566301e-02 7.621951219512194953e-02
0.000000000000000000e+00 7.070707070707070718e-01 7.652439024390244038e-01 4.545454545454545581e-02 3.048780487804877981e-02
0.000000000000000000e+00 8.661616161616161325e-01 7.439024390243902385e-01 5.050505050505050414e-02 1.829268292682926719e-02
0.000000000000000000e+00 2.196969696969696961e-01 4.969512195121951192e-01 1.262626262626262708e-01 7.317073170731706877e-02
0.000000000000000000e+00 3.560606060606060774e-01 4.954268292682926789e-01 1.464646464646464641e-01 1.554878048780487798e-01
0.000000000000000000e+00 4.861111111111111049e-01 5.091463414634146423e-01 1.035353535353535359e-01 1.158536585365853716e-01
0.000000000000000000e+00 6.136363636363636465e-01 5.259146341463414309e-01 1.565656565656565746e-01 8.841463414634145868e-02
0.000000000000000000e+00 7.361111111111111605e-01 5.518292682926829729e-01 9.343434343434343925e-02 4.268292682926829590e-02
0.000000000000000000e+00 5.429292929292929282e-01 4.176829268292682751e-01 4.040404040404040747e-02 6.097560975609755962e-02
0.000000000000000000e+00 6.212121212121212155e-01 4.542682926829268442e-01 3.535353535353535220e-02 6.707317073170732113e-02
0.000000000000000000e+00 9.280303030303029832e-01 5.884146341463414309e-01 2.777777777777777624e-02 4.268292682926829590e-02
