0.000000000000000000e+00 1.976102941176470507e-02 5.134803921568626972e-01 3.890931372549019662e-02 9.232026143790850181e-02
0.000000000000000000e+00 6.204044117647058987e-02 5.332924836601307117e-01 4.381127450980391858e-02 4.616013071895425091e-02
0.000000000000000000e+00 9.068627450980391858e-02 5.627042483660130712e-01 2.267156862745097964e-02 5.841503267973856273e-02
0.000000000000000000e+00 1.735600490196078372e-01 5.847630718954248685e-01 5.361519607843136942e-02 3.145424836601307117e-02
0.000000000000000000e+00 1.574754901960784270e-01 6.115196078431373028e-01 2.450980392156862711e-02 2.205882352941176613e-02
0.000000000000000000e+00 1.318933823529411797e-01 5.955882352941176405e-01 1.746323529411764747e-02 2.614379084967320341e-02
0.000000000000000000e+00 1.845894607843137358e-01 6.223447712418300748e-01 4.258578431372549156e-02 1.266339869281045763e-02
0.000000000000000000e+00 2.953431372549019662e-01 6.450163398692810857e-01 3.125000000000000000e-02 2.205882352941176613e-02
0.000000000000000000e+00 3.008578431372548878e-01 6.815767973856209361e-01 3.002450980392156951e-02 3.880718954248366104e-02
0.000000000000000000e+00 3.255208333333333148e-01 6.729983660130719469e-01 1.317401960784313729e-02 9.395424836601306770e-03
0.000000000000000000e+00 3.769914215686274717e-01 6.926062091503267792e-01 2.665441176470588133e-02 6.495098039215686792e-02
0.000000000000000000e+00 4.033394607843137081e-01 6.742238562091503740e-01 3.707107843137254916e-02 1.164215686274509831e-01
0.000000000000000000e+00 4.344362745098039325e-01 6.664624183006535585e-01 2.205882352941176613e-02 9.027777777777777624e-02
