0.000000000000000000e+00 1.576388888888888840e-01 8.820459290187891988e-01 2.916666666666666713e-02 3.549060542797494860e-02
0.000000000000000000e+00 1.993055555555555691e-01 8.329853862212943660e-01 2.638888888888888881e-02 5.010438413361169296e-02
0.000000000000000000e+00 2.326388888888888951e-01 8.162839248434238248e-01 3.472222222222222376e-02 2.505219206680584648e-02
0.000000000000000000e+00 2.645833333333333370e-01 7.974947807933193689e-01 2.361111111111111049e-02 2.922755741127348525e-02
0.000000000000000000e+00 3.541666666666666852e-01 6.837160751565761752e-01 2.777777777777777624e-02 3.131524008350730637e-02
0.000000000000000000e+00 4.534722222222222210e-01 5.240083507306889654e-01 4.305555555555555525e-02 2.922755741127348525e-02
0.000000000000000000e+00 5.076388888888888618e-01 3.841336116910229470e-01 5.138888888888888673e-02 5.427974947807933520e-02
0.000000000000000000e+00 3.784722222222222099e-01 6.461377870563674852e-01 2.083333333333333218e-02 3.131524008350730637e-02
0.000000000000000000e+00 4.000000000000000222e-01 5.991649269311064563e-01 3.333333333333333287e-02 3.757828810020876625e-02
0.000000000000000000e+00 5.131944444444443976e-01 4.321503131524008223e-01 1.527777777777777728e-02 4.592901878914405073e-02
0.000000000000000000e+00 5.354166666666666519e-01 3.716075156576200689e-01 2.083333333333333218e-02 2.505219206680584648e-02
