0.000000000000000000e+00 4.422382671480144523e-01 2.553763440860215006e-01 4.693140794223826795e-02 6.989247311827956333e-02
0.000000000000000000e+00 4.205776173285198372e-01 3.561827956989247479e-01 3.971119133574007448e-02 1.317204301075268758e-01
0.000000000000000000e+00 4.693140794223826795e-01 3.266129032258064391e-01 5.054151624548736121e-02 7.795698924731182811e-02
0.000000000000000000e+00 5.162454873646209474e-01 3.333333333333333148e-01 3.610108303249097428e-02 4.301075268817204644e-02
0.000000000000000000e+00 4.747292418772562916e-01 4.865591397849462485e-01 1.805054151624548714e-02 2.473118279569892497e-01
0.000000000000000000e+00 4.296028880866425981e-01 4.784946236559139976e-01 2.166064981949458387e-02 1.129032258064516098e-01
0.000000000000000000e+00 4.043321299638988897e-01 4.543010752688171894e-01 2.888086642599278081e-02 5.913978494623656212e-02
0.000000000000000000e+00 5.162454873646209474e-01 4.973118279569892497e-01 2.888086642599278081e-02 2.204301075268817189e-01
0.000000000000000000e+00 5.848375451263537750e-01 4.543010752688171894e-01 1.444043321299639041e-02 1.989247311827956888e-01
0.000000000000000000e+00 6.985559566787004071e-01 4.099462365591398094e-01 1.805054151624548714e-02 1.370967741935483764e-01
0.000000000000000000e+00 5.812274368231047372e-01 3.938172043010752521e-01 4.332129963898916775e-02 2.419354838709677352e-02
0.000000000000000000e+00 5.577617328519856033e-01 3.400537634408601906e-01 2.527075812274368061e-02 3.494623655913978166e-02
