0.000000000000000000e+00 2.310344827586206795e-01 6.276315789473684292e-01 2.758620689655172376e-02 1.236842105263157854e-01
0.000000000000000000e+00 2.681034482758620774e-01 6.513157894736841813e-01 3.965517241379310637e-02 9.210526315789473173e-02
0.000000000000000000e+00 3.103448275862069061e-01 6.631578947368420573e-01 5.172413793103448204e-02 5.789473684210526272e-02
0.000000000000000000e+00 3.439655172413793038e-01 7.131578947368421018e-01 5.344827586206896824e-02 8.947368421052631637e-02
0.000000000000000000e+00 3.844827586206896464e-01 7.381578947368421240e-01 6.206896551724137845e-02 1.342105263157894746e-01
0.000000000000000000e+00 4.241379310344827736e-01 7.368421052631578538e-01 2.413793103448275829e-02 7.894736842105262720e-02
0.000000000000000000e+00 4.801724137931034364e-01 7.723684210526315930e-01 2.586206896551724102e-02 3.947368421052631360e-02
0.000000000000000000e+00 5.775862068965517127e-01 8.565789473684211064e-01 1.172413793103448260e-01 4.473684210526315819e-02
0.000000000000000000e+00 5.965517241379310054e-01 8.052631578947367919e-01 5.172413793103448204e-02 5.789473684210526272e-02
0.000000000000000000e+00 6.577586206896551824e-01 8.342105263157895134e-01 5.000000000000000278e-02 3.684210526315789130e-02
0.000000000000000000e+00 6.525862068965517793e-01 8.776315789473684292e-01 3.275862068965517543e-02 5.000000000000000278e-02
0.000000000000000000e+00 7.181034482758620330e-01 9.355263157894736503e-01 3.275862068965517543e-02 3.947368421052631360e-02
0.000000000000000000e+00 7.500000000000000000e-01 9.736842105263158187e-01 3.793103448275862016e-02 5.263157894736841813e-02
0.000000000000000000e+00 7.681034482758620774e-01 9.263157894736842035e-01 2.931034482758620649e-02 5.263157894736841813e-02
0.000000000000000000e+00 8.017241379310344751e-01 9.394736842105263497e-01 2.413793103448275829e-02 4.736842105263158048e-02
0.000000000000000000e+00 8.456896551724137900e-01 9.171052631578947567e-01 6.379310344827586465e-02 1.184210526315789408e-01
0.000000000000000000e+00 5.775862068965517127e-01 9.065789473684210398e-01 2.068965517241379282e-02 2.894736842105263136e-02
