0.000000000000000000e+00 2.205882352941176405e-01 4.746328437917222698e-01 5.080213903743315690e-02 4.138851802403203939e-02
0.000000000000000000e+00 2.379679144385026812e-01 5.180240320427236256e-01 5.614973262032085799e-02 3.204272363150868080e-02
0.000000000000000000e+00 1.945187165775401072e-01 5.166889185580774146e-01 1.470588235294117627e-02 2.937249666221628669e-02
0.000000000000000000e+00 2.326203208556149871e-01 5.500667556742323550e-01 6.684491978609626017e-02 2.403204272363150887e-02
0.000000000000000000e+00 3.048128342245989275e-01 5.173564753004005201e-01 6.149732620320855908e-02 3.070761014686248375e-02
0.000000000000000000e+00 2.974598930481283654e-01 5.453938584779706167e-01 5.481283422459892751e-02 1.735647530040053399e-02
0.000000000000000000e+00 3.201871657754010725e-01 6.562082777036047920e-01 3.609625668449197716e-02 2.536715620827770246e-02
0.000000000000000000e+00 3.148395721925133506e-01 7.036048064085447251e-01 5.481283422459892751e-02 2.670226969292389951e-02
0.000000000000000000e+00 3.756684491978609652e-01 7.062750333778371470e-01 5.614973262032085799e-02 2.403204272363150887e-02
0.000000000000000000e+00 3.028074866310160318e-01 4.839786381842456353e-01 5.748663101604278153e-02 2.536715620827770246e-02
0.000000000000000000e+00 3.302139037433154956e-01 3.965287049399198738e-01 5.347593582887700397e-02 4.005340453938584927e-02
0.000000000000000000e+00 3.723262032085561390e-01 3.451268357810413634e-01 3.877005347593583118e-02 5.473965287049398915e-02
0.000000000000000000e+00 4.110962566844919563e-01 4.158878504672897103e-01 6.818181818181817677e-02 7.877169559412550148e-02
0.000000000000000000e+00 3.917112299465240755e-01 4.926568758344459509e-01 4.545454545454545581e-02 7.476635514018691031e-02
0.000000000000000000e+00 3.415775401069518491e-01 5.720961281708945023e-01 3.342245989304813009e-02 3.871829105473965221e-02
0.000000000000000000e+00 6.350267379679144231e-01 3.110814419225634286e-01 1.203208556149732572e-01 9.612817089452603547e-02
0.000000000000000000e+00 5.768716577540107249e-01 4.045393858477970839e-01 2.540106951871657845e-02 5.607476635514018620e-02
0.000000000000000000e+00 5.915775401069518491e-01 4.359145527369826523e-01 2.807486631016042899e-02 3.337783711615487092e-02
0.000000000000000000e+00 5.808823529411765163e-01 5.947930574098798662e-01 3.074866310160427954e-02 4.939919893190921479e-02
0.000000000000000000e+00 5.367647058823529216e-01 5.934579439252336552e-01 2.807486631016042899e-02 4.672897196261682068e-02
0.000000000000000000e+00 4.184491978609625740e-01 7.202937249666221398e-01 1.871657754010695035e-02 4.405874499332443350e-02
0.000000000000000000e+00 4.445187165775401072e-01 7.196261682242990343e-01 2.005347593582887736e-02 5.073431241655540491e-02
0.000000000000000000e+00 4.425133689839572115e-01 6.728971962616822067e-01 2.673796791443850199e-02 2.670226969292389951e-02
0.000000000000000000e+00 4.672459893048128143e-01 7.263017356475300890e-01 2.272727272727272790e-02 8.277703604806407878e-02
0.000000000000000000e+00 5.000000000000000000e-01 7.036048064085447251e-01 3.743315508021390070e-02 3.204272363150868080e-02
0.000000000000000000e+00 5.494652406417112056e-01 7.036048064085447251e-01 6.684491978609626017e-02 3.471295060080106798e-02
0.000000000000000000e+00 4.979946524064171043e-01 7.476635514018691309e-01 3.074866310160427954e-02 4.005340453938584927e-02
0.000000000000000000e+00 5.494652406417112056e-01 7.389853137516688708e-01 5.882352941176470507e-02 2.269692923898531528e-02
0.000000000000000000e+00 5.554812834224599483e-01 6.441922563417890046e-01 6.550802139037432970e-02 4.939919893190921479e-02
0.000000000000000000e+00 5.080213903743315829e-01 6.528704939919892647e-01 3.743315508021390070e-02 3.471295060080106798e-02
0.000000000000000000e+00 6.056149732620320636e-01 6.528704939919892647e-01 2.673796791443850199e-02 3.471295060080106798e-02
0.000000000000000000e+00 6.122994652406417160e-01 6.962616822429906760e-01 2.139037433155080090e-02 2.002670226969292464e-02
0.000000000000000000e+00 6.122994652406417160e-01 7.349799732977303490e-01 2.139037433155080090e-02 1.735647530040053399e-02
0.000000000000000000e+00 6.951871657754010725e-01 6.949265687583444651e-01 6.951871657754010725e-02 1.735647530040053399e-02
0.000000000000000000e+00 7.627005347593582840e-01 6.929238985313751487e-01 5.748663101604278153e-02 1.335113484646194976e-02
0.000000000000000000e+00 7.653743315508021450e-01 7.356475300400534545e-01 6.283422459893048262e-02 1.869158878504672758e-02
0.000000000000000000e+00 8.576203208556150148e-01 6.929238985313751487e-01 2.272727272727272790e-02 1.335113484646194976e-02
0.000000000000000000e+00 8.770053475935828402e-01 5.540720961281708767e-01 5.882352941176470507e-02 7.476635514018691031e-02
0.000000000000000000e+00 9.558823529411765163e-01 4.993324432576768945e-01 8.823529411764706454e-02 1.068090787716955981e-01
0.000000000000000000e+00 9.725935828877004807e-01 5.807743658210947624e-01 5.481283422459892751e-02 3.471295060080106798e-02
0.000000000000000000e+00 9.719251336898395710e-01 6.214953271028037518e-01 5.614973262032085799e-02 3.337783711615487092e-02
0.000000000000000000e+00 9.244652406417112056e-01 6.068090787716955425e-01 2.807486631016042899e-02 7.076101468624833302e-02
0.000000000000000000e+00 9.184491978609625740e-01 3.871829105473965082e-01 6.417112299465241310e-02 5.874499332443257338e-02
0.000000000000000000e+00 8.121657754010694896e-01 5.574098798397864041e-01 6.818181818181817677e-02 6.542056074766354479e-02
0.000000000000000000e+00 6.871657754010694896e-01 5.233644859813083583e-01 5.614973262032085799e-02 3.471295060080106798e-02
0.000000000000000000e+00 7.566844919786096524e-01 5.480640854472630386e-01 4.812834224598930288e-02 4.405874499332443350e-02
0.000000000000000000e+00 6.771390374331550666e-01 5.700934579439251859e-01 6.818181818181817677e-02 1.869158878504672758e-02
