0.000000000000000000e+00 2.824803149606299191e-01 4.373549883990719422e-01 7.283464566929133410e-02 1.693735498839907261e-01
0.000000000000000000e+00 3.326771653543307283e-01 2.389791183294663612e-01 6.299212598425196763e-02 1.856148491879350271e-01
0.000000000000000000e+00 4.803149606299212393e-01 4.686774941995359711e-01 1.181102362204724393e-01 1.670533642691415244e-01
0.000000000000000000e+00 5.285433070866141225e-01 3.700696055684454810e-01 6.889763779527559306e-02 9.048723897911832570e-02
0.000000000000000000e+00 6.358267716535432879e-01 5.429234338747099819e-01 7.874015748031495954e-02 1.670533642691415244e-01
0.000000000000000000e+00 6.899606299212598381e-01 4.048723897911832847e-01 4.133858267716535723e-02 6.728538283062644731e-02
0.000000000000000000e+00 6.072834645669291653e-01 4.037122969837587116e-01 4.133858267716535723e-02 5.104408352668213245e-02
0.000000000000000000e+00 6.299212598425196763e-01 6.554524361948955713e-01 5.905511811023621965e-02 4.872389791183294461e-02
0.000000000000000000e+00 3.435039370078740162e-01 9.651972157772621408e-01 3.740157480314960925e-02 4.176334106728538109e-02
0.000000000000000000e+00 4.035433070866141780e-01 9.269141531322505623e-01 7.086614173228346358e-02 3.944315545243619325e-02
0.000000000000000000e+00 4.094488188976377896e-01 8.457076566125290018e-01 1.968503937007873988e-02 3.480278422273781758e-02
0.000000000000000000e+00 4.114173228346456601e-01 8.932714617169373872e-01 1.968503937007873988e-02 2.784222737819025406e-02
