0.000000000000000000e+00 4.219999999999999862e-01 7.350299401197605276e-01 5.600000000000000117e-02 1.227544910179640680e-01
0.000000000000000000e+00 4.709999999999999742e-01 7.170658682634730718e-01 4.200000000000000261e-02 8.682634730538922596e-02
0.000000000000000000e+00 4.759999999999999787e-01 8.308383233532934398e-01 5.199999999999999761e-02 5.089820359281437001e-02
0.000000000000000000e+00 3.270000000000000129e-01 8.083832335329341756e-01 4.599999999999999922e-02 2.994011976047904200e-02
0.000000000000000000e+00 5.310000000000000275e-01 7.425149700598802083e-01 7.799999999999999989e-02 2.395209580838323360e-01
0.000000000000000000e+00 5.949999999999999734e-01 6.826347305389222075e-01 4.200000000000000261e-02 8.982035928143712600e-02
0.000000000000000000e+00 6.380000000000000115e-01 6.422155688622754877e-01 5.199999999999999761e-02 1.407185628742514960e-01
0.000000000000000000e+00 6.889999999999999458e-01 7.080838323353293440e-01 4.599999999999999922e-02 1.107784431137724540e-01
0.000000000000000000e+00 6.989999999999999547e-01 6.032934131736527039e-01 4.599999999999999922e-02 1.047904191616766401e-01
0.000000000000000000e+00 7.319999999999999840e-01 7.050898203592814717e-01 4.000000000000000083e-02 1.167664670658682680e-01
0.000000000000000000e+00 6.059999999999999831e-01 8.323353293413173759e-01 3.599999999999999728e-02 5.988023952095808400e-02
0.000000000000000000e+00 6.450000000000000178e-01 8.532934131736527039e-01 4.599999999999999922e-02 8.383233532934131205e-02
0.000000000000000000e+00 6.889999999999999458e-01 8.607784431137724956e-01 4.599999999999999922e-02 5.688622754491017702e-02
0.000000000000000000e+00 7.700000000000000178e-01 6.467065868263472961e-01 4.399999999999999745e-02 1.497005988023951961e-01
