0.000000000000000000e+00 3.902912621359223566e-01 5.807291666666666297e-01 1.812297734627831697e-02 1.354166666666666713e-02
0.000000000000000000e+00 4.097087378640776878e-01 5.718750000000000222e-01 2.071197411003236274e-02 2.291666666666666505e-02
0.000000000000000000e+00 4.310679611650485299e-01 5.718750000000000222e-01 1.812297734627831697e-02 2.916666666666666713e-02
0.000000000000000000e+00 4.546925566343041902e-01 5.687499999999999778e-01 1.877022653721682754e-02 3.333333333333333287e-02
0.000000000000000000e+00 4.699029126213592478e-01 5.708333333333333037e-01 1.294498381877022715e-02 2.708333333333333426e-02
0.000000000000000000e+00 4.893203883495145790e-01 5.744791666666666519e-01 9.061488673139158484e-03 3.437500000000000278e-02
0.000000000000000000e+00 5.190938511326861349e-01 6.656250000000000222e-01 9.061488673139158484e-03 5.625000000000000139e-02
0.000000000000000000e+00 5.187702265372168275e-01 5.666666666666666519e-01 1.877022653721682754e-02 4.791666666666666990e-02
0.000000000000000000e+00 5.644012944983818336e-01 5.697916666666666963e-01 3.883495145631067624e-02 4.791666666666666990e-02
0.000000000000000000e+00 5.100323624595469729e-01 4.375000000000000000e-01 1.294498381877022715e-02 3.541666666666666574e-02
0.000000000000000000e+00 5.310679611650485077e-01 4.208333333333333370e-01 1.618122977346278177e-02 1.458333333333333356e-02
0.000000000000000000e+00 6.588996763754045860e-01 5.812500000000000444e-01 9.061488673139158484e-03 5.208333333333333565e-02
0.000000000000000000e+00 7.110032362459547395e-01 6.098958333333333037e-01 1.747572815533980639e-02 2.395833333333333495e-02
0.000000000000000000e+00 5.537216828478964681e-01 6.739583333333333259e-01 1.488673139158576061e-02 1.250000000000000069e-02
