0.000000000000000000e+00 4.734375000000000111e-01 5.958333333333333259e-01 5.833333333333333426e-02 1.490740740740740811e-01
0.000000000000000000e+00 5.445312500000000222e-01 4.851851851851851638e-01 9.010416666666666574e-02 5.925925925925926152e-02
0.000000000000000000e+00 6.018229166666666519e-01 5.759259259259259522e-01 2.656249999999999931e-02 9.444444444444444198e-02
0.000000000000000000e+00 5.346354166666666963e-01 7.101851851851851416e-01 7.031250000000000000e-02 5.740740740740740700e-02
0.000000000000000000e+00 3.752604166666666519e-01 8.217592592592593004e-01 3.385416666666666435e-02 4.166666666666666435e-02
0.000000000000000000e+00 4.768229166666666519e-01 7.976851851851851638e-01 4.322916666666666574e-02 1.064814814814814825e-01
0.000000000000000000e+00 5.109375000000000444e-01 8.097222222222222321e-01 2.604166666666666782e-02 6.018518518518518184e-02
0.000000000000000000e+00 5.536458333333332815e-01 8.310185185185184897e-01 5.833333333333333426e-02 7.129629629629630205e-02
0.000000000000000000e+00 6.031250000000000222e-01 8.523148148148148584e-01 4.062500000000000139e-02 3.055555555555555455e-02
0.000000000000000000e+00 5.989583333333333703e-01 4.615740740740740811e-01 2.291666666666666505e-02 6.203703703703703637e-02
