0.000000000000000000e+00 2.292626728110599144e-01 5.959885386819484543e-01 2.995391705069124291e-02 4.584527220630372352e-02
0.000000000000000000e+00 1.970046082949308830e-01 6.117478510028653282e-01 1.612903225806451568e-02 6.017191977077363668e-02
0.000000000000000000e+00 2.154377880184331906e-01 6.418338108882521986e-01 2.073732718894009258e-02 3.438395415472779437e-02
0.000000000000000000e+00 2.442396313364055271e-01 6.762177650429799236e-01 4.147465437788018516e-02 2.865329512893982980e-02
0.000000000000000000e+00 2.845622119815668372e-01 6.446991404011461757e-01 2.534562211981566948e-02 5.157593123209169156e-02
0.000000000000000000e+00 2.995391705069124222e-01 6.977077363896848627e-01 3.686635944700460826e-02 7.163323782234956583e-02
0.000000000000000000e+00 2.500000000000000000e-01 7.134670487106017367e-01 7.142857142857142461e-02 4.011461318051576241e-02
0.000000000000000000e+00 4.723502304147465525e-01 7.077363896848137825e-01 3.686635944700460826e-02 7.449856733524355679e-02
0.000000000000000000e+00 4.608294930875576068e-01 6.404011461318052101e-01 2.764976958525345793e-02 6.017191977077363668e-02
0.000000000000000000e+00 4.838709677419354982e-01 6.146131805157593053e-01 1.382488479262672897e-02 8.309455587392550191e-02
0.000000000000000000e+00 8.329493087557603426e-01 5.171919770773638625e-01 1.152073732718894052e-02 7.736389684813753387e-02
0.000000000000000000e+00 8.525345622119815392e-01 5.200573065902578396e-01 1.843317972350230413e-02 7.736389684813753387e-02
0.000000000000000000e+00 8.536866359447005115e-01 4.484240687679083015e-01 1.612903225806451568e-02 6.017191977077363668e-02
0.000000000000000000e+00 8.974654377880184608e-01 5.200573065902578396e-01 1.612903225806451568e-02 7.163323782234956583e-02
0.000000000000000000e+00 9.216589861751152135e-01 5.200573065902578396e-01 1.843317972350230413e-02 6.590257879656159778e-02
0.000000000000000000e+00 9.631336405529954403e-01 4.799426934097421049e-01 1.843317972350230413e-02 1.518624641833810907e-01
0.000000000000000000e+00 9.838709677419354982e-01 4.498567335243552900e-01 1.843317972350230413e-02 2.177650429799427023e-01
