0.000000000000000000e+00 3.108747044917257729e-01 9.246031746031746490e-01 1.205673758865248163e-01 1.428571428571428492e-01
0.000000000000000000e+00 4.160756501182032996e-01 9.404761904761904656e-01 8.983451536643026480e-02 9.523809523809523281e-02
0.000000000000000000e+00 5.000000000000000000e-01 9.126984126984126755e-01 6.855791962174941079e-02 9.523809523809523281e-02
0.000000000000000000e+00 6.702127659574468321e-01 4.662698412698412787e-01 5.437352245862884376e-02 1.150793650793650730e-01
0.000000000000000000e+00 3.002364066193853320e-01 4.146825396825397081e-01 1.087470449172576875e-01 2.341269841269841279e-01
0.000000000000000000e+00 4.231678486997635935e-01 4.583333333333333148e-01 1.371158392434988216e-01 1.865079365079365115e-01
0.000000000000000000e+00 5.449172576832150838e-01 4.166666666666666852e-01 1.158392434988179676e-01 1.111111111111111049e-01
0.000000000000000000e+00 3.522458628841607653e-01 6.448412698412698818e-01 9.456264775413711354e-02 9.920634920634920084e-02
0.000000000000000000e+00 2.872340425531915153e-01 2.559523809523809312e-01 5.910165484633569943e-02 5.158730158730158444e-02
0.000000000000000000e+00 1.962174940898345210e-01 9.801587301587301182e-01 9.929078014184397616e-02 3.968253968253968034e-02
0.000000000000000000e+00 4.846335697399526965e-01 5.793650793650794162e-01 7.092198581560284210e-02 7.142857142857142461e-02
0.000000000000000000e+00 5.437352245862884237e-01 3.214285714285714524e-01 8.983451536643026480e-02 6.349206349206348854e-02
