0.000000000000000000e+00 5.289473684210526105e-01 2.904148783977110182e-01 9.368421052631578649e-02 1.030042918454935619e-01
0.000000000000000000e+00 4.199999999999999845e-01 3.783977110157367707e-01 6.315789473684210731e-02 9.298998569384835100e-02
0.000000000000000000e+00 6.068421052631578494e-01 4.535050071530758453e-01 2.210526315789473548e-02 8.869814020028612966e-02
0.000000000000000000e+00 6.478947368421053010e-01 4.341917024320458007e-01 2.842105263157894759e-02 6.723891273247496747e-02
0.000000000000000000e+00 5.147368421052631593e-01 4.713876967095851356e-01 2.526315789473684154e-02 8.440629470672389445e-02
0.000000000000000000e+00 4.747368421052631793e-01 4.885550786838340209e-01 2.105263157894736795e-02 7.868383404864091879e-02
0.000000000000000000e+00 4.389473684210526416e-01 5.035765379113018581e-01 1.894736842105263289e-02 7.439198855507868358e-02
0.000000000000000000e+00 6.115789473684209998e-01 6.065808297567953922e-01 1.473684210526315756e-02 9.442060085836910532e-02
0.000000000000000000e+00 6.105263157894736947e-01 7.725321888412016724e-01 2.315789473684210648e-02 1.001430615164520810e-01
0.000000000000000000e+00 4.773684210526315530e-01 6.402002861230329245e-01 2.000000000000000042e-02 8.440629470672389445e-02
0.000000000000000000e+00 5.189473684210526017e-01 6.208869814020028244e-01 2.315789473684210648e-02 8.011444921316165924e-02
0.000000000000000000e+00 6.531578947368421595e-01 5.872675250357654031e-01 1.789473684210526189e-02 8.440629470672389445e-02
