0.000000000000000000e+00 3.136729222520107108e-01 3.780000000000000027e-01 1.447721179624665011e-01 5.999999999999999778e-02
0.000000000000000000e+00 3.230563002680965079e-01 2.730000000000000204e-01 8.310991957104557626e-02 1.499999999999999944e-01
0.000000000000000000e+00 3.941018766756032021e-01 2.580000000000000071e-01 5.898123324396782607e-02 1.799999999999999933e-01
0.000000000000000000e+00 4.383378016085791029e-01 3.499999999999999778e-01 8.847184986595174605e-02 1.160000000000000059e-01
0.000000000000000000e+00 4.423592493297587303e-01 4.329999999999999960e-01 1.018766756032171567e-01 4.200000000000000261e-02
0.000000000000000000e+00 4.705093833780160661e-01 4.869999999999999885e-01 4.557640750670241547e-02 6.199999999999999956e-02
0.000000000000000000e+00 5.388739946380697310e-01 5.030000000000000027e-01 7.506702412868632157e-02 3.400000000000000244e-02
0.000000000000000000e+00 6.662198391420911525e-01 5.160000000000000142e-01 8.310991957104557626e-02 3.599999999999999728e-02
0.000000000000000000e+00 5.522788203753351555e-01 4.369999999999999996e-01 9.651474530831098686e-02 2.999999999999999889e-02
0.000000000000000000e+00 5.227882037533512216e-01 3.619999999999999885e-01 9.651474530831098686e-02 6.400000000000000133e-02
0.000000000000000000e+00 6.474530831099195582e-01 3.499999999999999778e-01 1.581769436997318978e-01 4.399999999999999745e-02
0.000000000000000000e+00 6.769436997319034921e-01 3.599999999999999867e-01 4.021447721179624568e-02 8.799999999999999489e-02
0.000000000000000000e+00 7.587131367292224704e-01 4.259999999999999898e-01 3.217158176943699793e-02 2.800000000000000058e-02
0.000000000000000000e+00 8.029490616621983712e-01 2.379999999999999893e-01 7.774798927613940647e-02 1.559999999999999998e-01
0.000000000000000000e+00 4.128686327077747964e-01 4.949999999999999956e-01 3.753351206434316079e-02 5.800000000000000294e-02
0.000000000000000000e+00 5.107238605898123396e-01 5.520000000000000462e-01 6.166219839142091097e-02 5.199999999999999761e-02
