0.000000000000000000e+00 6.322222222222222410e-01 3.350000000000000200e-01 3.777777777777777818e-02 7.000000000000000666e-02
0.000000000000000000e+00 6.199999999999999956e-01 4.066666666666666763e-01 6.222222222222222043e-02 5.333333333333333676e-02
0.000000000000000000e+00 6.888888888888888840e-01 3.733333333333333504e-01 3.111111111111111022e-02 8.666666666666666963e-02
0.000000000000000000e+00 6.633333333333333304e-01 6.066666666666666874e-01 3.777777777777777818e-02 7.333333333333333370e-02
0.000000000000000000e+00 6.833333333333333481e-01 6.700000000000000400e-01 5.555555555555555247e-02 4.666666666666666879e-02
0.000000000000000000e+00 5.355555555555555625e-01 6.300000000000000044e-01 7.111111111111111105e-02 6.666666666666666574e-02
0.000000000000000000e+00 5.477777777777778079e-01 4.699999999999999734e-01 5.111111111111111410e-02 4.000000000000000083e-02
0.000000000000000000e+00 5.500000000000000444e-01 5.566666666666666430e-01 5.111111111111111410e-02 4.666666666666666879e-02
0.000000000000000000e+00 5.922222222222222054e-01 5.666666666666666519e-01 2.444444444444444572e-02 2.666666666666666838e-02
0.000000000000000000e+00 6.099999999999999867e-01 6.033333333333333881e-01 1.555555555555555511e-02 3.333333333333333287e-02
