0.000000000000000000e+00 5.602759622367465830e-01 4.100529100529100579e-01 7.189542483660130157e-02 6.031746031746031828e-02
0.000000000000000000e+00 1.975308641975308532e-01 6.878306878306877925e-01 6.390704429920116003e-02 1.693121693121693236e-02
0.000000000000000000e+00 2.563543936092955722e-01 6.777777777777778123e-01 5.374001452432825010e-02 1.587301587301587213e-02
0.000000000000000000e+00 4.001452432824981753e-01 6.851851851851852304e-01 1.888162672476398005e-02 1.587301587301587213e-02
0.000000000000000000e+00 4.153957879448075263e-01 6.788359788359787927e-01 1.452432824981844672e-02 3.915343915343915543e-02
0.000000000000000000e+00 4.389978213507625404e-01 6.862433862433862108e-01 2.396514161220043501e-02 1.798941798941798911e-02
0.000000000000000000e+00 4.680464778503994339e-01 6.788359788359787927e-01 2.832244008714596833e-02 1.798941798941798911e-02
0.000000000000000000e+00 5.479302832244008492e-01 6.830687830687830475e-01 1.285403050108932521e-01 2.010582010582010609e-02
0.000000000000000000e+00 5.875090777051561464e-01 6.650793650793650480e-01 2.178649237472767008e-02 2.645502645502645356e-02
0.000000000000000000e+00 5.482933914306463707e-01 6.169312169312168859e-01 2.759622367465504669e-02 1.481481481481481538e-02
0.000000000000000000e+00 4.357298474945534017e-01 5.661375661375661617e-01 1.452432824981844672e-02 2.751322751322751378e-02
0.000000000000000000e+00 6.365286855482933381e-01 5.619047619047619069e-01 1.815541031227305840e-02 1.904761904761904934e-02
0.000000000000000000e+00 6.496005809731300040e-01 5.275132275132274895e-01 1.815541031227305840e-02 6.455026455026455223e-02
0.000000000000000000e+00 6.790123456790123635e-01 4.809523809523809645e-01 3.050108932461873673e-02 3.703703703703703498e-02
0.000000000000000000e+00 8.300653594771242316e-01 4.592592592592592560e-01 1.161946259985475668e-02 2.751322751322751378e-02
