0.000000000000000000e+00 4.303797468354430555e-01 7.755591054313099031e-01 5.696202531645569445e-02 1.805111821086262114e-01
0.000000000000000000e+00 4.831223628691982963e-01 8.402555910543131334e-01 4.852320675105484954e-02 7.028753993610223350e-02
0.000000000000000000e+00 4.694092827004219259e-01 7.659744408945686756e-01 2.531645569620253125e-02 6.230031948881788878e-02
0.000000000000000000e+00 3.639240506329113889e-01 8.642172523961660913e-01 7.172995780590717130e-02 3.514376996805111675e-02
0.000000000000000000e+00 3.660337552742616296e-01 8.178913738019168989e-01 8.016877637130802314e-02 2.555910543130990309e-02
0.000000000000000000e+00 5.237341772151898889e-01 8.833865814696485463e-01 4.113924050632911111e-02 4.472843450479233041e-02
0.000000000000000000e+00 5.690928270042193704e-01 8.913738019169329396e-01 3.902953586497890509e-02 3.514376996805111675e-02
0.000000000000000000e+00 6.445147679324894074e-01 8.929712460063897739e-01 2.109704641350210880e-02 2.236421725239616520e-02
0.000000000000000000e+00 6.656118143459915926e-01 9.392971246006389663e-01 8.438818565400843172e-03 6.070287539936101984e-02
0.000000000000000000e+00 3.243670886075949444e-01 9.560702875399360590e-01 7.489451476793249074e-02 2.715654952076677203e-02
0.000000000000000000e+00 2.652953586497890370e-01 9.688498402555910660e-01 4.535864978902953704e-02 1.757188498402555837e-02
0.000000000000000000e+00 1.650843881856540185e-01 9.728434504792332627e-01 2.848101265822784722e-02 1.597444089456868943e-02
0.000000000000000000e+00 2.879746835443037778e-01 8.865814696485623259e-01 1.898734177215189931e-02 3.833865814696485463e-02
0.000000000000000000e+00 5.290084388185654074e-01 9.185303514376996770e-01 1.582278481012658333e-02 2.236421725239616520e-02
