0.000000000000000000e+00 1.927083333333333426e-01 5.277777777777777901e-01 4.791666666666666990e-02 1.388888888888888951e-01
0.000000000000000000e+00 2.385416666666666796e-01 4.597222222222221988e-01 2.708333333333333426e-02 5.277777777777777762e-02
0.000000000000000000e+00 2.531249999999999889e-01 5.236111111111111382e-01 1.874999999999999931e-02 9.722222222222222376e-02
0.000000000000000000e+00 4.197916666666666741e-01 6.027777777777777457e-01 2.291666666666666505e-02 1.499999999999999944e-01
0.000000000000000000e+00 4.749999999999999778e-01 6.027777777777777457e-01 8.333333333333332871e-02 1.499999999999999944e-01
0.000000000000000000e+00 5.031250000000000444e-01 5.124999999999999556e-01 2.291666666666666505e-02 4.722222222222222099e-02
0.000000000000000000e+00 4.552083333333333259e-01 7.083333333333333703e-01 5.208333333333333565e-02 5.000000000000000278e-02
0.000000000000000000e+00 4.687500000000000000e-01 7.583333333333333037e-01 9.166666666666666019e-02 2.777777777777777624e-02
0.000000000000000000e+00 5.385416666666666963e-01 6.902777777777777679e-01 6.875000000000000555e-02 8.055555555555556080e-02
0.000000000000000000e+00 5.510416666666666519e-01 6.166666666666666963e-01 3.958333333333333148e-02 7.222222222222221544e-02
0.000000000000000000e+00 6.281250000000000444e-01 6.416666666666667185e-01 5.208333333333333565e-02 7.777777777777777901e-02
0.000000000000000000e+00 6.854166666666666741e-01 6.458333333333333703e-01 5.833333333333333426e-02 7.499999999999999722e-02
0.000000000000000000e+00 8.104166666666666741e-01 6.833333333333333481e-01 1.666666666666666644e-02 6.111111111111110911e-02
