0.000000000000000000e+00 5.382812500000000444e-01 1.861111111111111160e-01 8.697916666666666297e-02 1.796296296296296391e-01
0.000000000000000000e+00 5.096354166666666741e-01 3.166666666666666519e-01 7.760416666666666852e-02 1.000000000000000056e-01
0.000000000000000000e+00 4.934895833333333148e-01 3.995370370370370239e-01 8.906250000000000278e-02 7.499999999999999722e-02
0.000000000000000000e+00 5.072916666666666963e-01 5.101851851851851860e-01 7.708333333333333703e-02 1.925925925925925930e-01
0.000000000000000000e+00 3.505208333333333370e-01 7.138888888888889062e-01 5.208333333333333565e-02 3.703703703703703498e-02
0.000000000000000000e+00 4.117187500000000222e-01 7.175925925925925597e-01 7.760416666666666852e-02 6.111111111111110911e-02
0.000000000000000000e+00 4.143229166666666519e-01 6.532407407407407884e-01 3.177083333333333148e-02 7.314814814814814270e-02
0.000000000000000000e+00 4.895833333333333148e-01 7.361111111111111605e-01 6.666666666666666574e-02 3.703703703703703498e-02
0.000000000000000000e+00 5.132812500000000222e-01 6.949074074074074181e-01 3.697916666666666713e-02 5.833333333333333426e-02
0.000000000000000000e+00 5.468750000000000000e-01 6.689814814814815103e-01 3.229166666666666990e-02 1.101851851851851916e-01
