0.000000000000000000e+00 5.024999999999999467e-01 5.813725490196078871e-01 2.999999999999999889e-02 4.509803921568627388e-02
0.000000000000000000e+00 4.987500000000000266e-01 6.431372549019608309e-01 2.500000000000000139e-02 5.098039215686274439e-02
0.000000000000000000e+00 5.331249999999999600e-01 7.803921568627451011e-01 2.624999999999999903e-02 4.313725490196078372e-02
0.000000000000000000e+00 2.556249999999999911e-01 8.117647058823529438e-01 1.874999999999999931e-02 3.529411764705882304e-02
0.000000000000000000e+00 2.337500000000000133e-01 8.294117647058824039e-01 1.499999999999999944e-02 2.745098039215686236e-02
0.000000000000000000e+00 1.968749999999999944e-01 8.901960784313724950e-01 2.125000000000000153e-02 2.352941176470588203e-02
0.000000000000000000e+00 2.843749999999999889e-01 9.058823529411764719e-01 1.487499999999999933e-01 2.352941176470588203e-02
0.000000000000000000e+00 5.699999999999999512e-01 9.147058823529411464e-01 2.325000000000000122e-01 3.333333333333333287e-02
0.000000000000000000e+00 7.349999999999999867e-01 8.990196078431372806e-01 5.000000000000000278e-02 3.333333333333333287e-02
0.000000000000000000e+00 9.762499999999999512e-01 7.794117647058823595e-01 4.750000000000000056e-02 6.078431372549019523e-02
0.000000000000000000e+00 5.743749999999999689e-01 8.764705882352941124e-01 2.624999999999999903e-02 3.921568627450980338e-02
