0.000000000000000000e+00 3.359374999999999861e-02 8.121546961325967207e-01 4.218750000000000278e-02 1.049723756906077304e-01
0.000000000000000000e+00 6.406249999999999445e-02 8.162983425414365168e-01 3.125000000000000000e-02 5.248618784530386522e-02
0.000000000000000000e+00 1.054687500000000000e-01 8.853591160220994905e-01 6.093749999999999861e-02 1.906077348066298471e-01
0.000000000000000000e+00 9.531249999999999445e-02 7.472375690607734322e-01 3.437500000000000278e-02 9.116022099447514127e-02
0.000000000000000000e+00 1.437499999999999889e-01 7.320441988950275869e-01 2.812500000000000069e-02 8.839779005524861510e-02
0.000000000000000000e+00 1.523437500000000000e-01 8.162983425414365168e-01 3.593749999999999722e-02 7.458563535911602593e-02
0.000000000000000000e+00 1.578124999999999944e-01 9.212707182320442056e-01 3.749999999999999861e-02 1.243093922651933719e-01
0.000000000000000000e+00 3.554687500000000000e-01 4.171270718232044095e-01 7.031250000000000000e-02 1.491712707182320519e-01
0.000000000000000000e+00 7.617187500000000000e-01 7.720994475138122093e-01 1.109374999999999944e-01 6.906077348066298749e-02
0.000000000000000000e+00 8.062500000000000222e-01 6.961325966850828717e-01 7.499999999999999722e-02 7.734806629834253822e-02
0.000000000000000000e+00 8.671875000000000000e-01 6.270718232044198981e-01 4.687500000000000000e-02 1.381215469613259750e-01
0.000000000000000000e+00 7.460937500000000000e-01 4.599447513812154886e-01 2.968749999999999861e-02 1.077348066298342566e-01
0.000000000000000000e+00 7.195312499999999556e-01 7.044198895027624363e-02 5.781250000000000278e-02 1.353591160220994349e-01
