0.000000000000000000e+00 4.250000000000000305e-02 8.244818652849741358e-01 4.499999999999999833e-02 2.202072538860103471e-02
0.000000000000000000e+00 7.833333333333333814e-02 8.244818652849741358e-01 2.333333333333333440e-02 1.943005181347150223e-02
0.000000000000000000e+00 1.304166666666666530e-01 8.199481865284974358e-01 6.083333333333333648e-02 2.849740932642487110e-02
0.000000000000000000e+00 1.991666666666666585e-01 8.231865284974093644e-01 4.833333333333333232e-02 2.461139896373057065e-02
0.000000000000000000e+00 3.762499999999999734e-01 8.056994818652849499e-01 2.750000000000000014e-02 2.331606217616580268e-02
0.000000000000000000e+00 4.133333333333333304e-01 8.076424870466321071e-01 2.833333333333333190e-02 1.424870466321243555e-02
0.000000000000000000e+00 4.695833333333333526e-01 8.031088082901554071e-01 6.250000000000000000e-02 1.813471502590673426e-02
0.000000000000000000e+00 2.354166666666666630e-01 7.694300518134714606e-01 1.583333333333333467e-02 2.590673575129533515e-02
0.000000000000000000e+00 4.937500000000000222e-01 7.797927461139896321e-01 1.750000000000000167e-02 1.554404145077720178e-02
0.000000000000000000e+00 6.279166666666666785e-01 8.018134715025906356e-01 1.916666666666666519e-02 1.813471502590673426e-02
0.000000000000000000e+00 2.575000000000000067e-01 8.238341968911917501e-01 4.166666666666666435e-02 1.036269430051813510e-02
