0.000000000000000000e+00 2.312500000000000111e-01 3.938775510204081676e-01 1.017857142857142849e-01 1.129251700680272141e-01
0.000000000000000000e+00 1.508928571428571341e-01 4.469387755102040560e-01 4.464285714285714385e-02 3.129251700680272391e-02
0.000000000000000000e+00 3.526785714285714524e-01 4.530612244897959107e-01 7.678571428571429047e-02 2.721088435374149558e-02
0.000000000000000000e+00 3.098214285714285809e-01 4.176870748299319480e-01 4.464285714285714385e-02 2.448979591836734568e-02
0.000000000000000000e+00 3.473214285714285587e-01 3.836734693877550950e-01 7.321428571428571785e-02 2.721088435374149558e-02
0.000000000000000000e+00 5.294642857142857206e-01 4.163265306122448939e-01 1.607142857142856984e-02 4.081632653061224164e-02
0.000000000000000000e+00 4.892857142857142683e-01 5.938775510204081787e-01 8.214285714285714246e-02 6.394557823129251584e-02
0.000000000000000000e+00 5.625000000000000000e-01 5.442176870748299811e-01 3.214285714285713969e-02 2.721088435374149558e-02
0.000000000000000000e+00 8.116071428571428603e-01 5.428571428571428159e-01 8.749999999999999445e-02 3.537414965986394877e-02
0.000000000000000000e+00 9.160714285714285365e-01 5.115646258503401267e-01 4.285714285714285754e-02 7.891156462585033338e-02
0.000000000000000000e+00 9.562500000000000444e-01 5.816326530612244694e-01 3.035714285714285685e-02 5.306122448979591621e-02
0.000000000000000000e+00 8.142857142857142794e-01 4.823129251700680187e-01 6.071428571428571369e-02 3.129251700680272391e-02
0.000000000000000000e+00 6.151785714285714635e-01 5.190476190476190910e-01 6.250000000000000000e-02 3.401360544217687382e-02
0.000000000000000000e+00 8.964285714285714635e-01 6.163265306122448495e-01 3.214285714285713969e-02 4.353741496598639155e-02
0.000000000000000000e+00 7.312499999999999556e-01 5.081632653061224358e-01 6.250000000000000000e-02 2.585034013605442063e-02
0.000000000000000000e+00 5.312500000000000000e-01 5.142857142857142350e-01 6.250000000000000000e-02 2.176870748299319577e-02
0.000000000000000000e+00 6.383928571428570953e-01 6.789115646258503389e-01 2.678571428571428423e-02 3.265306122448979886e-02
