0.000000000000000000e+00 2.462499999999999967e-01 4.165103189493433167e-01 8.749999999999999445e-02 3.001876172607880200e-01
0.000000000000000000e+00 4.187500000000000111e-01 3.696060037523452024e-01 8.000000000000000167e-02 2.701688555347092069e-01
0.000000000000000000e+00 4.156250000000000222e-01 6.538461538461538547e-01 6.375000000000000111e-02 3.020637898686679423e-01
0.000000000000000000e+00 4.893750000000000044e-01 6.407129455909943427e-01 8.375000000000000500e-02 2.345215759849906267e-01
0.000000000000000000e+00 4.212500000000000133e-01 8.893058161350844149e-01 7.249999999999999500e-02 1.651031894934333888e-01
0.000000000000000000e+00 4.793749999999999956e-01 8.386491557223264559e-01 4.624999999999999944e-02 4.878048780487805047e-02
0.000000000000000000e+00 5.256250000000000089e-01 8.395872420262664448e-01 3.624999999999999750e-02 6.566604127579737937e-02
0.000000000000000000e+00 4.812500000000000111e-01 8.986866791744840821e-01 3.500000000000000333e-02 3.752345215759850250e-02
0.000000000000000000e+00 4.843750000000000000e-01 9.437148217636022185e-01 3.874999999999999972e-02 3.752345215759850250e-02
0.000000000000000000e+00 2.481250000000000122e-01 7.551594746716697726e-01 8.874999999999999556e-02 1.031894934333958680e-01
