0.000000000000000000e+00 6.666666666666666574e-02 2.766666666666666718e-01 1.288888888888888862e-01 2.999999999999999889e-01
0.000000000000000000e+00 2.422222222222222276e-01 2.000000000000000111e-01 8.888888888888889228e-02 1.866666666666666752e-01
0.000000000000000000e+00 1.633333333333333304e-01 2.783333333333333215e-01 6.888888888888888840e-02 2.366666666666666641e-01
0.000000000000000000e+00 3.200000000000000067e-01 3.200000000000000067e-01 8.888888888888889228e-02 1.400000000000000133e-01
0.000000000000000000e+00 4.777777777777778012e-02 5.450000000000000400e-01 9.111111111111111494e-02 2.166666666666666741e-01
0.000000000000000000e+00 2.288888888888888917e-01 5.150000000000000133e-01 8.444444444444444697e-02 9.666666666666666463e-02
0.000000000000000000e+00 5.522222222222221699e-01 3.850000000000000089e-01 1.177777777777777729e-01 4.333333333333333481e-02
0.000000000000000000e+00 8.544444444444444509e-01 4.099999999999999756e-01 8.222222222222222432e-02 2.000000000000000042e-02
0.000000000000000000e+00 9.444444444444444198e-01 4.116666666666666807e-01 5.777777777777777513e-02 2.999999999999999889e-02
0.000000000000000000e+00 9.733333333333333837e-01 3.083333333333333481e-01 5.333333333333333676e-02 2.999999999999999889e-02
0.000000000000000000e+00 9.277777777777778123e-01 3.033333333333333437e-01 3.333333333333333287e-02 3.333333333333333287e-02
0.000000000000000000e+00 6.722222222222222765e-01 2.766666666666666718e-01 3.777777777777777818e-02 4.000000000000000083e-02
