0.000000000000000000e+00 2.383720930232558211e-01 8.050000000000000488e-01 8.914728682170543206e-02 2.033333333333333381e-01
0.000000000000000000e+00 3.498062015503876077e-01 6.733333333333333393e-01 4.069767441860465407e-02 9.333333333333333759e-02
0.000000000000000000e+00 4.089147286821705474e-01 4.500000000000000111e-01 9.689922480620155598e-02 3.599999999999999867e-01
0.000000000000000000e+00 4.951550387596899139e-01 2.999999999999999889e-01 7.170542635658914976e-02 1.000000000000000056e-01
0.000000000000000000e+00 5.319767441860464574e-01 3.666666666666666408e-01 4.844961240310077799e-02 8.000000000000000167e-02
0.000000000000000000e+00 4.253875968992247847e-01 6.800000000000000488e-01 7.945736434108527368e-02 1.133333333333333276e-01
0.000000000000000000e+00 5.465116279069767158e-01 6.650000000000000355e-01 1.511627906976744096e-01 1.566666666666666763e-01
0.000000000000000000e+00 5.290697674418605168e-01 5.466666666666666341e-01 8.139534883720930813e-02 8.000000000000000167e-02
0.000000000000000000e+00 6.240310077519379828e-01 2.333333333333333370e-01 1.666666666666666574e-01 1.933333333333333293e-01
0.000000000000000000e+00 6.569767441860464574e-01 8.000000000000000167e-02 8.914728682170543206e-02 1.066666666666666735e-01
0.000000000000000000e+00 5.930232558139535426e-01 1.100000000000000006e-01 3.875968992248061962e-02 7.333333333333333370e-02
0.000000000000000000e+00 6.346899224806201723e-01 4.566666666666666652e-01 1.414728682170542651e-01 2.466666666666666730e-01
0.000000000000000000e+00 7.519379844961240345e-01 4.949999999999999956e-01 8.914728682170543206e-02 1.833333333333333204e-01
0.000000000000000000e+00 7.238372093023255349e-01 6.316666666666667096e-01 1.996124031007751876e-01 1.100000000000000006e-01
0.000000000000000000e+00 7.325581395348836899e-01 7.383333333333332860e-01 1.627906976744186163e-01 1.033333333333333326e-01
0.000000000000000000e+00 7.509689922480620172e-01 8.216666666666666563e-01 1.027131782945736455e-01 7.000000000000000666e-02
0.000000000000000000e+00 7.538759689922480689e-01 9.316666666666666430e-01 6.201550387596899139e-02 1.366666666666666585e-01
