0.000000000000000000e+00 3.526041666666666630e-01 4.722222222222222099e-01 1.562500000000000000e-02 2.962962962962963076e-02
0.000000000000000000e+00 3.716145833333333592e-01 4.671296296296296169e-01 1.406250000000000035e-02 3.611111111111110772e-02
0.000000000000000000e+00 3.841145833333333148e-01 4.555555555555555469e-01 1.093749999999999931e-02 5.925925925925926152e-02
0.000000000000000000e+00 3.854166666666666852e-01 4.134259259259259189e-01 1.145833333333333252e-02 2.500000000000000139e-02
0.000000000000000000e+00 3.989583333333333592e-01 4.124999999999999778e-01 1.458333333333333356e-02 2.685185185185185244e-02
0.000000000000000000e+00 3.992187500000000111e-01 4.518518518518518379e-01 1.406250000000000035e-02 4.629629629629629373e-02
0.000000000000000000e+00 4.174479166666666408e-01 4.430555555555555358e-01 1.510416666666666678e-02 4.166666666666666435e-02
0.000000000000000000e+00 4.190104166666666630e-01 4.106481481481481510e-01 1.822916666666666782e-02 2.129629629629629581e-02
0.000000000000000000e+00 4.161458333333333259e-01 3.879629629629629539e-01 1.250000000000000069e-02 2.407407407407407413e-02
0.000000000000000000e+00 4.026041666666666519e-01 3.652777777777777568e-01 9.374999999999999653e-03 2.129629629629629581e-02
0.000000000000000000e+00 4.380208333333333592e-01 4.310185185185185230e-01 1.354166666666666713e-02 4.537037037037037340e-02
0.000000000000000000e+00 4.559895833333333370e-01 4.263888888888888729e-01 1.093749999999999931e-02 3.055555555555555455e-02
0.000000000000000000e+00 4.833333333333333370e-01 4.305555555555555802e-01 2.916666666666666713e-02 3.333333333333333287e-02
0.000000000000000000e+00 5.143229166666666297e-01 4.430555555555555358e-01 1.302083333333333391e-02 3.611111111111110772e-02
