0.000000000000000000e+00 3.605769230769230727e-01 4.848484848484848619e-01 4.807692307692307959e-02 5.454545454545454281e-02
0.000000000000000000e+00 3.769230769230769162e-01 5.303030303030302761e-01 2.692307692307692457e-02 6.060606060606060774e-02
0.000000000000000000e+00 3.576923076923076983e-01 5.909090909090909394e-01 5.769230769230769551e-02 5.454545454545454281e-02
0.000000000000000000e+00 4.144230769230769496e-01 5.803030303030303205e-01 4.038461538461538686e-02 9.393939393939393367e-02
0.000000000000000000e+00 4.625000000000000222e-01 6.045454545454544970e-01 3.653846153846154049e-02 6.363636363636362980e-02
0.000000000000000000e+00 5.615384615384615419e-01 6.090909090909091272e-01 5.384615384615384914e-02 7.272727272727272374e-02
0.000000000000000000e+00 6.134615384615385025e-01 6.424242424242424532e-01 7.307692307692308098e-02 7.878787878787878174e-02
0.000000000000000000e+00 7.076923076923077316e-01 6.121212121212120660e-01 3.076923076923077094e-02 4.848484848484848481e-02
0.000000000000000000e+00 5.846153846153846478e-01 7.545454545454545192e-01 2.307692307692307820e-02 4.848484848484848481e-02
0.000000000000000000e+00 5.336538461538461453e-01 7.030303030303030054e-01 2.115384615384615502e-02 2.424242424242424240e-02
