0.000000000000000000e+00 4.282226562500000000e-01 3.255131964809384049e-01 7.910156250000000000e-02 2.170087976539589458e-01
0.000000000000000000e+00 3.955078125000000000e-01 7.258064516129032751e-02 4.101562500000000000e-02 6.011730205278592587e-02
0.000000000000000000e+00 4.506835937500000000e-01 8.211143695014662403e-02 4.589843750000000000e-02 4.398826979472141019e-02
0.000000000000000000e+00 4.472656250000000000e-01 1.297653958944281483e-01 2.343750000000000000e-02 5.425219941348973646e-02
0.000000000000000000e+00 5.107421875000000000e-01 5.029325513196480912e-01 6.054687500000000000e-02 8.504398826979471526e-02
0.000000000000000000e+00 4.819335937500000000e-01 3.900293255131964676e-01 3.613281250000000000e-02 6.744868035190615396e-02
0.000000000000000000e+00 5.634765625000000000e-01 2.844574780058651275e-01 2.734375000000000000e-02 5.278592375366569084e-02
0.000000000000000000e+00 5.639648437500000000e-01 5.923753665689149850e-01 6.933593750000000000e-02 1.085043988269794729e-01
0.000000000000000000e+00 5.043945312500000000e-01 7.646627565982404562e-01 1.660156250000000000e-02 3.665689149560117516e-02
0.000000000000000000e+00 5.532226562500000000e-01 7.126099706744868367e-01 3.808593750000000000e-02 4.985337243401759266e-02
