0.000000000000000000e+00 2.129999999999999949e-01 1.114457831325301185e-01 9.800000000000000377e-02 2.168674698795180766e-01
0.000000000000000000e+00 3.840000000000000080e-01 1.039156626506024111e-01 7.599999999999999811e-02 2.018072289156626620e-01
0.000000000000000000e+00 3.210000000000000075e-01 2.620481927710843206e-01 1.980000000000000093e-01 1.626506024096385505e-01
0.000000000000000000e+00 2.829999999999999738e-01 4.472891566265060348e-01 3.099999999999999978e-01 2.500000000000000000e-01
0.000000000000000000e+00 2.119999999999999940e-01 6.852409638554216587e-01 2.240000000000000047e-01 2.078313253012048223e-01
0.000000000000000000e+00 4.199999999999999845e-01 6.415662650602409478e-01 1.360000000000000098e-01 1.144578313253011986e-01
0.000000000000000000e+00 1.229999999999999982e-01 8.418674698795181044e-01 6.199999999999999956e-02 9.939759036144578397e-02
0.000000000000000000e+00 1.749999999999999889e-01 9.307228915662650870e-01 6.600000000000000311e-02 1.024096385542168641e-01
0.000000000000000000e+00 3.119999999999999996e-01 8.765060240963855609e-01 6.800000000000000488e-02 1.325301204819277212e-01
0.000000000000000000e+00 5.080000000000000071e-01 4.262048192771084598e-01 5.999999999999999778e-02 2.138554216867469826e-01
0.000000000000000000e+00 6.700000000000000400e-01 1.370481927710843484e-01 4.399999999999999745e-02 2.680722891566265087e-01
0.000000000000000000e+00 6.199999999999999956e-01 5.120481927710843206e-02 4.000000000000000083e-02 9.638554216867470381e-02
0.000000000000000000e+00 6.280000000000000027e-01 3.057228915662650870e-01 8.400000000000000522e-02 2.078313253012048223e-01
0.000000000000000000e+00 6.280000000000000027e-01 4.683734939759036098e-01 1.079999999999999988e-01 1.054216867469879582e-01
0.000000000000000000e+00 6.320000000000000062e-01 5.948795180722891152e-01 2.359999999999999876e-01 1.897590361445783136e-01
0.000000000000000000e+00 7.279999999999999805e-01 3.915662650602409478e-01 4.800000000000000100e-02 2.289156626506023973e-01
0.000000000000000000e+00 8.129999999999999449e-01 7.274096385542169196e-01 6.199999999999999956e-02 2.439759036144578397e-01
0.000000000000000000e+00 8.860000000000000098e-01 7.168674698795181044e-01 4.800000000000000100e-02 1.807228915662650592e-01
0.000000000000000000e+00 7.039999999999999591e-01 7.530120481927711218e-01 1.680000000000000104e-01 1.084337349397590383e-01
0.000000000000000000e+00 5.040000000000000036e-01 7.801204819277108848e-01 3.599999999999999728e-02 1.506024096385542299e-01
0.000000000000000000e+00 5.590000000000000524e-01 8.343373493975904109e-01 7.000000000000000666e-02 7.228915662650602092e-02
