0.000000000000000000e+00 5.754166666666666874e-01 5.406250000000000222e-01 2.208333333333333259e-01 1.012500000000000067e-01
0.000000000000000000e+00 6.412499999999999867e-01 4.531250000000000000e-01 1.458333333333333426e-01 7.374999999999999611e-02
0.000000000000000000e+00 6.991666666666667140e-01 5.062499999999999778e-01 2.500000000000000139e-02 5.000000000000000278e-02
0.000000000000000000e+00 7.129166666666666430e-01 3.537500000000000089e-01 5.583333333333333204e-02 1.125000000000000028e-01
0.000000000000000000e+00 7.558333333333333570e-01 4.174999999999999822e-01 2.833333333333333190e-02 1.024999999999999939e-01
0.000000000000000000e+00 7.962500000000000133e-01 4.056250000000000133e-01 4.416666666666666657e-02 5.374999999999999917e-02
0.000000000000000000e+00 2.558333333333333570e-01 5.606250000000000400e-01 3.166666666666666935e-02 2.624999999999999903e-02
0.000000000000000000e+00 1.995833333333333348e-01 5.743749999999999689e-01 4.250000000000000305e-02 2.875000000000000125e-02
0.000000000000000000e+00 7.299999999999999822e-01 4.400000000000000022e-01 3.166666666666666935e-02 5.999999999999999778e-02
0.000000000000000000e+00 6.283333333333332993e-01 3.862499999999999822e-01 7.666666666666666075e-02 5.750000000000000250e-02
