0.000000000000000000e+00 1.679245283018867829e-01 6.322418136020151458e-01 7.924528301886792081e-02 4.534005037783375019e-02
0.000000000000000000e+00 1.490566037735849003e-01 7.052896725440805925e-01 7.924528301886792081e-02 6.549118387909319550e-02
0.000000000000000000e+00 2.273584905660377409e-01 6.586901763224181083e-01 7.735849056603773255e-02 1.586901763224181361e-01
0.000000000000000000e+00 3.726415094339622369e-01 6.662468513853904151e-01 2.056603773584905759e-01 1.133501259445843790e-01
0.000000000000000000e+00 4.169811320754717165e-01 5.654911838790932510e-01 3.773584905660377214e-02 9.823677581863979325e-02
0.000000000000000000e+00 4.952830188679245293e-01 6.284634760705289924e-01 3.584905660377358388e-02 5.793450881612090958e-02
0.000000000000000000e+00 5.490566037735848948e-01 6.246851385390428391e-01 5.660377358490566169e-02 7.052896725440806203e-02
0.000000000000000000e+00 6.433962264150943078e-01 6.272040302267002376e-01 6.792452830188679125e-02 1.007556675062972334e-01
0.000000000000000000e+00 6.716981132075471317e-01 7.027707808564231939e-01 7.169811320754716777e-02 6.549118387909319550e-02
0.000000000000000000e+00 7.160377358490566113e-01 6.712846347607053232e-01 5.471698113207547343e-02 8.312342569269520753e-02
0.000000000000000000e+00 7.858490566037735769e-01 7.191435768261964512e-01 8.113207547169810907e-02 8.816120906801007406e-02
0.000000000000000000e+00 8.509433962264151274e-01 6.385390428211586977e-01 8.679245283018867385e-02 9.319899244332494059e-02
0.000000000000000000e+00 9.849056603773584939e-01 5.340050377833752693e-01 3.018867924528301910e-02 1.108312342569269526e-01
0.000000000000000000e+00 4.433962264150943522e-01 8.161209068010075729e-01 4.905660377358490865e-02 5.541561712846347632e-02
0.000000000000000000e+00 6.235849056603773866e-01 8.324937027707808301e-01 3.584905660377358388e-02 3.274559193954659775e-02
