0.000000000000000000e+00 2.520833333333333259e-01 6.125000000000000444e-01 3.250000000000000111e-02 1.074999999999999983e-01
0.000000000000000000e+00 2.795833333333333504e-01 6.456250000000000044e-01 3.083333333333333412e-02 7.374999999999999611e-02
0.000000000000000000e+00 3.883333333333333082e-01 6.800000000000000488e-01 5.999999999999999778e-02 8.500000000000000611e-02
0.000000000000000000e+00 3.562500000000000111e-01 7.943750000000000533e-01 3.083333333333333412e-02 5.874999999999999667e-02
0.000000000000000000e+00 3.929166666666666918e-01 8.737500000000000266e-01 5.583333333333333204e-02 6.500000000000000222e-02
0.000000000000000000e+00 4.008333333333333193e-01 7.793750000000000400e-01 4.000000000000000083e-02 1.162500000000000061e-01
0.000000000000000000e+00 4.404166666666666785e-01 7.574999999999999512e-01 4.583333333333333010e-02 1.150000000000000050e-01
0.000000000000000000e+00 5.091666666666666563e-01 8.693750000000000089e-01 8.666666666666666963e-02 1.762499999999999900e-01
0.000000000000000000e+00 5.658333333333332993e-01 8.425000000000000266e-01 3.666666666666666685e-02 6.250000000000000000e-02
0.000000000000000000e+00 6.066666666666666874e-01 9.243749999999999467e-01 2.999999999999999889e-02 8.624999999999999334e-02
