0.000000000000000000e+00 3.790170132325141883e-01 6.496815286624203489e-01 3.969754253308128283e-02 2.547770700636942803e-02
0.000000000000000000e+00 4.480151228733459390e-01 6.313694267515923553e-01 1.020793950850661658e-01 3.980891719745222740e-02
0.000000000000000000e+00 5.368620037807183554e-01 6.329617834394904996e-01 6.427221172022684614e-02 3.343949044585987213e-02
0.000000000000000000e+00 2.930056710775047132e-02 6.656050955414012371e-01 4.347826086956521618e-02 4.458598726114649385e-02
0.000000000000000000e+00 5.491493383742911405e-01 8.081210191082802696e-01 4.347826086956521618e-02 4.299363057324840504e-02
0.000000000000000000e+00 7.410207939508506314e-01 4.848726114649681285e-01 4.158790170132325298e-02 4.936305732484076725e-02
0.000000000000000000e+00 7.901701323251417719e-01 5.167197452229299603e-01 5.293005671077504609e-02 5.891719745222930016e-02
0.000000000000000000e+00 7.731568998109641377e-01 3.065286624203821808e-01 1.096408317580340325e-01 8.121019108280254362e-02
0.000000000000000000e+00 9.555765595463138196e-01 3.813694267515923553e-01 5.860113421550094265e-02 4.617834394904458267e-02
0.000000000000000000e+00 7.438563327032136074e-01 2.030254777070063799e-01 1.190926275992438554e-01 6.210191082802547780e-02
0.000000000000000000e+00 5.141776937618147691e-01 6.878980891719744806e-01 4.158790170132325298e-02 2.229299363057324693e-02
