0.000000000000000000e+00 1.475237091675447865e-01 5.885860306643951878e-01 3.371970495258166250e-02 9.369676320272572745e-02
0.000000000000000000e+00 1.759747102212855518e-01 5.783645655877341918e-01 1.685985247629083125e-02 2.555366269165246923e-02
0.000000000000000000e+00 1.791359325605900998e-01 6.115843270868824844e-01 1.896733403582718733e-02 2.725724020442930190e-02
0.000000000000000000e+00 2.792413066385668885e-01 6.431005110732538332e-01 8.429926238145415626e-03 6.643952299829641861e-02
0.000000000000000000e+00 3.493150684931506933e-01 6.482112436115843312e-01 1.580611169652265668e-02 6.984667802385008395e-02
0.000000000000000000e+00 3.946259220231823073e-01 6.575809199318568554e-01 3.898840885142255269e-02 8.177172061328789876e-02
0.000000000000000000e+00 4.362486828240252912e-01 6.064735945485519863e-01 1.685985247629083125e-02 6.473594548551958594e-02
0.000000000000000000e+00 4.694415173867228508e-01 6.405451448040886397e-01 2.212855637513171797e-02 2.725724020442930190e-02
0.000000000000000000e+00 5.010537407797681642e-01 6.490630323679726921e-01 2.423603793466807058e-02 2.044293015332197469e-02
0.000000000000000000e+00 5.384615384615384359e-01 6.260647359454855065e-01 4.004214963119072379e-02 8.006814310051107997e-02
0.000000000000000000e+00 5.858798735511063782e-01 6.226575809199318412e-01 4.636459430979979202e-02 9.369676320272572745e-02
0.000000000000000000e+00 6.585879873551105934e-01 6.260647359454855065e-01 8.219178082191780366e-02 9.028960817717206211e-02
0.000000000000000000e+00 7.218124341412012202e-01 5.672913117546848349e-01 3.371970495258166250e-02 9.199318568994889478e-02
0.000000000000000000e+00 7.750263435194941763e-01 6.047700170357751537e-01 9.167544783983140599e-02 1.771720613287904589e-01
0.000000000000000000e+00 8.472075869336143095e-01 5.153321976149914940e-01 8.008429926238144758e-02 9.710391822827939279e-02
