0.000000000000000000e+00 7.647352647352647637e-01 7.803124999999999645e-01 7.492507492507492761e-02 1.256249999999999867e-01
0.000000000000000000e+00 8.766233766233766378e-01 7.403125000000000400e-01 1.228771228771228796e-01 6.062499999999999833e-02
0.000000000000000000e+00 9.050949050949050889e-01 6.821874999999999467e-01 8.591408591408591922e-02 5.937499999999999722e-02
0.000000000000000000e+00 2.932067932067932148e-01 8.881250000000000533e-01 1.208791208791208799e-01 8.999999999999999667e-02
0.000000000000000000e+00 4.080919080919080955e-01 9.234375000000000222e-01 1.008991008991008964e-01 2.687499999999999958e-02
0.000000000000000000e+00 5.029970029970030065e-01 9.224999999999999867e-01 6.493506493506492894e-02 2.500000000000000139e-02
0.000000000000000000e+00 4.600399600399600608e-01 7.303125000000000311e-01 5.494505494505494414e-02 8.437500000000000555e-02
0.000000000000000000e+00 5.229770229770229761e-01 7.718749999999999778e-01 8.491508491508491241e-02 1.237499999999999989e-01
0.000000000000000000e+00 5.244755244755244794e-01 8.678124999999999867e-01 5.794205794205794374e-02 7.187499999999999445e-02
0.000000000000000000e+00 5.454545454545454142e-01 6.056249999999999689e-01 8.991008991008990481e-02 5.625000000000000139e-02
0.000000000000000000e+00 3.606393606393606399e-01 6.781249999999999778e-01 9.390609390609390428e-02 1.325000000000000067e-01
0.000000000000000000e+00 2.782217782217782376e-01 7.068750000000000311e-01 9.090909090909091161e-02 5.999999999999999778e-02
0.000000000000000000e+00 2.647352647352647220e-02 6.250000000000000000e-01 4.495504495504495240e-02 2.512499999999999734e-01
0.000000000000000000e+00 5.944055944055944007e-02 8.024999999999999911e-01 1.168831168831168804e-01 7.000000000000000666e-02
0.000000000000000000e+00 9.190809190809190454e-02 5.574999999999999956e-01 8.791208791208791895e-02 8.874999999999999556e-02
0.000000000000000000e+00 5.794205794205794374e-02 2.303125000000000033e-01 1.098901098901098883e-01 1.431250000000000022e-01
0.000000000000000000e+00 1.958041958041958075e-01 3.012500000000000178e-01 1.758241758241758379e-01 4.499999999999999833e-02
0.000000000000000000e+00 3.926073926073925802e-01 3.371874999999999734e-01 1.498501498501498552e-01 7.687499999999999889e-02
0.000000000000000000e+00 9.665334665334665010e-01 5.818750000000000311e-01 4.295704295704295961e-02 4.125000000000000194e-02
0.000000000000000000e+00 4.580419580419580194e-01 6.287500000000000311e-01 9.490509490509491108e-02 1.037499999999999950e-01
0.000000000000000000e+00 9.940059940059940702e-02 4.640624999999999889e-01 7.292707292707292788e-02 4.187500000000000250e-02
0.000000000000000000e+00 9.240759240759240101e-02 7.375000000000000444e-01 5.694305694305694387e-02 5.124999999999999695e-02
0.000000000000000000e+00 1.683316683316683215e-01 9.046874999999999778e-01 1.088911088911088954e-01 5.812500000000000305e-02
0.000000000000000000e+00 6.158841158841158459e-01 9.193750000000000533e-01 1.048951048951048959e-01 3.125000000000000000e-02
0.000000000000000000e+00 6.928071928071928287e-01 7.859374999999999556e-01 5.094905094905095161e-02 5.187499999999999750e-02
