0.000000000000000000e+00 3.256513026052104132e-01 5.647590361445783413e-01 1.803607214428857783e-02 1.295180722891566272e-01
0.000000000000000000e+00 3.106212424849699172e-01 4.548192771084337283e-01 4.408817635270541324e-02 5.421686746987951916e-02
0.000000000000000000e+00 4.348697394789579063e-01 5.436746987951807109e-01 2.404809619238476928e-02 3.313253012048193030e-02
0.000000000000000000e+00 5.060120240480961984e-01 6.069277108433734913e-01 3.006012024048096073e-02 5.120481927710843206e-02
0.000000000000000000e+00 5.791583166332665567e-01 5.843373493975904109e-01 2.004008016032064049e-02 5.421686746987951916e-02
0.000000000000000000e+00 6.272545090180360328e-01 6.430722891566265087e-01 4.408817635270541324e-02 8.734939759036144946e-02
0.000000000000000000e+00 6.983967935871743249e-01 8.463855421686746761e-01 4.208416833667334711e-02 1.084337349397590383e-01
0.000000000000000000e+00 7.434869739478957573e-01 8.734939759036144391e-01 5.611222444889779615e-02 9.638554216867470381e-02
0.000000000000000000e+00 8.096192384769539396e-01 8.704819277108434283e-01 4.809619238476953856e-02 7.831325301204819511e-02
0.000000000000000000e+00 8.517034068136272174e-01 7.740963855421686413e-01 4.408817635270541324e-02 6.626506024096386060e-02
0.000000000000000000e+00 6.803607214428857297e-01 3.674698795180723065e-01 3.406813627254508953e-02 4.216867469879517771e-02
0.000000000000000000e+00 7.645290581162325072e-01 3.659638554216867457e-01 6.212424849699398760e-02 4.518072289156626481e-02
0.000000000000000000e+00 7.545090180360721765e-01 4.412650602409638467e-01 2.605210420841683194e-02 5.722891566265059932e-02
0.000000000000000000e+00 8.406813627254509091e-01 3.478915662650602370e-01 7.815631262525049583e-02 8.132530120481927527e-02
0.000000000000000000e+00 8.196392785571142703e-01 2.575301204819276935e-01 2.805611222444889807e-02 8.132530120481927527e-02
0.000000000000000000e+00 8.507014028056112398e-01 1.521084337349397630e-01 4.609218436873747243e-02 1.114457831325301185e-01
0.000000000000000000e+00 7.895791583166332783e-01 1.581325301204819234e-01 2.404809619238476928e-02 5.120481927710843206e-02
0.000000000000000000e+00 9.198396793587174658e-01 2.213855421686747038e-01 3.607214428857715566e-02 7.530120481927711495e-02
0.000000000000000000e+00 9.038076152304609368e-01 2.680722891566265087e-01 3.607214428857715566e-02 6.024096385542168641e-02
0.000000000000000000e+00 8.897795591182364738e-01 3.192771084337349130e-01 1.603206412825651170e-02 3.614457831325301046e-02
0.000000000000000000e+00 9.018036072144288706e-01 3.885542168674698815e-01 3.206412825651302340e-02 3.012048192771084321e-02
0.000000000000000000e+00 8.146292585170340494e-01 4.186746987951807109e-01 2.204408817635270662e-02 3.614457831325301046e-02
