0.000000000000000000e+00 7.199999999999999456e-02 4.011627906976744096e-01 3.599999999999999728e-02 9.883720930232557655e-02
0.000000000000000000e+00 1.089999999999999997e-01 4.389534883720930258e-01 4.200000000000000261e-02 1.162790697674418589e-01
0.000000000000000000e+00 1.439999999999999891e-01 3.909883720930232287e-01 4.399999999999999745e-02 7.267441860465116699e-02
0.000000000000000000e+00 1.479999999999999927e-01 4.709302325581395388e-01 3.599999999999999728e-02 7.558139534883720478e-02
0.000000000000000000e+00 1.789999999999999925e-01 4.011627906976744096e-01 2.199999999999999872e-02 4.069767441860465407e-02
0.000000000000000000e+00 2.600000000000000089e-01 5.465116279069767158e-01 2.400000000000000050e-02 8.720930232558139761e-02
0.000000000000000000e+00 3.039999999999999925e-01 5.973837209302325091e-01 4.800000000000000100e-02 7.267441860465116699e-02
0.000000000000000000e+00 2.580000000000000071e-01 6.598837209302325091e-01 4.800000000000000100e-02 6.395348837209302584e-02
0.000000000000000000e+00 3.930000000000000160e-01 6.845930232558139483e-01 4.200000000000000261e-02 7.848837209302325646e-02
0.000000000000000000e+00 5.080000000000000071e-01 6.889534883720930258e-01 3.200000000000000067e-02 5.813953488372092943e-02
0.000000000000000000e+00 5.440000000000000391e-01 6.191860465116278966e-01 6.800000000000000488e-02 6.976744186046511531e-02
0.000000000000000000e+00 5.250000000000000222e-01 4.825581395348837455e-01 8.599999999999999312e-02 3.488372093023255766e-02
0.000000000000000000e+00 5.949999999999999734e-01 4.709302325581395388e-01 1.799999999999999864e-02 3.488372093023255766e-02
0.000000000000000000e+00 6.410000000000000142e-01 6.133720930232557933e-01 1.400000000000000029e-02 3.488372093023255766e-02
0.000000000000000000e+00 6.580000000000000293e-01 6.438953488372093359e-01 2.000000000000000042e-02 4.941860465116278828e-02
0.000000000000000000e+00 6.989999999999999547e-01 6.715116279069767158e-01 6.600000000000000311e-02 1.279069767441860517e-01
0.000000000000000000e+00 7.520000000000000018e-01 6.860465116279069742e-01 2.000000000000000042e-02 4.651162790697674354e-02
0.000000000000000000e+00 5.490000000000000435e-01 7.122093023255814392e-01 5.399999999999999939e-02 2.325581395348837177e-02
0.000000000000000000e+00 6.219999999999999973e-01 8.241279069767442067e-01 1.600000000000000033e-02 9.011627906976743541e-02
