0.000000000000000000e+00 3.410000000000000253e-01 5.308641975308642236e-01 7.000000000000000666e-02 6.172839506172839164e-02
0.000000000000000000e+00 4.650000000000000244e-01 4.953703703703703498e-01 1.739999999999999880e-01 1.327160493827160559e-01
0.000000000000000000e+00 4.590000000000000191e-01 3.549382716049382935e-01 1.179999999999999938e-01 1.728395061728394966e-01
0.000000000000000000e+00 4.819999999999999840e-01 2.037037037037036924e-01 9.199999999999999845e-02 1.234567901234567833e-01
0.000000000000000000e+00 6.139999999999999902e-01 5.154320987654320563e-01 1.199999999999999956e-01 9.259259259259258745e-02
0.000000000000000000e+00 5.590000000000000524e-01 6.481481481481481399e-01 3.400000000000000244e-02 4.938271604938271331e-02
0.000000000000000000e+00 4.420000000000000040e-01 6.435185185185184897e-01 2.800000000000000058e-02 5.246913580246913289e-02
0.000000000000000000e+00 1.930000000000000049e-01 6.388888888888888395e-01 2.999999999999999889e-02 4.320987654320987414e-02
0.000000000000000000e+00 6.989999999999999547e-01 6.512345679012345734e-01 5.000000000000000278e-02 4.320987654320987414e-02
0.000000000000000000e+00 7.329999999999999849e-01 4.490740740740740700e-01 6.199999999999999956e-02 1.450617283950617342e-01
0.000000000000000000e+00 7.810000000000000275e-01 3.688271604938271331e-01 4.200000000000000261e-02 1.203703703703703637e-01
0.000000000000000000e+00 9.060000000000000275e-01 4.583333333333333148e-01 1.880000000000000004e-01 1.944444444444444475e-01
0.000000000000000000e+00 9.809999999999999831e-01 3.132716049382716084e-01 3.799999999999999906e-02 9.567901234567900703e-02
0.000000000000000000e+00 8.469999999999999751e-01 6.512345679012345734e-01 2.999999999999999889e-02 5.555555555555555247e-02
0.000000000000000000e+00 9.839999999999999858e-01 6.558641975308642236e-01 3.200000000000000067e-02 5.246913580246913289e-02
