0.000000000000000000e+00 2.708333333333333426e-02 8.341968911917098106e-01 5.249999999999999806e-02 1.088082901554404125e-01
0.000000000000000000e+00 1.104166666666666630e-01 8.387305699481865107e-01 1.091666666666666619e-01 6.865284974093263659e-02
0.000000000000000000e+00 2.966666666666666896e-01 8.186528497409326643e-01 2.600000000000000089e-01 9.326424870466321071e-02
0.000000000000000000e+00 2.154166666666666730e-01 7.422279792746113714e-01 3.583333333333333509e-02 5.440414507772020625e-02
0.000000000000000000e+00 2.595833333333333326e-01 7.480569948186528428e-01 2.249999999999999917e-02 4.533678756476684085e-02
0.000000000000000000e+00 3.275000000000000133e-01 7.383419689119170570e-01 7.333333333333333370e-02 6.735751295336787903e-02
0.000000000000000000e+00 4.099999999999999756e-01 7.286269430051813822e-01 2.999999999999999889e-02 7.901554404145078037e-02
0.000000000000000000e+00 5.266666666666666163e-01 8.044041450777201785e-01 2.049999999999999878e-01 1.139896373056994844e-01
0.000000000000000000e+00 4.816666666666666874e-01 7.072538860103626535e-01 2.999999999999999889e-02 8.290155440414508081e-02
0.000000000000000000e+00 5.387499999999999512e-01 7.066062176165802677e-01 6.250000000000000000e-02 8.678756476683938126e-02
0.000000000000000000e+00 6.112499999999999600e-01 6.930051813471502786e-01 3.083333333333333412e-02 1.010362694300518116e-01
0.000000000000000000e+00 6.429166666666666918e-01 7.623056994818653287e-01 2.750000000000000014e-02 1.852331606217616500e-01
0.000000000000000000e+00 7.058333333333333126e-01 7.895077720207254179e-01 9.166666666666666019e-02 1.360103626943005295e-01
0.000000000000000000e+00 7.412499999999999645e-01 6.962435233160622072e-01 3.083333333333333412e-02 4.792746113989636986e-02
0.000000000000000000e+00 7.987499999999999600e-01 8.063471502590673357e-01 9.416666666666666241e-02 8.937823834196891026e-02
0.000000000000000000e+00 7.737500000000000488e-01 6.878238341968911929e-01 2.750000000000000014e-02 8.031088082901553793e-02
0.000000000000000000e+00 9.266666666666666385e-01 8.108808290155440357e-01 1.466666666666666674e-01 7.772020725388600892e-02
0.000000000000000000e+00 9.687500000000000000e-01 7.253886010362694536e-01 6.250000000000000000e-02 8.549222797927460982e-02
