0.000000000000000000e+00 4.240890688259109087e-01 4.628975265017667984e-01 5.465587044534413186e-02 1.837455830388692590e-01
0.000000000000000000e+00 4.929149797570850366e-01 3.162544169611307687e-01 1.234817813765182182e-01 1.095406360424028280e-01
0.000000000000000000e+00 5.313765182186235281e-01 2.067137809187279129e-01 5.870445344129554543e-02 1.095406360424028280e-01
0.000000000000000000e+00 5.668016194331984003e-01 7.773851590106006793e-02 3.238866396761133637e-02 1.484098939929328620e-01
0.000000000000000000e+00 5.101214574898785825e-01 4.752650176678445137e-01 1.133603238866396773e-01 2.014134275618374437e-01
0.000000000000000000e+00 5.931174089068825817e-01 5.123674911660777154e-01 6.072874493927125222e-02 1.908127208480565329e-01
0.000000000000000000e+00 5.303643724696356365e-01 6.148409893992933251e-01 4.453441295546558404e-02 7.773851590106006793e-02
0.000000000000000000e+00 5.870445344129554543e-01 7.332155477031802038e-01 6.477732793522267274e-02 4.593639575971731476e-02
0.000000000000000000e+00 9.848178137651821817e-01 7.226148409893993207e-01 3.036437246963562611e-02 6.007067137809186941e-02
0.000000000000000000e+00 2.975708502024291269e-01 5.477031802120141402e-01 2.024291497975708523e-02 7.067137809187279407e-02
