0.000000000000000000e+00 6.700000000000000400e-02 5.133333333333333082e-01 1.179999999999999938e-01 3.466666666666666508e-02
0.000000000000000000e+00 1.809999999999999942e-01 4.933333333333333459e-01 5.399999999999999939e-02 1.120000000000000023e-01
0.000000000000000000e+00 2.449999999999999956e-01 5.333333333333333259e-01 6.600000000000000311e-02 4.800000000000000100e-02
0.000000000000000000e+00 3.509999999999999787e-01 3.280000000000000138e-01 4.599999999999999922e-02 1.546666666666666745e-01
0.000000000000000000e+00 4.179999999999999827e-01 3.880000000000000115e-01 8.400000000000000522e-02 6.133333333333332998e-02
0.000000000000000000e+00 3.940000000000000169e-01 4.573333333333333139e-01 1.039999999999999952e-01 5.066666666666666541e-02
0.000000000000000000e+00 5.500000000000000028e-02 4.560000000000000164e-01 7.799999999999999989e-02 7.466666666666667285e-02
0.000000000000000000e+00 1.219999999999999973e-01 4.400000000000000022e-01 4.800000000000000100e-02 5.333333333333333676e-02
0.000000000000000000e+00 5.699999999999999512e-01 4.106666666666666798e-01 5.199999999999999761e-02 3.200000000000000067e-02
0.000000000000000000e+00 6.019999999999999796e-01 4.680000000000000271e-01 8.000000000000000167e-02 4.000000000000000083e-02
0.000000000000000000e+00 6.630000000000000338e-01 4.506666666666666599e-01 4.200000000000000261e-02 1.066666666666666735e-01
0.000000000000000000e+00 7.469999999999999973e-01 4.199999999999999845e-01 4.599999999999999922e-02 4.533333333333333659e-02
0.000000000000000000e+00 7.479999999999999982e-01 4.666666666666666741e-01 9.600000000000000200e-02 2.666666666666666838e-02
0.000000000000000000e+00 8.329999999999999627e-01 4.119999999999999774e-01 8.200000000000000344e-02 5.600000000000000117e-02
0.000000000000000000e+00 8.970000000000000195e-01 3.786666666666666514e-01 3.400000000000000244e-02 4.800000000000000100e-02
0.000000000000000000e+00 8.940000000000000169e-01 4.480000000000000093e-01 5.600000000000000117e-02 2.666666666666666838e-02
0.000000000000000000e+00 9.389999999999999458e-01 3.853333333333333610e-01 4.599999999999999922e-02 3.466666666666666508e-02
0.000000000000000000e+00 2.260000000000000064e-01 4.426666666666666528e-01 5.600000000000000117e-02 6.400000000000000133e-02
0.000000000000000000e+00 2.969999999999999862e-01 4.413333333333333552e-01 4.599999999999999922e-02 3.466666666666666508e-02
