0.000000000000000000e+00 1.494791666666666630e-01 4.208333333333333370e-01 3.645833333333333565e-02 1.398148148148148084e-01
0.000000000000000000e+00 1.908854166666666685e-01 4.240740740740740478e-01 3.906250000000000000e-02 1.370370370370370405e-01
0.000000000000000000e+00 2.335937499999999889e-01 4.291666666666666408e-01 3.802083333333333010e-02 1.361111111111110994e-01
0.000000000000000000e+00 2.765624999999999889e-01 4.305555555555555802e-01 4.062500000000000139e-02 1.314814814814814770e-01
0.000000000000000000e+00 1.466145833333333259e-01 5.416666666666666297e-01 3.489583333333333426e-02 7.962962962962963354e-02
0.000000000000000000e+00 1.890624999999999944e-01 5.458333333333332815e-01 3.749999999999999861e-02 8.796296296296296502e-02
0.000000000000000000e+00 2.333333333333333370e-01 5.736111111111110716e-01 3.437500000000000278e-02 1.324074074074074181e-01
0.000000000000000000e+00 2.736979166666666519e-01 5.759259259259259522e-01 3.593749999999999722e-02 1.351851851851851860e-01
0.000000000000000000e+00 4.541666666666666630e-01 4.453703703703703609e-01 2.916666666666666713e-02 1.222222222222222182e-01
0.000000000000000000e+00 4.888020833333333592e-01 4.486111111111111271e-01 3.697916666666666713e-02 1.268518518518518545e-01
0.000000000000000000e+00 4.531250000000000000e-01 5.722222222222221877e-01 3.125000000000000000e-02 1.092592592592592643e-01
0.000000000000000000e+00 4.864583333333333259e-01 5.759259259259259522e-01 3.020833333333333356e-02 1.240740740740740727e-01
0.000000000000000000e+00 5.268229166666666963e-01 6.152777777777778123e-01 3.177083333333333148e-02 5.833333333333333426e-02
0.000000000000000000e+00 5.625000000000000000e-01 6.226851851851852304e-01 3.333333333333333287e-02 4.351851851851851888e-02
