0.000000000000000000e+00 1.290571870170015567e-01 3.994360902255639223e-01 1.375579598145285909e-01 2.819548872180450971e-02
0.000000000000000000e+00 2.364760432766615239e-01 2.279135338345864570e-01 5.564142194744976788e-02 5.733082706766916975e-02
0.000000000000000000e+00 2.913446676970633531e-01 1.682330827067669288e-01 6.646058732612056263e-02 8.646616541353382979e-02
0.000000000000000000e+00 3.933539412673879299e-01 2.720864661654135430e-01 6.027820710973724738e-02 5.733082706766916975e-02
0.000000000000000000e+00 5.471406491499227753e-01 4.064849624060150601e-01 5.255023183925811719e-02 4.793233082706766651e-02
0.000000000000000000e+00 6.166924265842349540e-01 3.942669172932330990e-01 8.964451313755796014e-02 3.289473684210526133e-02
0.000000000000000000e+00 1.823802163833075640e-01 4.600563909774436078e-01 4.636785162287480888e-02 3.665413533834586263e-02
0.000000000000000000e+00 4.675425038639876574e-01 3.157894736842105088e-01 4.791344667697063076e-02 3.571428571428571230e-02
0.000000000000000000e+00 5.842349304482226113e-01 3.059210526315789269e-01 1.298299845440494538e-01 6.672932330827067993e-02
0.000000000000000000e+00 6.761978361669243043e-01 2.608082706766917114e-01 1.993817619783616601e-01 4.229323308270676457e-02
0.000000000000000000e+00 6.700154559505409058e-01 2.020676691729323404e-01 1.221020092735703305e-01 6.766917293233082331e-02
