0.000000000000000000e+00 1.323907455012853507e-01 6.005859375000000000e-01 5.655526992287917415e-02 8.007812500000000000e-02
0.000000000000000000e+00 9.125964010282776318e-02 6.640625000000000000e-01 1.542416452442159358e-02 5.078125000000000000e-02
0.000000000000000000e+00 1.246786632390745470e-01 6.962890625000000000e-01 3.084832904884318716e-02 2.148437500000000000e-02
0.000000000000000000e+00 2.313624678663239176e-01 5.878906250000000000e-01 4.627249357326478074e-02 5.859375000000000000e-02
0.000000000000000000e+00 2.062982005141388298e-01 6.718750000000000000e-01 5.012853470437018261e-02 1.953125000000000000e-02
0.000000000000000000e+00 2.069408740359897081e-01 6.982421875000000000e-01 3.856041131105398395e-02 2.148437500000000000e-02
0.000000000000000000e+00 4.113110539845758473e-01 5.166015625000000000e-01 6.683804627249356756e-02 8.007812500000000000e-02
0.000000000000000000e+00 5.257069408740360217e-01 5.048828125000000000e-01 2.827763496143958707e-02 4.101562500000000000e-02
0.000000000000000000e+00 5.964010282776349703e-01 4.746093750000000000e-01 6.940874035989717805e-02 7.031250000000000000e-02
0.000000000000000000e+00 6.677377892030847972e-01 3.818359375000000000e-01 4.498714652956298243e-02 1.855468750000000000e-01
0.000000000000000000e+00 7.377892030848328675e-01 3.750000000000000000e-01 9.254498714652956148e-02 1.562500000000000000e-01
0.000000000000000000e+00 9.113110539845757918e-01 3.701171875000000000e-01 9.254498714652956148e-02 7.226562500000000000e-02
0.000000000000000000e+00 8.766066838046272514e-01 4.560546875000000000e-01 2.827763496143958707e-02 5.273437500000000000e-02
0.000000000000000000e+00 6.150385604113111082e-01 5.957031250000000000e-01 4.241645244215938582e-02 1.562500000000000000e-02
0.000000000000000000e+00 5.533419023136246784e-01 6.083984375000000000e-01 5.012853470437018261e-02 1.757812500000000000e-02
0.000000000000000000e+00 6.619537275064267812e-01 5.839843750000000000e-01 4.627249357326478074e-02 2.343750000000000000e-02
0.000000000000000000e+00 5.944730077120822243e-01 5.351562500000000000e-01 4.241645244215938582e-02 4.687500000000000000e-02
0.000000000000000000e+00 7.840616966580976621e-01 5.546875000000000000e-01 4.370179948586118412e-02 1.953125000000000000e-02
0.000000000000000000e+00 8.258354755784061974e-01 5.107421875000000000e-01 3.470437017994858903e-02 2.148437500000000000e-02
