0.000000000000000000e+00 5.579631635969663911e-02 4.358552631578947456e-01 1.094257854821235054e-01 2.861842105263157632e-01
0.000000000000000000e+00 1.440953412784398702e-01 4.490131578947368363e-01 8.017334777898157960e-02 2.368421052631578816e-01
0.000000000000000000e+00 2.648970747562297001e-01 4.835526315789473450e-01 1.549295774647887203e-01 3.157894736842105088e-01
0.000000000000000000e+00 4.041170097508125503e-01 5.789473684210526550e-01 1.213434452871072627e-01 1.578947368421052544e-01
0.000000000000000000e+00 5.195016251354279690e-01 6.595394736842105088e-01 1.094257854821235054e-01 1.842105263157894635e-01
0.000000000000000000e+00 6.847237269772481483e-01 6.924342105263158187e-01 2.101841820151679197e-01 2.105263157894736725e-01
0.000000000000000000e+00 8.055254604550379227e-01 7.985197368421053099e-01 1.592632719393282659e-01 1.134868421052631637e-01
0.000000000000000000e+00 6.500541711809317835e-01 5.189144736842105088e-01 1.105092091007583988e-01 1.562500000000000000e-01
0.000000000000000000e+00 5.460455037919826893e-01 3.947368421052631637e-01 6.283856988082339723e-02 9.210526315789473173e-02
0.000000000000000000e+00 6.798483206933910727e-01 6.990131578947368640e-02 5.958829902491874497e-02 1.365131578947368363e-01
0.000000000000000000e+00 1.820151679306608872e-01 2.672697368421052544e-01 1.386782231852654312e-01 1.134868421052631637e-01
0.000000000000000000e+00 3.791982665222101700e-01 4.251644736842105088e-01 7.367280606717226121e-02 1.233552631578947317e-01
