0.000000000000000000e+00 2.291666666666666505e-02 8.367875647668393535e-01 4.416666666666666657e-02 9.844559585492228260e-02
0.000000000000000000e+00 7.833333333333333814e-02 8.439119170984455964e-01 7.166666666666667018e-02 7.383419689119170848e-02
0.000000000000000000e+00 1.549999999999999989e-01 8.335492227979274249e-01 7.666666666666666075e-02 7.124352331606217947e-02
0.000000000000000000e+00 2.116666666666666696e-01 8.005181347150258642e-01 2.999999999999999889e-02 1.398963730569948161e-01
0.000000000000000000e+00 3.154166666666666785e-01 8.205958549222798215e-01 1.758333333333333415e-01 9.974093264248704016e-02
0.000000000000000000e+00 3.179166666666666807e-01 7.422279792746113714e-01 7.583333333333333592e-02 5.699481865284974219e-02
0.000000000000000000e+00 2.566666666666666541e-01 7.512953367875647714e-01 2.666666666666666838e-02 4.145077720207254041e-02
0.000000000000000000e+00 4.116666666666666807e-01 7.739637305699481606e-01 2.666666666666666838e-02 1.904145077720207357e-01
0.000000000000000000e+00 5.287500000000000533e-01 8.063471502590673357e-01 2.008333333333333359e-01 1.126943005181347129e-01
0.000000000000000000e+00 4.808333333333333348e-01 7.072538860103626535e-01 3.333333333333333287e-02 8.290155440414508081e-02
0.000000000000000000e+00 5.479166666666667185e-01 7.091968911917098106e-01 7.416666666666667240e-02 8.160621761658030937e-02
0.000000000000000000e+00 6.129166666666666652e-01 6.923575129533678929e-01 3.083333333333333412e-02 1.126943005181347129e-01
0.000000000000000000e+00 6.441666666666666652e-01 7.584196891191710144e-01 2.500000000000000139e-02 1.930051813471502509e-01
0.000000000000000000e+00 7.483333333333332948e-01 7.817357512953367893e-01 1.766666666666666663e-01 1.437823834196891304e-01
0.000000000000000000e+00 7.541666666666666519e-01 6.632124352331606465e-01 5.833333333333333426e-02 9.326424870466321071e-02
0.000000000000000000e+00 9.187499999999999556e-01 7.869170984455958751e-01 1.625000000000000056e-01 1.230569948186528428e-01
0.000000000000000000e+00 9.654166666666667007e-01 6.936528497409326643e-01 6.916666666666666796e-02 7.642487046632123748e-02
