0.000000000000000000e+00 5.374999999999999778e-01 6.308333333333333570e-01 7.499999999999999722e-02 9.500000000000000111e-02
0.000000000000000000e+00 5.350000000000000311e-01 5.500000000000000444e-01 7.249999999999999500e-02 1.666666666666666644e-02
0.000000000000000000e+00 6.350000000000000089e-01 5.474999999999999867e-01 3.500000000000000333e-02 2.166666666666666741e-02
0.000000000000000000e+00 6.149999999999999911e-01 6.350000000000000089e-01 7.499999999999999722e-02 8.666666666666666963e-02
0.000000000000000000e+00 6.693750000000000533e-01 6.333333333333333037e-01 2.624999999999999903e-02 8.999999999999999667e-02
0.000000000000000000e+00 6.618749999999999911e-01 7.116666666666666696e-01 4.125000000000000194e-02 5.333333333333333676e-02
0.000000000000000000e+00 3.875000000000000111e-01 6.674999999999999822e-01 1.250000000000000069e-02 1.833333333333333343e-02
0.000000000000000000e+00 7.668749999999999734e-01 6.500000000000000222e-01 5.874999999999999667e-02 4.666666666666666879e-02
0.000000000000000000e+00 7.674999999999999600e-01 7.149999999999999689e-01 5.000000000000000278e-02 7.000000000000000666e-02
0.000000000000000000e+00 7.256249999999999645e-01 7.158333333333333215e-01 4.125000000000000194e-02 6.166666666666666824e-02
0.000000000000000000e+00 8.331250000000000044e-01 4.566666666666666652e-01 5.874999999999999667e-02 5.000000000000000278e-02
0.000000000000000000e+00 8.406249999999999556e-01 5.066666666666667096e-01 3.874999999999999972e-02 3.333333333333333287e-02
0.000000000000000000e+00 8.100000000000000533e-01 5.150000000000000133e-01 1.750000000000000167e-02 2.333333333333333440e-02
0.000000000000000000e+00 8.162500000000000311e-01 5.433333333333333348e-01 2.999999999999999889e-02 2.333333333333333440e-02
0.000000000000000000e+00 8.512499999999999512e-01 5.416666666666666297e-01 2.249999999999999917e-02 2.666666666666666838e-02
0.000000000000000000e+00 8.399999999999999689e-01 6.075000000000000400e-01 4.499999999999999833e-02 3.166666666666666935e-02
0.000000000000000000e+00 8.462499999999999467e-01 6.383333333333333082e-01 4.000000000000000083e-02 2.000000000000000042e-02
0.000000000000000000e+00 8.475000000000000311e-01 6.633333333333333304e-01 1.750000000000000167e-02 2.000000000000000042e-02
0.000000000000000000e+00 7.787500000000000533e-01 5.441666666666666874e-01 3.250000000000000111e-02 3.833333333333333037e-02
