0.000000000000000000e+00 6.257142857142856673e-01 5.278969957081545150e-01 8.000000000000000167e-02 1.888412017167382106e-01
0.000000000000000000e+00 6.171428571428571042e-01 4.034334763948497771e-01 5.714285714285714107e-02 4.291845493562231745e-02
0.000000000000000000e+00 7.057142857142857384e-01 4.570815450643777034e-01 6.857142857142857484e-02 8.154506437768239968e-02
0.000000000000000000e+00 7.971428571428571530e-01 5.976394849785408026e-01 6.857142857142857484e-02 3.648068669527897157e-02
0.000000000000000000e+00 7.700000000000000178e-01 4.098712446351931438e-01 6.571428571428571119e-02 2.575107296137339047e-02
0.000000000000000000e+00 3.200000000000000067e-01 6.062231759656652175e-01 2.285714285714285712e-02 2.360515021459227633e-02
0.000000000000000000e+00 3.471428571428571419e-01 6.094420600858369008e-01 2.571428571428571383e-02 2.575107296137339047e-02
0.000000000000000000e+00 1.785714285714285754e-01 5.987124463519313267e-01 3.142857142857143071e-02 3.433476394849785396e-02
0.000000000000000000e+00 2.157142857142857195e-01 5.997854077253218508e-01 3.142857142857143071e-02 3.218884120171673635e-02
0.000000000000000000e+00 7.971428571428571530e-01 6.523605150214591974e-01 9.142857142857142849e-02 1.716738197424892698e-02
0.000000000000000000e+00 6.285714285714285587e-01 3.390557939914163321e-01 4.571428571428571425e-02 2.145922746781115872e-02
0.000000000000000000e+00 6.685714285714285943e-01 3.497854077253219063e-01 2.857142857142857054e-02 3.433476394849785396e-02
