0.000000000000000000e+00 3.879456706281833589e-01 5.671834625322997869e-01 3.225806451612903136e-02 1.111111111111111049e-01
0.000000000000000000e+00 3.548387096774193727e-01 6.007751937984495694e-01 2.716468590831918467e-02 6.976744186046511531e-02
0.000000000000000000e+00 3.217317487266553311e-01 6.124031007751937761e-01 1.867572156196943903e-02 6.201550387596899139e-02
0.000000000000000000e+00 4.388794567062818119e-01 5.671834625322997869e-01 2.546689303904923693e-02 8.010335917312660925e-02
0.000000000000000000e+00 8.633276740237690872e-01 5.658914728682170603e-01 3.904923599320882927e-02 8.268733850129199314e-02
0.000000000000000000e+00 9.185059422750424529e-01 5.736434108527131981e-01 4.074702886247878048e-02 7.751937984496123923e-02
0.000000000000000000e+00 9.371816638370118469e-01 5.129198966408268223e-01 3.735144312393887805e-02 6.459948320413436140e-02
0.000000000000000000e+00 9.779286926994906759e-01 5.516795865633075113e-01 4.414261460101867596e-02 1.111111111111111049e-01
0.000000000000000000e+00 9.872665534804754284e-01 4.728682170542635732e-01 2.546689303904923693e-02 5.684754521963824442e-02
0.000000000000000000e+00 4.855687606112054078e-01 5.749354005167958137e-01 2.037351443123939024e-02 3.359173126614987265e-02
