0.000000000000000000e+00 3.898876404494381887e-01 7.550000000000000044e-01 1.820224719101123656e-01 1.266666666666666774e-01
0.000000000000000000e+00 5.696629213483146437e-01 7.608333333333333615e-01 1.685393258426966245e-01 9.166666666666666019e-02
0.000000000000000000e+00 5.393258426966291985e-01 6.891666666666667052e-01 8.089887640449437700e-02 5.833333333333333426e-02
0.000000000000000000e+00 6.146067415730337435e-01 7.033333333333333659e-01 6.516853932584269760e-02 2.333333333333333440e-02
0.000000000000000000e+00 4.089887640449438311e-01 6.666666666666666297e-01 1.393258426966292041e-01 5.333333333333333676e-02
0.000000000000000000e+00 1.730337078651685290e-01 8.733333333333332948e-01 6.741573033707864981e-02 2.333333333333333440e-02
0.000000000000000000e+00 3.808988764044943798e-01 9.158333333333333881e-01 6.067415730337078622e-02 2.166666666666666741e-02
0.000000000000000000e+00 5.325842696629213835e-01 9.208333333333332815e-01 2.696629213483146131e-02 1.166666666666666720e-02
0.000000000000000000e+00 5.719101123595505820e-01 9.108333333333333837e-01 4.719101123595505903e-02 1.499999999999999944e-02
0.000000000000000000e+00 6.438202247191011640e-01 8.966666666666666119e-01 6.067415730337078622e-02 1.333333333333333419e-02
