0.000000000000000000e+00 5.875000000000000222e-01 4.941451990632318436e-01 3.125000000000000000e-02 2.810304449648711941e-02
0.000000000000000000e+00 6.195312499999999778e-01 4.789227166276346370e-01 3.281250000000000139e-02 5.854800936768150138e-02
0.000000000000000000e+00 6.593750000000000444e-01 4.730679156908665361e-01 4.374999999999999722e-02 7.494145199063231844e-02
0.000000000000000000e+00 6.624999999999999778e-01 5.597189695550350841e-01 4.687500000000000000e-02 6.557377049180328210e-02
0.000000000000000000e+00 5.617187500000000444e-01 5.960187353629976537e-01 4.843750000000000139e-02 3.981264637002342177e-02
0.000000000000000000e+00 5.601562500000000222e-01 7.903981264637002235e-01 3.281250000000000139e-02 3.044496487119437850e-02
0.000000000000000000e+00 6.624999999999999778e-01 8.196721311475410054e-01 3.749999999999999861e-02 5.620608899297423883e-02
0.000000000000000000e+00 2.562499999999999778e-01 5.644028103044496092e-01 4.374999999999999722e-02 3.278688524590164105e-02
0.000000000000000000e+00 3.054687500000000111e-01 5.608899297423887154e-01 3.281250000000000139e-02 3.512880562060889666e-02
0.000000000000000000e+00 3.179687500000000222e-01 6.135831381733021228e-01 2.968749999999999861e-02 4.683840749414520249e-02
0.000000000000000000e+00 2.679687499999999778e-01 7.330210772833724020e-01 5.156249999999999722e-02 5.620608899297423883e-02
0.000000000000000000e+00 3.039062499999999889e-01 7.377049180327869271e-01 2.031250000000000069e-02 2.810304449648711941e-02
0.000000000000000000e+00 3.148437499999999778e-01 6.803278688524589946e-01 1.718750000000000139e-02 3.044496487119437850e-02
0.000000000000000000e+00 5.828124999999999556e-01 7.564402810304449165e-01 2.500000000000000139e-02 5.620608899297423883e-02
