0.000000000000000000e+00 3.327777777777777835e-01 4.433333333333333570e-01 5.000000000000000278e-02 8.666666666666666963e-02
0.000000000000000000e+00 2.838888888888889128e-01 5.641666666666667052e-01 5.666666666666666380e-02 4.833333333333333232e-02
0.000000000000000000e+00 2.288888888888888917e-01 6.324999999999999512e-01 2.666666666666666838e-02 5.166666666666666630e-02
0.000000000000000000e+00 1.205555555555555547e-01 6.083333333333332815e-01 2.555555555555555705e-02 2.000000000000000042e-02
0.000000000000000000e+00 3.438888888888889106e-01 6.158333333333333437e-01 2.111111111111111174e-02 4.499999999999999833e-02
0.000000000000000000e+00 3.950000000000000178e-01 6.300000000000000044e-01 3.888888888888888951e-02 2.000000000000000042e-02
0.000000000000000000e+00 5.361111111111110938e-01 6.258333333333333526e-01 3.888888888888888951e-02 2.166666666666666741e-02
0.000000000000000000e+00 5.716666666666666563e-01 6.091666666666666341e-01 2.999999999999999889e-02 5.166666666666666630e-02
0.000000000000000000e+00 3.672222222222222276e-01 5.100000000000000089e-01 2.555555555555555705e-02 3.333333333333333287e-02
0.000000000000000000e+00 4.433333333333333570e-01 6.258333333333333526e-01 2.222222222222222307e-02 2.166666666666666741e-02
