0.000000000000000000e+00 1.611979166666666630e-01 8.101851851851852304e-01 6.718749999999999722e-02 6.851851851851852027e-02
0.000000000000000000e+00 1.583333333333333259e-01 7.527777777777777679e-01 2.291666666666666505e-02 4.259259259259259162e-02
0.000000000000000000e+00 2.229166666666666796e-01 7.916666666666666297e-01 5.312499999999999861e-02 4.444444444444444614e-02
0.000000000000000000e+00 2.578125000000000000e-01 7.083333333333333703e-01 3.437500000000000278e-02 1.055555555555555552e-01
0.000000000000000000e+00 2.820312500000000111e-01 6.236111111111111160e-01 2.968749999999999861e-02 5.648148148148147973e-02
0.000000000000000000e+00 3.091145833333333592e-01 5.800925925925926041e-01 2.656249999999999931e-02 7.685185185185185175e-02
0.000000000000000000e+00 3.348958333333333370e-01 5.564814814814814659e-01 2.708333333333333426e-02 7.592592592592592449e-02
0.000000000000000000e+00 2.604166666666666852e-01 4.226851851851851638e-01 1.562500000000000000e-02 3.981481481481481677e-02
0.000000000000000000e+00 4.893229166666666630e-01 3.333333333333333148e-01 3.072916666666666505e-02 3.148148148148147835e-02
0.000000000000000000e+00 7.656250000000000000e-01 3.824074074074074181e-01 7.291666666666667129e-02 4.074074074074074403e-02
0.000000000000000000e+00 8.223958333333333259e-01 3.624999999999999889e-01 5.937499999999999722e-02 3.796296296296296224e-02
0.000000000000000000e+00 8.817708333333332815e-01 3.402777777777777901e-01 6.354166666666666297e-02 3.425925925925926013e-02
