0.000000000000000000e+00 4.620000000000000218e-01 7.026666666666666616e-01 7.599999999999999811e-02 7.199999999999999456e-02
0.000000000000000000e+00 5.320000000000000284e-01 6.986666666666666581e-01 6.800000000000000488e-02 8.000000000000000167e-02
0.000000000000000000e+00 5.929999999999999716e-01 6.666666666666666297e-01 4.200000000000000261e-02 6.933333333333333015e-02
0.000000000000000000e+00 6.959999999999999520e-01 6.813333333333333464e-01 5.199999999999999761e-02 7.199999999999999456e-02
0.000000000000000000e+00 7.169999999999999707e-01 4.613333333333333175e-01 5.000000000000000278e-02 7.466666666666667285e-02
0.000000000000000000e+00 5.470000000000000417e-01 4.426666666666666528e-01 3.799999999999999906e-02 1.120000000000000023e-01
0.000000000000000000e+00 5.949999999999999734e-01 4.213333333333333375e-01 5.399999999999999939e-02 3.733333333333333642e-02
0.000000000000000000e+00 8.179999999999999494e-01 2.280000000000000082e-01 5.600000000000000117e-02 1.093333333333333379e-01
0.000000000000000000e+00 5.440000000000000391e-01 8.666666666666666963e-02 5.199999999999999761e-02 6.133333333333332998e-02
0.000000000000000000e+00 6.199999999999999956e-01 1.133333333333333276e-01 3.599999999999999728e-02 5.600000000000000117e-02
0.000000000000000000e+00 6.069999999999999840e-01 2.000000000000000111e-01 3.799999999999999906e-02 9.066666666666667318e-02
0.000000000000000000e+00 3.340000000000000191e-01 1.706666666666666610e-01 4.000000000000000083e-02 2.133333333333333262e-02
0.000000000000000000e+00 3.719999999999999973e-01 2.333333333333333370e-01 1.600000000000000033e-02 6.133333333333332998e-02
0.000000000000000000e+00 3.180000000000000049e-01 1.986666666666666581e-01 2.000000000000000042e-02 1.866666666666666821e-02
0.000000000000000000e+00 2.899999999999999800e-01 2.093333333333333435e-01 1.600000000000000033e-02 4.000000000000000083e-02
0.000000000000000000e+00 3.679999999999999938e-01 6.826666666666666439e-01 4.000000000000000083e-02 5.333333333333333676e-02
0.000000000000000000e+00 6.430000000000000160e-01 6.786666666666666403e-01 5.399999999999999939e-02 4.000000000000000083e-02
0.000000000000000000e+00 4.349999999999999978e-01 5.639999999999999458e-01 4.200000000000000261e-02 2.933333333333333279e-02
0.000000000000000000e+00 5.400000000000000355e-01 7.613333333333333064e-01 2.000000000000000042e-02 4.000000000000000083e-02
