0.000000000000000000e+00 2.764423076923077094e-01 4.853760445682451241e-01 4.647435897435897578e-02 2.381615598885793994e-01
0.000000000000000000e+00 2.051282051282051211e-01 5.494428969359331782e-01 3.044871794871794810e-02 6.267409470752088874e-02
0.000000000000000000e+00 3.333333333333333148e-01 5.591922005571030585e-01 6.570512820512820762e-02 1.183844011142061309e-01
0.000000000000000000e+00 3.673878205128205399e-01 5.000000000000000000e-01 3.926282051282051211e-02 1.142061281337047318e-01
0.000000000000000000e+00 5.044070512820513219e-01 5.410863509749304079e-01 2.964743589743589619e-02 3.760445682451253602e-02
0.000000000000000000e+00 5.320512820512820484e-01 5.863509749303621454e-01 3.525641025641025605e-02 1.197771587743732546e-01
0.000000000000000000e+00 5.552884615384615641e-01 4.359331476323120014e-01 4.326923076923076816e-02 8.356545961002785627e-02
0.000000000000000000e+00 5.753205128205127750e-01 3.391364902506963652e-01 5.608974358974359170e-02 7.660167130919219580e-02
0.000000000000000000e+00 5.973557692307692735e-01 4.080779944289693595e-01 3.605769230769230449e-02 1.086350974930362090e-01
0.000000000000000000e+00 6.245993589743589203e-01 6.135097493036211214e-01 4.086538461538461592e-02 9.610027855153203957e-02
0.000000000000000000e+00 7.792467948717948234e-01 6.176880222841225621e-01 4.246794871794871973e-02 1.295264623955431627e-01
0.000000000000000000e+00 3.994391025641025883e-01 5.612813370473537233e-01 4.407051282051282354e-02 7.242339832869081062e-02
