0.000000000000000000e+00 2.267977873386601007e-01 5.295902883156297092e-01 2.765826674861708578e-02 5.766312594840667521e-02
0.000000000000000000e+00 2.702827289489858620e-01 4.924127465857359720e-01 2.059004302397049804e-02 3.692463328275164686e-02
0.000000000000000000e+00 3.226797787338659962e-01 4.562468386444107349e-01 2.765826674861708578e-02 6.980273141122914082e-02
0.000000000000000000e+00 4.419176398279041074e-01 5.306019221041983203e-01 2.765826674861708578e-02 4.552352048558421654e-02
0.000000000000000000e+00 4.787953288260602402e-01 5.235204855842184868e-01 3.749231714812538419e-02 3.945371775417298721e-02
0.000000000000000000e+00 6.044867854947756358e-01 5.237733940313606951e-01 2.950215119852489173e-02 1.664137582195245324e-01
0.000000000000000000e+00 6.644130301167793240e-01 5.672736469398077519e-01 8.543331284572833195e-02 1.583206879109762266e-01
0.000000000000000000e+00 7.218807621389059515e-01 8.014668689934243417e-01 4.732636754763368259e-02 7.738998482549316882e-02
0.000000000000000000e+00 7.940995697602950543e-01 8.052604957005563557e-01 3.196066379840196980e-02 5.159332321699544588e-02
0.000000000000000000e+00 8.360479409956975694e-01 8.530601922104198431e-01 4.701905347264905000e-02 7.334344967121901593e-02
0.000000000000000000e+00 8.852181929932391169e-01 8.687405159332322047e-01 4.886293792255685248e-02 8.750632271117855798e-02
