0.000000000000000000e+00 5.976562500000000278e-02 5.284722222222222321e-01 1.953125000000000000e-02 5.694444444444444337e-02
0.000000000000000000e+00 3.171875000000000111e-01 5.173611111111111605e-01 9.843749999999999722e-02 1.791666666666666685e-01
0.000000000000000000e+00 2.042968749999999889e-01 5.555555555555555802e-01 1.953125000000000000e-02 6.666666666666666574e-02
0.000000000000000000e+00 4.523437499999999889e-01 4.937500000000000222e-01 3.749999999999999861e-02 4.027777777777778040e-02
0.000000000000000000e+00 5.374999999999999778e-01 5.416666666666666297e-01 3.906250000000000000e-02 1.472222222222222265e-01
0.000000000000000000e+00 6.449218749999999778e-01 5.923611111111111160e-01 7.265625000000000555e-02 7.083333333333333148e-02
0.000000000000000000e+00 6.265625000000000222e-01 5.263888888888889062e-01 6.250000000000000000e-02 4.444444444444444614e-02
0.000000000000000000e+00 7.050781250000000000e-01 5.305555555555555580e-01 7.265625000000000555e-02 5.833333333333333426e-02
0.000000000000000000e+00 9.289062500000000444e-01 5.791666666666667185e-01 4.843750000000000139e-02 4.444444444444444614e-02
0.000000000000000000e+00 7.257812500000000444e-01 4.652777777777777901e-01 3.593749999999999722e-02 2.777777777777777624e-02
0.000000000000000000e+00 6.425781250000000000e-01 6.923611111111110938e-01 1.796874999999999861e-02 3.472222222222222376e-02
