0.000000000000000000e+00 3.411458333333333148e-01 3.472222222222222099e-01 8.958333333333333426e-02 9.814814814814815103e-02
0.000000000000000000e+00 3.927083333333333259e-01 2.925925925925925708e-01 3.437500000000000278e-02 5.925925925925926152e-02
0.000000000000000000e+00 4.002604166666666741e-01 3.671296296296296391e-01 3.177083333333333148e-02 4.537037037037037340e-02
0.000000000000000000e+00 4.421875000000000111e-01 3.495370370370370350e-01 5.416666666666666852e-02 1.101851851851851916e-01
0.000000000000000000e+00 4.794270833333333370e-01 3.449074074074073848e-01 2.031250000000000069e-02 6.574074074074073848e-02
0.000000000000000000e+00 4.942708333333333259e-01 3.254629629629629539e-01 1.666666666666666644e-02 3.611111111111110772e-02
0.000000000000000000e+00 4.838541666666666408e-01 4.680555555555555580e-01 4.895833333333333287e-02 7.870370370370370627e-02
0.000000000000000000e+00 5.252604166666666741e-01 4.597222222222221988e-01 4.531249999999999861e-02 1.009259259259259328e-01
0.000000000000000000e+00 5.755208333333333703e-01 4.902777777777777568e-01 5.312499999999999861e-02 1.805555555555555525e-01
0.000000000000000000e+00 5.794270833333333703e-01 3.495370370370370350e-01 3.906250000000000000e-02 9.166666666666666019e-02
0.000000000000000000e+00 6.151041666666666741e-01 5.157407407407407218e-01 2.500000000000000139e-02 9.814814814814815103e-02
0.000000000000000000e+00 3.643229166666666630e-01 4.620370370370370239e-01 4.427083333333333565e-02 5.000000000000000278e-02
0.000000000000000000e+00 4.200520833333333259e-01 4.694444444444444420e-01 4.218750000000000278e-02 5.555555555555555247e-02
0.000000000000000000e+00 3.906250000000000000e-01 6.648148148148148584e-01 4.270833333333333426e-02 3.148148148148147835e-02
