0.000000000000000000e+00 2.870129870129869976e-01 5.285714285714285809e-01 2.727272727272727071e-01 1.896103896103896180e-01
0.000000000000000000e+00 3.493506493506493560e-01 7.207792207792207417e-01 2.727272727272727071e-01 1.844155844155844215e-01
0.000000000000000000e+00 4.311688311688311459e-01 8.389610389610389074e-01 1.090909090909090856e-01 5.194805194805195148e-02
0.000000000000000000e+00 4.584415584415584277e-01 5.623376623376623584e-01 6.493506493506492894e-02 1.376623376623376527e-01
0.000000000000000000e+00 3.064935064935064846e-01 3.662337662337662447e-01 2.701298701298701088e-01 1.402597402597402509e-01
0.000000000000000000e+00 2.428571428571428548e-01 2.415584415584415556e-01 1.480519480519480457e-01 1.090909090909090856e-01
0.000000000000000000e+00 3.597402597402597491e-01 2.571428571428571175e-01 9.090909090909091161e-02 7.792207792207792028e-02
0.000000000000000000e+00 2.649350649350649123e-01 1.324675324675324561e-01 8.311688311688311681e-02 1.090909090909090856e-01
0.000000000000000000e+00 3.493506493506493560e-01 1.311688311688311570e-01 8.051948051948051854e-02 4.935064935064935321e-02
0.000000000000000000e+00 3.792207792207792361e-01 1.766233766233766267e-01 4.155844155844155841e-02 4.675324675324675494e-02
0.000000000000000000e+00 1.350649350649350544e-01 3.168831168831168776e-01 7.792207792207792028e-02 1.246753246753246752e-01
