0.000000000000000000e+00 8.999999999999999667e-02 8.232044198895027698e-01 4.800000000000000100e-02 7.182320441988949977e-02
0.000000000000000000e+00 1.350000000000000089e-01 8.176795580110497452e-01 4.200000000000000261e-02 3.867403314917126911e-02
0.000000000000000000e+00 1.900000000000000022e-01 8.204419889502762020e-01 8.400000000000000522e-02 2.762430939226519222e-02
0.000000000000000000e+00 1.529999999999999971e-01 7.693370165745856415e-01 4.599999999999999922e-02 7.458563535911602593e-02
0.000000000000000000e+00 1.489999999999999936e-01 6.450276243093923112e-01 4.200000000000000261e-02 7.458563535911602593e-02
0.000000000000000000e+00 2.740000000000000213e-01 6.325966850828729227e-01 1.039999999999999952e-01 9.944751381215469199e-02
0.000000000000000000e+00 5.000000000000000278e-02 3.743093922651933858e-01 6.800000000000000488e-02 8.563535911602210282e-02
0.000000000000000000e+00 1.489999999999999936e-01 4.226519337016574340e-01 7.799999999999999989e-02 7.182320441988949977e-02
0.000000000000000000e+00 2.429999999999999938e-01 4.930939226519336915e-01 4.200000000000000261e-02 5.801104972375690366e-02
0.000000000000000000e+00 2.359999999999999876e-01 4.281767955801105141e-01 5.199999999999999761e-02 2.762430939226519222e-02
0.000000000000000000e+00 2.839999999999999747e-01 4.917127071823204632e-01 2.400000000000000050e-02 4.972375690607734600e-02
0.000000000000000000e+00 8.339999999999999636e-01 2.555248618784530246e-01 1.120000000000000023e-01 1.022099447513812182e-01
0.000000000000000000e+00 7.279999999999999805e-01 2.375690607734806670e-01 9.199999999999999845e-02 8.839779005524861510e-02
0.000000000000000000e+00 4.769999999999999796e-01 6.837016574585634832e-01 3.799999999999999906e-02 3.038674033149171144e-02
0.000000000000000000e+00 1.920000000000000040e-01 7.748618784530386661e-01 3.599999999999999728e-02 6.353591160220994905e-02
