0.000000000000000000e+00 4.118181818181818055e-01 3.957816377171216038e-01 1.109090909090909155e-01 1.364764267990074553e-01
0.000000000000000000e+00 4.227272727272727293e-01 3.014888337468982771e-01 3.454545454545454586e-02 8.684863523573201072e-02
0.000000000000000000e+00 3.590909090909090717e-01 4.913151364764267726e-01 5.272727272727272679e-02 5.459057071960297935e-02
0.000000000000000000e+00 4.000000000000000222e-01 5.124069478908188646e-01 4.363636363636363980e-02 9.181141439205955934e-02
0.000000000000000000e+00 2.636363636363636340e-02 6.923076923076922906e-01 3.090909090909091037e-02 2.481389578163771883e-02
0.000000000000000000e+00 1.454545454545454544e-02 9.230769230769231282e-01 2.545454545454545539e-02 3.473945409429280567e-02
0.000000000000000000e+00 2.281818181818181801e-01 7.642679900744416832e-01 3.090909090909091037e-02 2.977667493796526052e-02
0.000000000000000000e+00 3.109090909090909127e-01 7.729528535980149107e-01 2.909090909090909088e-02 3.225806451612903136e-02
0.000000000000000000e+00 3.872727272727272685e-01 6.885856079404466534e-01 1.818181818181818094e-02 3.722084367245657305e-02
0.000000000000000000e+00 4.254545454545454741e-01 7.791563275434243430e-01 2.545454545454545539e-02 3.473945409429280567e-02
0.000000000000000000e+00 4.600000000000000200e-01 7.903225806451612545e-01 4.000000000000000083e-02 1.736972704714640284e-02
0.000000000000000000e+00 3.881818181818181834e-01 7.866004962779156173e-01 1.636363636363636492e-02 1.985111662531017368e-02
0.000000000000000000e+00 5.690909090909090917e-01 3.833746898263027392e-01 3.272727272727272985e-02 6.203473945409429535e-02
0.000000000000000000e+00 5.672727272727272618e-01 2.382133995037220842e-01 2.909090909090909088e-02 1.042183622828784101e-01
0.000000000000000000e+00 5.336363636363636864e-01 7.593052109181140930e-01 9.090909090909090468e-03 6.451612903225806273e-02
0.000000000000000000e+00 5.600000000000000533e-01 7.853598014888337753e-01 3.272727272727272985e-02 2.233250620347394452e-02
