0.000000000000000000e+00 1.640000000000000069e-01 4.906666666666666399e-01 8.000000000000000167e-02 2.453333333333333199e-01
0.000000000000000000e+00 3.079999999999999960e-01 4.480000000000000093e-01 2.159999999999999976e-01 1.813333333333333464e-01
0.000000000000000000e+00 2.770000000000000240e-01 2.933333333333333348e-01 5.800000000000000294e-02 1.013333333333333308e-01
0.000000000000000000e+00 4.339999999999999969e-01 3.813333333333333575e-01 1.439999999999999891e-01 1.600000000000000033e-01
0.000000000000000000e+00 5.350000000000000311e-01 4.279999999999999916e-01 7.000000000000000666e-02 1.413333333333333386e-01
0.000000000000000000e+00 5.849999999999999645e-01 4.453333333333333588e-01 4.599999999999999922e-02 9.600000000000000200e-02
0.000000000000000000e+00 7.199999999999999734e-01 3.693333333333333468e-01 4.399999999999999745e-02 5.600000000000000117e-02
0.000000000000000000e+00 6.879999999999999449e-01 1.960000000000000075e-01 1.079999999999999988e-01 1.360000000000000098e-01
0.000000000000000000e+00 7.950000000000000400e-01 2.999999999999999889e-01 1.219999999999999973e-01 1.626666666666666539e-01
0.000000000000000000e+00 4.689999999999999725e-01 6.746666666666666368e-01 7.000000000000000666e-02 1.706666666666666610e-01
0.000000000000000000e+00 4.640000000000000235e-01 8.306666666666666643e-01 5.600000000000000117e-02 1.253333333333333244e-01
0.000000000000000000e+00 1.729999999999999871e-01 6.773333333333333428e-01 8.999999999999999667e-02 1.120000000000000023e-01
0.000000000000000000e+00 1.630000000000000060e-01 7.733333333333333171e-01 5.000000000000000278e-02 8.533333333333333048e-02
0.000000000000000000e+00 2.310000000000000109e-01 7.266666666666666829e-01 4.200000000000000261e-02 4.000000000000000083e-02
0.000000000000000000e+00 2.510000000000000009e-01 6.493333333333333179e-01 4.599999999999999922e-02 8.266666666666666607e-02
0.000000000000000000e+00 3.119999999999999996e-01 6.106666666666666909e-01 9.600000000000000200e-02 4.800000000000000100e-02
0.000000000000000000e+00 3.099999999999999978e-01 6.826666666666666439e-01 7.199999999999999456e-02 4.266666666666666524e-02
0.000000000000000000e+00 2.630000000000000115e-01 8.133333333333333526e-01 8.599999999999999312e-02 7.466666666666667285e-02
0.000000000000000000e+00 3.330000000000000182e-01 7.960000000000000409e-01 5.000000000000000278e-02 1.093333333333333379e-01
0.000000000000000000e+00 3.820000000000000062e-01 8.266666666666666607e-01 5.600000000000000117e-02 3.733333333333333642e-02
0.000000000000000000e+00 5.689999999999999503e-01 5.280000000000000249e-01 5.399999999999999939e-02 6.400000000000000133e-02
0.000000000000000000e+00 5.170000000000000151e-01 7.053333333333333677e-01 3.400000000000000244e-02 5.600000000000000117e-02
0.000000000000000000e+00 4.129999999999999782e-01 7.626666666666667149e-01 1.799999999999999864e-02 9.066666666666667318e-02
0.000000000000000000e+00 3.729999999999999982e-01 7.720000000000000195e-01 3.400000000000000244e-02 7.733333333333333726e-02
