0.000000000000000000e+00 9.435797665369649589e-02 7.931034482758620996e-01 7.198443579766536371e-02 2.452107279693486463e-01
0.000000000000000000e+00 1.536964980544747172e-01 8.007662835249041988e-01 2.334630350194552562e-02 1.226053639846743232e-01
0.000000000000000000e+00 1.955252918287937736e-01 7.662835249042145858e-01 4.474708171206225743e-02 1.226053639846743232e-01
0.000000000000000000e+00 2.558365758754863606e-01 7.892720306513409945e-01 7.976653696498053892e-02 1.762452107279693370e-01
0.000000000000000000e+00 3.307392996108949323e-01 8.256704980842911601e-01 5.447470817120622644e-02 1.111111111111111049e-01
0.000000000000000000e+00 4.309338521400778443e-01 6.685823754789271822e-01 7.587548638132295131e-02 1.340996168582375414e-01
0.000000000000000000e+00 5.107003891050583277e-01 5.900383141762451933e-01 4.863813229571984503e-02 9.961685823754788671e-02
0.000000000000000000e+00 5.029182879377431803e-01 7.624521072796934806e-01 4.863813229571984503e-02 7.662835249042145025e-02
0.000000000000000000e+00 5.437743190661478154e-01 7.088122605363984530e-01 4.085603112840466983e-02 1.226053639846743232e-01
0.000000000000000000e+00 5.817120622568093813e-01 6.187739463601532597e-01 3.891050583657587603e-02 1.570881226053639779e-01
0.000000000000000000e+00 6.712062256809337990e-01 5.727969348659003312e-01 4.669260700389105123e-02 2.413793103448275967e-01
0.000000000000000000e+00 7.898832684824902417e-01 6.168582375478927071e-01 1.089494163424124529e-01 9.195402298850574585e-02
0.000000000000000000e+00 9.163424124513618318e-01 5.727969348659003312e-01 6.225680933852140164e-02 1.877394636015325691e-01
0.000000000000000000e+00 9.542801556420233977e-01 4.291187739463601658e-01 8.754863813229571412e-02 1.072796934865900415e-01
