0.000000000000000000e+00 1.827586206896551768e-01 4.592013888888888951e-01 5.862068965517241298e-02 6.770833333333332871e-02
0.000000000000000000e+00 2.413793103448275967e-01 4.088541666666666852e-01 6.896551724137930939e-02 5.729166666666666435e-02
0.000000000000000000e+00 3.181034482758620663e-01 3.871527777777777901e-01 7.758620689655172653e-02 8.680555555555555247e-02
0.000000000000000000e+00 3.043103448275862322e-01 5.703125000000000000e-01 7.758620689655172653e-02 8.506944444444444753e-02
0.000000000000000000e+00 2.198275862068965469e-01 5.902777777777777901e-01 8.793103448275861600e-02 4.513888888888888812e-02
0.000000000000000000e+00 3.560344827586207073e-01 5.633680555555555802e-01 2.931034482758620649e-02 1.267361111111111049e-01
0.000000000000000000e+00 4.060344827586206962e-01 6.883680555555555802e-01 5.344827586206896824e-02 5.381944444444444753e-02
0.000000000000000000e+00 4.672413793103448176e-01 7.022569444444444198e-01 5.862068965517241298e-02 5.034722222222222376e-02
0.000000000000000000e+00 4.991379310344827847e-01 6.692708333333333703e-01 2.586206896551724102e-02 3.298611111111111188e-02
0.000000000000000000e+00 4.637931034482758452e-01 6.119791666666666297e-01 3.103448275862068922e-02 3.298611111111111188e-02
0.000000000000000000e+00 5.267241379310344529e-01 7.170138888888888395e-01 6.034482758620689918e-02 4.513888888888888812e-02
0.000000000000000000e+00 5.672413793103447954e-01 6.822916666666666297e-01 4.137931034482758563e-02 5.208333333333333565e-02
0.000000000000000000e+00 5.586206896551724199e-01 7.491319444444444198e-01 7.241379310344828180e-02 2.951388888888888812e-02
