0.000000000000000000e+00 4.899999999999999911e-01 1.247654784240150028e-01 3.250000000000000111e-02 6.191369606003752080e-02
0.000000000000000000e+00 4.712500000000000022e-01 2.307692307692307820e-01 3.749999999999999861e-02 9.005628517823639767e-02
0.000000000000000000e+00 4.924999999999999933e-01 3.836772983114446478e-01 5.500000000000000028e-02 2.195121951219512202e-01
0.000000000000000000e+00 5.100000000000000089e-01 2.429643527204502773e-01 3.749999999999999861e-02 6.191369606003752080e-02
0.000000000000000000e+00 3.787499999999999756e-01 3.161350844277673322e-01 5.000000000000000278e-02 3.939962476547842485e-02
0.000000000000000000e+00 4.156250000000000222e-01 3.480300187617260677e-01 4.374999999999999722e-02 3.939962476547842485e-02
0.000000000000000000e+00 4.456249999999999933e-01 3.977485928705440932e-01 3.375000000000000222e-02 6.003752345215759845e-02
0.000000000000000000e+00 4.306249999999999800e-01 5.065666041275797005e-01 3.624999999999999750e-02 1.425891181988742928e-01
0.000000000000000000e+00 4.762500000000000067e-01 5.459662288930581253e-01 2.999999999999999889e-02 8.255159474671669440e-02
0.000000000000000000e+00 5.206250000000000044e-01 6.060037523452157515e-01 7.124999999999999389e-02 1.538461538461538547e-01
0.000000000000000000e+00 4.856249999999999734e-01 7.110694183864915141e-01 2.624999999999999903e-02 5.253283302063790211e-02
0.000000000000000000e+00 4.299999999999999933e-01 6.716697936210130893e-01 3.749999999999999861e-02 9.380863039399624237e-02
0.000000000000000000e+00 5.556250000000000355e-01 5.196998123827392124e-01 2.375000000000000028e-02 1.125703564727954936e-01
0.000000000000000000e+00 5.500000000000000444e-01 3.320825515947466999e-01 2.999999999999999889e-02 9.005628517823639767e-02
0.000000000000000000e+00 5.687499999999999778e-01 3.949343339587241819e-01 3.250000000000000111e-02 1.031894934333958680e-01
0.000000000000000000e+00 5.981250000000000178e-01 4.859287054409005546e-01 2.624999999999999903e-02 1.163227016885553522e-01
0.000000000000000000e+00 6.581249999999999600e-01 6.322701688555346644e-01 4.374999999999999722e-02 1.050656660412758042e-01
0.000000000000000000e+00 5.743749999999999689e-01 6.350844277673546312e-01 4.374999999999999722e-02 1.144465290806754160e-01
0.000000000000000000e+00 6.162499999999999645e-01 6.885553470919324459e-01 4.250000000000000305e-02 4.127579737335834720e-02
0.000000000000000000e+00 4.699999999999999734e-01 7.570356472795497504e-01 3.500000000000000333e-02 3.939962476547842485e-02
0.000000000000000000e+00 5.537499999999999645e-01 7.729831144465291182e-01 2.500000000000000139e-02 7.129455909943714642e-02
0.000000000000000000e+00 6.006249999999999645e-01 7.551594746716697726e-01 3.125000000000000000e-02 5.065666041275797282e-02
0.000000000000000000e+00 6.862500000000000266e-01 7.138836772983114809e-01 2.500000000000000139e-02 3.564727954971857321e-02
