0.000000000000000000e+00 2.137499999999999956e-01 4.937500000000000222e-01 2.750000000000000014e-02 2.750000000000000014e-02
0.000000000000000000e+00 2.504166666666666763e-01 5.181249999999999467e-01 3.749999999999999861e-02 5.625000000000000139e-02
0.000000000000000000e+00 2.804166666666666474e-01 5.306250000000000133e-01 1.416666666666666595e-02 6.375000000000000111e-02
0.000000000000000000e+00 2.999999999999999889e-01 5.843749999999999778e-01 2.500000000000000139e-02 9.875000000000000444e-02
0.000000000000000000e+00 3.341666666666666674e-01 5.899999999999999689e-01 4.166666666666666435e-02 5.750000000000000250e-02
0.000000000000000000e+00 3.858333333333333059e-01 5.768750000000000266e-01 7.166666666666667018e-02 9.124999999999999778e-02
0.000000000000000000e+00 4.391666666666666496e-01 6.081250000000000266e-01 3.333333333333333287e-02 5.874999999999999667e-02
0.000000000000000000e+00 4.908333333333333437e-01 7.068750000000000311e-01 3.833333333333333037e-02 1.487499999999999933e-01
0.000000000000000000e+00 5.224999999999999645e-01 7.412499999999999645e-01 2.000000000000000042e-02 1.174999999999999933e-01
0.000000000000000000e+00 5.458333333333332815e-01 6.949999999999999512e-01 2.666666666666666838e-02 5.500000000000000028e-02
0.000000000000000000e+00 5.566666666666666430e-01 7.887499999999999512e-01 4.333333333333333481e-02 1.325000000000000067e-01
0.000000000000000000e+00 5.670833333333333837e-01 8.831250000000000488e-01 2.083333333333333218e-02 4.875000000000000167e-02
0.000000000000000000e+00 8.445833333333333526e-01 1.981249999999999956e-01 3.083333333333333412e-02 1.187499999999999944e-01
0.000000000000000000e+00 7.362499999999999600e-01 7.312499999999999556e-02 3.583333333333333509e-02 3.624999999999999750e-02
0.000000000000000000e+00 4.566666666666666652e-01 7.225000000000000311e-01 3.500000000000000333e-02 6.500000000000000222e-02
0.000000000000000000e+00 4.533333333333333104e-01 6.643750000000000488e-01 3.166666666666666935e-02 5.124999999999999695e-02
