0.000000000000000000e+00 1.579166666666666774e-01 7.650000000000000133e-01 6.583333333333332704e-02 1.277777777777777679e-01
0.000000000000000000e+00 1.908333333333333270e-01 8.255555555555555980e-01 4.499999999999999833e-02 3.777777777777777818e-02
0.000000000000000000e+00 2.104166666666666685e-01 7.683333333333333126e-01 3.583333333333333509e-02 4.555555555555555747e-02
0.000000000000000000e+00 2.233333333333333282e-01 8.527777777777777457e-01 5.500000000000000028e-02 4.777777777777778012e-02
0.000000000000000000e+00 2.750000000000000222e-01 7.866666666666666252e-01 3.500000000000000333e-02 6.888888888888888840e-02
0.000000000000000000e+00 3.033333333333333437e-01 8.488888888888889150e-01 8.666666666666666963e-02 5.777777777777777513e-02
0.000000000000000000e+00 3.658333333333333437e-01 8.388888888888889062e-01 3.666666666666666685e-02 5.777777777777777513e-02
0.000000000000000000e+00 4.016666666666666718e-01 8.166666666666666519e-01 2.833333333333333190e-02 5.999999999999999778e-02
0.000000000000000000e+00 4.308333333333333459e-01 8.005555555555555758e-01 3.666666666666666685e-02 8.555555555555555136e-02
0.000000000000000000e+00 4.737500000000000044e-01 8.050000000000000488e-01 2.583333333333333315e-02 4.777777777777778012e-02
0.000000000000000000e+00 4.987500000000000266e-01 7.666666666666667185e-01 2.416666666666666616e-02 4.222222222222222349e-02
0.000000000000000000e+00 5.120833333333333348e-01 8.100000000000000533e-01 3.250000000000000111e-02 4.444444444444444614e-02
0.000000000000000000e+00 5.437499999999999556e-01 8.205555555555555935e-01 3.250000000000000111e-02 2.999999999999999889e-02
0.000000000000000000e+00 5.758333333333333082e-01 8.027777777777778123e-01 1.499999999999999944e-02 2.555555555555555705e-02
0.000000000000000000e+00 5.929166666666666474e-01 8.272222222222221921e-01 2.416666666666666616e-02 2.333333333333333440e-02
0.000000000000000000e+00 6.329166666666666829e-01 8.194444444444444198e-01 2.083333333333333218e-02 6.333333333333333870e-02
0.000000000000000000e+00 6.558333333333333792e-01 7.961111111111111027e-01 2.000000000000000042e-02 7.666666666666666075e-02
0.000000000000000000e+00 6.766666666666666385e-01 8.227777777777778301e-01 1.833333333333333343e-02 4.333333333333333481e-02
0.000000000000000000e+00 6.933333333333333570e-01 8.294444444444444287e-01 2.500000000000000139e-02 2.333333333333333440e-02
0.000000000000000000e+00 7.437500000000000222e-01 8.511111111111111516e-01 2.249999999999999917e-02 3.777777777777777818e-02
0.000000000000000000e+00 7.850000000000000311e-01 8.494444444444444464e-01 3.500000000000000333e-02 4.777777777777778012e-02
0.000000000000000000e+00 8.299999999999999600e-01 8.483333333333333837e-01 4.333333333333333481e-02 5.444444444444444114e-02
0.000000000000000000e+00 8.845833333333333881e-01 8.800000000000000044e-01 3.416666666666666463e-02 3.555555555555555552e-02
0.000000000000000000e+00 9.316666666666666430e-01 8.527777777777777457e-01 2.166666666666666741e-02 4.777777777777778012e-02
0.000000000000000000e+00 9.183333333333333348e-01 8.750000000000000000e-01 1.666666666666666644e-02 4.111111111111111216e-02
