0.000000000000000000e+00 3.266666666666666607e-01 8.027777777777778123e-01 9.777777777777778290e-02 2.388888888888889006e-01
0.000000000000000000e+00 4.222222222222222210e-01 7.291666666666666297e-01 1.111111111111111049e-01 8.055555555555556080e-02
0.000000000000000000e+00 4.955555555555555824e-01 7.541666666666666519e-01 4.000000000000000083e-02 1.250000000000000000e-01
0.000000000000000000e+00 5.466666666666666341e-01 7.666666666666667185e-01 3.555555555555555552e-02 7.222222222222221544e-02
0.000000000000000000e+00 6.666666666666666297e-01 7.444444444444444642e-01 1.066666666666666735e-01 7.777777777777777901e-02
0.000000000000000000e+00 6.800000000000000488e-01 8.263888888888888395e-01 4.444444444444444614e-02 9.722222222222222376e-02
0.000000000000000000e+00 6.822222222222221744e-01 6.611111111111110938e-01 4.888888888888889145e-02 8.333333333333332871e-02
0.000000000000000000e+00 5.899999999999999689e-01 7.708333333333333703e-01 4.222222222222222349e-02 3.055555555555555455e-02
0.000000000000000000e+00 6.022222222222222143e-01 8.138888888888888840e-01 1.777777777777777776e-02 6.666666666666666574e-02
0.000000000000000000e+00 4.555555555555555469e-01 6.125000000000000444e-01 4.888888888888889145e-02 3.611111111111110772e-02
