0.000000000000000000e+00 3.509999999999999787e-01 6.509216589861751556e-01 4.200000000000000261e-02 8.525345622119816225e-02
0.000000000000000000e+00 3.950000000000000178e-01 6.728110599078340748e-01 4.599999999999999922e-02 5.529953917050691586e-02
0.000000000000000000e+00 4.829999999999999849e-01 6.820276497695852980e-01 1.380000000000000115e-01 3.225806451612903136e-02
0.000000000000000000e+00 5.729999999999999538e-01 6.221198156682027358e-01 4.599999999999999922e-02 1.152073732718894017e-01
0.000000000000000000e+00 6.089999999999999858e-01 5.668202764976958408e-01 6.199999999999999956e-02 9.677419354838709409e-02
0.000000000000000000e+00 5.180000000000000160e-01 5.921658986175115658e-01 5.600000000000000117e-02 4.608294930875576206e-02
0.000000000000000000e+00 4.279999999999999916e-01 5.956221198156681496e-01 4.800000000000000100e-02 4.377880184331797014e-02
0.000000000000000000e+00 4.079999999999999738e-01 5.241935483870967527e-01 4.000000000000000083e-02 2.995391705069124291e-02
0.000000000000000000e+00 4.600000000000000200e-01 5.023041474654378336e-01 7.599999999999999811e-02 2.764976958525345793e-02
0.000000000000000000e+00 5.330000000000000293e-01 5.057603686635944173e-01 5.399999999999999939e-02 6.221198156682027774e-02
