0.000000000000000000e+00 1.570000000000000007e-01 8.858858858858859042e-01 4.599999999999999922e-02 1.321321321321321240e-01
0.000000000000000000e+00 2.049999999999999878e-01 7.867867867867868181e-01 2.599999999999999881e-02 3.603603603603603572e-02
0.000000000000000000e+00 2.889999999999999791e-01 8.198198198198197728e-01 2.199999999999999872e-02 4.204204204204204515e-02
0.000000000000000000e+00 2.969999999999999862e-01 8.933933933933934091e-01 2.199999999999999872e-02 5.705705705705705483e-02
0.000000000000000000e+00 2.780000000000000249e-01 9.504504504504504014e-01 3.200000000000000067e-02 2.702702702702702853e-02
0.000000000000000000e+00 3.130000000000000004e-01 9.414414414414414845e-01 2.199999999999999872e-02 2.102102102102102257e-02
0.000000000000000000e+00 3.420000000000000262e-01 9.669669669669669343e-01 2.400000000000000050e-02 4.204204204204204515e-02
0.000000000000000000e+00 3.539999999999999813e-01 8.963963963963963444e-01 2.800000000000000058e-02 4.504504504504504292e-02
0.000000000000000000e+00 3.320000000000000173e-01 8.078078078078078095e-01 2.400000000000000050e-02 4.804804804804804763e-02
0.000000000000000000e+00 5.300000000000000266e-01 8.468468468468468568e-01 1.640000000000000069e-01 1.501501501501501523e-01
0.000000000000000000e+00 6.480000000000000204e-01 8.693693693693693714e-01 4.800000000000000100e-02 8.708708708708708113e-02
0.000000000000000000e+00 7.049999999999999600e-01 7.927927927927927998e-01 5.000000000000000278e-02 8.408408408408409029e-02
0.000000000000000000e+00 7.259999999999999787e-01 6.756756756756756577e-01 4.000000000000000083e-02 1.381381381381381335e-01
0.000000000000000000e+00 8.259999999999999565e-01 7.777777777777777901e-01 1.719999999999999862e-01 1.261261261261261146e-01
0.000000000000000000e+00 8.329999999999999627e-01 6.081081081081081141e-01 8.599999999999999312e-02 2.372372372372372473e-01
0.000000000000000000e+00 9.150000000000000355e-01 6.261261261261261701e-01 7.799999999999999989e-02 1.891891891891891997e-01
0.000000000000000000e+00 9.399999999999999467e-01 7.537537537537537524e-01 5.199999999999999761e-02 7.207207207207207145e-02
0.000000000000000000e+00 3.960000000000000187e-01 8.018018018018018278e-01 5.199999999999999761e-02 3.003003003003002977e-02
