0.000000000000000000e+00 4.213541666666666408e-01 8.629629629629629317e-01 8.645833333333333148e-02 1.000000000000000056e-01
0.000000000000000000e+00 4.885416666666666519e-01 8.939814814814814881e-01 4.895833333333333287e-02 2.120370370370370239e-01
0.000000000000000000e+00 4.153645833333333148e-01 7.342592592592592782e-01 2.968749999999999861e-02 9.629629629629629650e-02
0.000000000000000000e+00 4.895833333333333148e-01 4.833333333333333370e-01 5.520833333333333148e-02 1.129629629629629595e-01
0.000000000000000000e+00 5.111979166666666963e-01 2.958333333333333370e-01 5.052083333333333426e-02 1.268518518518518545e-01
0.000000000000000000e+00 2.153645833333333315e-01 2.472222222222222321e-01 8.697916666666666297e-02 1.074074074074074098e-01
0.000000000000000000e+00 2.289062500000000056e-01 3.916666666666666630e-01 6.718749999999999722e-02 8.148148148148148806e-02
0.000000000000000000e+00 2.065104166666666685e-01 4.620370370370370239e-01 4.010416666666666990e-02 4.629629629629629373e-02
0.000000000000000000e+00 2.460937500000000000e-01 4.634259259259259078e-01 3.593749999999999722e-02 3.981481481481481677e-02
0.000000000000000000e+00 2.158854166666666630e-01 5.087962962962963021e-01 1.614583333333333495e-02 1.203703703703703706e-02
0.000000000000000000e+00 2.299479166666666685e-01 5.124999999999999556e-01 6.770833333333333565e-03 2.129629629629629581e-02
0.000000000000000000e+00 2.406250000000000056e-01 5.250000000000000222e-01 1.250000000000000069e-02 1.296296296296296259e-02
0.000000000000000000e+00 2.515625000000000222e-01 5.319444444444444420e-01 1.145833333333333252e-02 1.574074074074073917e-02
0.000000000000000000e+00 5.390625000000000278e-02 5.305555555555555580e-01 2.968749999999999861e-02 5.555555555555555247e-02
0.000000000000000000e+00 7.812500000000000000e-02 5.101851851851851860e-01 2.500000000000000139e-02 4.444444444444444614e-02
0.000000000000000000e+00 3.143229166666666741e-01 2.314814814814814825e-01 2.447916666666666644e-02 1.111111111111111049e-01
0.000000000000000000e+00 4.523437499999999889e-01 3.958333333333333148e-01 9.531249999999999445e-02 4.722222222222222099e-02
0.000000000000000000e+00 5.250000000000000222e-01 4.189814814814814548e-01 4.687500000000000000e-02 4.722222222222222099e-02
0.000000000000000000e+00 5.317708333333333037e-01 4.828703703703703942e-01 2.812500000000000069e-02 6.944444444444444753e-02
0.000000000000000000e+00 7.653645833333333481e-01 9.106481481481480955e-01 6.718749999999999722e-02 1.287037037037037090e-01
0.000000000000000000e+00 4.507812500000000222e-01 7.736111111111111382e-01 2.656249999999999931e-02 8.611111111111111049e-02
