0.000000000000000000e+00 2.682584269662921517e-01 2.354166666666666630e-01 1.882022471910112238e-01 1.708333333333333370e-01
0.000000000000000000e+00 2.907303370786517016e-01 3.499999999999999778e-01 9.269662921348315043e-02 6.666666666666666574e-02
0.000000000000000000e+00 3.160112359550562022e-01 4.625000000000000222e-01 4.213483146067415613e-02 1.333333333333333315e-01
0.000000000000000000e+00 3.525280898876404501e-01 6.187500000000000222e-01 1.095505617977528129e-01 8.749999999999999445e-02
0.000000000000000000e+00 4.030898876404494513e-01 5.479166666666667185e-01 5.898876404494381859e-02 8.749999999999999445e-02
0.000000000000000000e+00 4.325842696629213502e-01 3.354166666666666408e-01 1.235955056179775247e-01 1.208333333333333343e-01
0.000000000000000000e+00 4.775280898876404501e-01 4.375000000000000000e-01 1.011235955056179747e-01 1.250000000000000000e-01
0.000000000000000000e+00 4.705056179775281011e-01 2.229166666666666796e-01 1.320224719101123489e-01 1.291666666666666796e-01
0.000000000000000000e+00 5.519662921348315043e-01 1.083333333333333370e-01 1.432584269662921239e-01 1.416666666666666630e-01
0.000000000000000000e+00 6.376404494382021948e-01 2.312500000000000111e-01 1.011235955056179747e-01 1.375000000000000111e-01
0.000000000000000000e+00 6.264044943820225031e-01 3.770833333333333259e-01 1.516853932584269760e-01 1.791666666666666685e-01
0.000000000000000000e+00 6.250000000000000000e-01 5.291666666666666741e-01 5.898876404494381859e-02 1.250000000000000000e-01
0.000000000000000000e+00 5.786516853932583970e-01 6.229166666666666741e-01 4.494382022471909988e-02 1.125000000000000028e-01
0.000000000000000000e+00 6.896067415730336991e-01 5.291666666666666741e-01 5.898876404494381859e-02 1.166666666666666685e-01
0.000000000000000000e+00 7.457865168539326017e-01 5.208333333333333703e-01 5.898876404494381859e-02 1.333333333333333315e-01
0.000000000000000000e+00 7.514044943820225031e-01 3.854166666666666852e-01 5.898876404494381859e-02 1.208333333333333343e-01
0.000000000000000000e+00 7.893258426966291985e-01 3.083333333333333481e-01 5.617977528089887485e-02 1.250000000000000000e-01
0.000000000000000000e+00 8.202247191011236005e-01 2.000000000000000111e-01 7.303370786516853730e-02 1.250000000000000000e-01
