0.000000000000000000e+00 3.975000000000000200e-01 4.587242026266416528e-01 2.099999999999999922e-01 2.420262664165103161e-01
0.000000000000000000e+00 2.681250000000000022e-01 6.172607879924952856e-01 9.625000000000000222e-02 7.129455909943714642e-02
0.000000000000000000e+00 3.112500000000000266e-01 7.973733583489680532e-01 5.750000000000000250e-02 1.050656660412758042e-01
0.000000000000000000e+00 2.456250000000000100e-01 8.883677298311444259e-01 2.875000000000000125e-02 5.440900562851782446e-02
0.000000000000000000e+00 3.300000000000000155e-01 9.587242026266415973e-01 5.500000000000000028e-02 4.127579737335834720e-02
0.000000000000000000e+00 3.474999999999999756e-01 7.157598499061913477e-01 2.750000000000000014e-02 1.857410881801125624e-01
0.000000000000000000e+00 3.868750000000000244e-01 7.223264540337711592e-01 4.125000000000000194e-02 8.255159474671669440e-02
0.000000000000000000e+00 4.437499999999999778e-01 6.435272045028143095e-01 5.000000000000000278e-02 1.200750469043151969e-01
0.000000000000000000e+00 4.737500000000000044e-01 2.373358348968105103e-01 1.049999999999999961e-01 2.232645403377110649e-01
0.000000000000000000e+00 5.631249999999999867e-01 4.634146341463414864e-01 1.187499999999999944e-01 2.251407129455909872e-01
0.000000000000000000e+00 5.637499999999999734e-01 2.973733583489681087e-01 5.249999999999999806e-02 1.144465290806754160e-01
0.000000000000000000e+00 6.574999999999999734e-01 3.545966228893058236e-01 7.499999999999999722e-02 1.163227016885553522e-01
0.000000000000000000e+00 6.743749999999999467e-01 2.148217636022514143e-01 2.375000000000000028e-02 4.690431519699812118e-02
0.000000000000000000e+00 6.593750000000000444e-01 4.953095684803001664e-01 7.624999999999999833e-02 1.538461538461538547e-01
0.000000000000000000e+00 7.225000000000000311e-01 4.409005628517823627e-01 5.000000000000000278e-02 1.538461538461538547e-01
0.000000000000000000e+00 7.468749999999999556e-01 5.675422138836773156e-01 7.624999999999999833e-02 1.594746716697936217e-01
0.000000000000000000e+00 7.006250000000000533e-01 6.200750469043152524e-01 2.125000000000000153e-02 7.692307692307692735e-02
0.000000000000000000e+00 5.524999999999999911e-01 6.407129455909943427e-01 5.249999999999999806e-02 1.257035647279549639e-01
0.000000000000000000e+00 6.068750000000000533e-01 6.913696060037523017e-01 3.125000000000000000e-02 1.031894934333958680e-01
0.000000000000000000e+00 6.868750000000000133e-01 7.288930581613508597e-01 5.874999999999999667e-02 5.816135084427767610e-02
0.000000000000000000e+00 7.624999999999999556e-01 6.885553470919324459e-01 7.499999999999999722e-02 9.380863039399624237e-02
0.000000000000000000e+00 7.275000000000000355e-01 8.264540337711069329e-01 7.249999999999999500e-02 3.564727954971857321e-02
0.000000000000000000e+00 6.225000000000000533e-01 9.136960600375234609e-01 8.250000000000000389e-02 8.630393996247655297e-02
