0.000000000000000000e+00 1.202247191011235894e-01 3.814616755793226455e-01 6.966292134831460203e-02 5.347593582887700397e-02
0.000000000000000000e+00 2.932584269662921184e-01 3.698752228163992850e-01 1.101123595505617975e-01 6.595365418894830190e-02
0.000000000000000000e+00 4.764044943820224809e-01 3.520499108734402860e-01 1.662921348314606862e-01 1.016042780748663138e-01
0.000000000000000000e+00 6.999999999999999556e-01 3.484848484848485084e-01 1.235955056179775247e-01 9.090909090909091161e-02
0.000000000000000000e+00 8.887640449438202195e-01 3.966131907308377835e-01 2.224719101123595610e-01 2.513368983957219305e-01
0.000000000000000000e+00 1.808988764044943687e-01 5.588235294117647189e-01 6.516853932584269760e-02 8.021390374331550943e-02
0.000000000000000000e+00 3.764044943820224476e-01 5.650623885918003575e-01 6.067415730337078622e-02 9.982174688057041112e-02
0.000000000000000000e+00 3.044943820224719211e-01 6.497326203208556583e-01 7.865168539325842478e-02 5.169340463458110824e-02
0.000000000000000000e+00 3.719101123595505709e-01 7.655971479500891519e-01 7.415730337078652035e-02 6.238859180035650348e-02
0.000000000000000000e+00 7.865168539325843033e-01 7.852049910873439842e-01 4.044943820224718989e-01 6.951871657754010725e-02
0.000000000000000000e+00 5.337078651685392972e-01 6.372549019607842702e-01 1.146067415730337019e-01 7.664884135472370408e-02
0.000000000000000000e+00 6.134831460674157189e-01 5.320855614973262204e-01 4.044943820224718850e-02 1.764705882352941291e-01
