0.000000000000000000e+00 3.243967828418230503e-01 2.520000000000000018e-01 6.970509383378016566e-02 1.839999999999999969e-01
0.000000000000000000e+00 3.123324396782841683e-01 3.770000000000000018e-01 1.367292225201072464e-01 6.199999999999999956e-02
0.000000000000000000e+00 4.008042895442359144e-01 2.310000000000000109e-01 7.238605898123325055e-02 1.980000000000000093e-01
0.000000000000000000e+00 4.410187667560321878e-01 3.589999999999999858e-01 1.045576407506702415e-01 1.700000000000000122e-01
0.000000000000000000e+00 5.281501340482573914e-01 3.599999999999999867e-01 6.434316353887399587e-02 6.800000000000000488e-02
0.000000000000000000e+00 6.447721179624664734e-01 3.469999999999999751e-01 1.581769436997318978e-01 4.599999999999999922e-02
0.000000000000000000e+00 8.002680965147452863e-01 2.429999999999999938e-01 8.310991957104557626e-02 1.580000000000000016e-01
0.000000000000000000e+00 5.522788203753351555e-01 4.380000000000000004e-01 1.018766756032171567e-01 2.400000000000000050e-02
0.000000000000000000e+00 5.643431635388740375e-01 4.749999999999999778e-01 1.260053619302949068e-01 1.000000000000000021e-02
0.000000000000000000e+00 4.678284182305629813e-01 4.779999999999999805e-01 5.093833780160857833e-02 1.000000000000000056e-01
0.000000000000000000e+00 6.608579088471849827e-01 5.160000000000000142e-01 7.774798927613940647e-02 4.000000000000000083e-02
0.000000000000000000e+00 6.809651474530831194e-01 4.020000000000000240e-01 3.753351206434316079e-02 6.400000000000000133e-02
0.000000000000000000e+00 7.412868632707775296e-01 4.289999999999999925e-01 7.238605898123325055e-02 1.799999999999999864e-02
0.000000000000000000e+00 5.080428954423592547e-01 5.510000000000000453e-01 6.166219839142091097e-02 4.599999999999999922e-02
