0.000000000000000000e+00 1.382978723404255372e-01 6.837060702875399354e-01 4.042553191489361986e-02 4.472843450479233041e-02
0.000000000000000000e+00 1.781914893617021212e-01 6.765175718849840703e-01 4.361702127659574518e-02 2.396166134185303415e-02
0.000000000000000000e+00 4.478723404255319229e-01 7.731629392971246517e-01 1.063829787234042527e-02 3.514376996805111675e-02
0.000000000000000000e+00 4.914893617021276473e-01 7.699680511182108722e-01 3.404255319148936226e-02 5.111821086261980618e-02
0.000000000000000000e+00 5.563829787234042534e-01 7.619808306709264789e-01 2.340425531914893525e-02 3.514376996805111675e-02
0.000000000000000000e+00 7.186170212765957688e-01 7.132587859424920351e-01 6.914893617021276861e-02 8.785942492012779881e-02
0.000000000000000000e+00 7.659574468085106336e-01 7.060702875399360590e-01 2.553191489361701996e-02 4.153354632587859252e-02
0.000000000000000000e+00 8.000000000000000444e-01 5.271565495207667373e-01 1.702127659574468113e-02 4.153354632587859252e-02
0.000000000000000000e+00 7.563829787234042090e-01 5.167731629392970927e-01 8.510638297872340566e-03 2.715654952076677203e-02
0.000000000000000000e+00 8.345744680851063801e-01 6.717252396166134565e-01 2.234042553191489464e-02 4.952076677316293724e-02
0.000000000000000000e+00 8.000000000000000444e-01 7.068690095846645871e-01 3.617021276595744350e-02 2.396166134185303415e-02
0.000000000000000000e+00 8.260638297872340274e-01 6.222044728434504846e-01 3.085106382978723347e-02 2.715654952076677203e-02
0.000000000000000000e+00 8.553191489361702260e-01 6.246006389776357359e-01 2.978723404255319285e-02 1.597444089456868943e-02
0.000000000000000000e+00 9.095744680851063357e-01 6.613418530351438118e-01 2.765957446808510467e-02 1.597444089456868943e-02
0.000000000000000000e+00 9.313829787234042534e-01 6.389776357827475772e-01 2.021276595744680993e-02 3.833865814696485463e-02
0.000000000000000000e+00 9.585106382978723083e-01 6.589456869009584494e-01 2.553191489361701996e-02 2.076677316293929626e-02
0.000000000000000000e+00 9.510638297872340274e-01 6.357827476038339087e-01 1.276595744680850998e-02 1.597444089456868943e-02
0.000000000000000000e+00 8.111702127659574657e-01 8.011182108626198062e-01 9.574468085106382920e-03 3.674121405750798569e-02
