0.000000000000000000e+00 3.546874999999999889e-01 2.323113207547169712e-01 2.812500000000000069e-02 1.816037735849056478e-01
0.000000000000000000e+00 3.203125000000000000e-01 2.818396226415094130e-01 4.374999999999999722e-02 7.311320754716980896e-02
0.000000000000000000e+00 3.960937500000000222e-01 2.747641509433962348e-01 3.593749999999999722e-02 1.344339622641509413e-01
0.000000000000000000e+00 4.390625000000000222e-01 2.794811320754717054e-01 5.312499999999999861e-02 2.853773584905660576e-01
0.000000000000000000e+00 2.296874999999999889e-01 4.728773584905660576e-01 4.687500000000000000e-02 1.297169811320754707e-01
0.000000000000000000e+00 2.531249999999999889e-01 5.625000000000000000e-01 1.125000000000000028e-01 4.009433962264150747e-02
0.000000000000000000e+00 2.039062500000000111e-01 6.273584905660377631e-01 2.031250000000000069e-02 8.962264150943395624e-02
0.000000000000000000e+00 2.937500000000000111e-01 6.391509433962264675e-01 3.125000000000000000e-02 1.084905660377358527e-01
0.000000000000000000e+00 3.070312499999999778e-01 4.870283018867924696e-01 5.156249999999999722e-02 1.108490566037735880e-01
0.000000000000000000e+00 3.882812500000000222e-01 5.271226415094339979e-01 6.406249999999999445e-02 6.367924528301886766e-02
0.000000000000000000e+00 4.718749999999999889e-01 5.294811320754716499e-01 5.312499999999999861e-02 6.839622641509433831e-02
0.000000000000000000e+00 6.648437499999999556e-01 6.132075471698112956e-01 8.281249999999999722e-02 1.367924528301886766e-01
0.000000000000000000e+00 8.835937499999999556e-01 5.483490566037735325e-01 7.968749999999999445e-02 5.896226415094339701e-02
0.000000000000000000e+00 9.765625000000000000e-01 5.589622641509434109e-01 4.687500000000000000e-02 6.132075471698113234e-02
0.000000000000000000e+00 8.414062500000000222e-01 3.844339622641509413e-01 4.843750000000000139e-02 1.367924528301886766e-01
