0.000000000000000000e+00 4.140698772426817942e-01 6.567852437417655009e-01 2.360717658168083252e-02 4.084321475625823233e-02
0.000000000000000000e+00 4.532577903682719622e-01 6.258234519104084459e-01 5.099150141643059297e-02 7.114624505928854314e-02
0.000000000000000000e+00 4.806421152030216914e-01 5.764163372859024692e-01 2.832861189801699764e-02 2.503293807641633617e-02
0.000000000000000000e+00 5.297450424929178725e-01 6.416337285902503629e-01 2.455146364494806277e-02 4.743083003952568849e-02
0.000000000000000000e+00 4.480642115203021802e-01 6.732542819499340858e-01 3.116147308781869532e-02 2.898550724637681195e-02
0.000000000000000000e+00 4.678942398489140952e-01 7.048748353096179198e-01 3.116147308781869532e-02 5.533596837944664004e-02
0.000000000000000000e+00 4.952785646836638245e-01 7.200263504611330578e-01 2.360717658168083252e-02 3.820816864295124848e-02
0.000000000000000000e+00 5.278564683663833357e-01 7.213438735177866157e-01 1.699716713881019997e-02 3.557312252964427157e-02
0.000000000000000000e+00 5.250236071765816970e-01 6.943346508563900121e-01 1.699716713881019997e-02 1.317523056653491405e-02
0.000000000000000000e+00 6.100094428706326344e-01 7.430830039525692099e-01 1.510859301227573254e-02 1.317523056653491405e-02
0.000000000000000000e+00 4.178470254957507013e-01 7.167325428194993853e-01 2.171860245514636509e-02 4.216073781291172773e-02
0.000000000000000000e+00 4.442870632672332176e-01 7.187088274044796110e-01 1.794145420207743022e-02 3.820816864295124848e-02
0.000000000000000000e+00 3.347497639282341897e-01 7.292490118577075187e-01 1.416430594900849882e-02 2.766798418972332002e-02
0.000000000000000000e+00 3.489140698772426608e-01 7.187088274044796110e-01 1.416430594900849882e-02 2.503293807641633617e-02
0.000000000000000000e+00 4.017941454202077489e-01 7.483530961791831082e-01 2.927289896128423136e-02 1.317523056653491405e-02
0.000000000000000000e+00 4.981114258734655187e-01 8.221343873517786838e-01 1.605288007554296625e-02 1.844532279314888001e-02
