0.000000000000000000e+00 2.633158289572393174e-01 5.488721804511278446e-01 4.351087771942985932e-02 1.165413533834586401e-01
0.000000000000000000e+00 2.014253563390847601e-01 5.610902255639097502e-01 5.176294073518379613e-02 7.518796992481202590e-02
0.000000000000000000e+00 3.090772693173293173e-01 5.263157894736841813e-01 1.950487621905476476e-02 1.522556390977443663e-01
0.000000000000000000e+00 3.589647411852963099e-01 5.343045112781954487e-01 5.026256564141035055e-02 1.531954887218045236e-01
0.000000000000000000e+00 4.107276819204801477e-01 5.657894736842105088e-01 5.626406601650412592e-02 6.203007518796992137e-02
0.000000000000000000e+00 5.052513128282070110e-01 5.747180451127819056e-01 9.527381845461364851e-02 3.665413533834586263e-02
0.000000000000000000e+00 5.052513128282070110e-01 6.123120300751879741e-01 9.677419354838709409e-02 2.913533834586466004e-02
0.000000000000000000e+00 5.026256564141035055e-01 7.142857142857143016e-01 3.150787696924230857e-02 4.323308270676691489e-02
0.000000000000000000e+00 5.873968492123030627e-01 5.770676691729322849e-01 4.351087771942985932e-02 4.135338345864661425e-02
0.000000000000000000e+00 5.911477869467366419e-01 5.375939849624060685e-01 4.051012753188296817e-02 3.007518796992481036e-02
0.000000000000000000e+00 6.414103525881470480e-01 6.019736842105263275e-01 4.801200300075018912e-02 5.921052631578947040e-02
0.000000000000000000e+00 7.010502625656414022e-01 5.897556390977443108e-01 6.226556639159790130e-02 8.740601503759398705e-02
0.000000000000000000e+00 7.899474868717178966e-01 6.085526315789473450e-01 3.750937734433608395e-02 5.357142857142856845e-02
0.000000000000000000e+00 7.824456114028507381e-01 7.260338345864661980e-01 1.500375093773443323e-02 4.605263157894736586e-02
0.000000000000000000e+00 7.996999249812453137e-01 7.241541353383458279e-01 1.500375093773443323e-02 3.477443609022556198e-02
0.000000000000000000e+00 5.873968492123030627e-01 7.030075187969925254e-01 2.550637659414853667e-02 6.766917293233082331e-02
0.000000000000000000e+00 6.819204801200300370e-01 7.152255639097744311e-01 1.650412603150787708e-02 3.383458646616541166e-02
0.000000000000000000e+00 6.984246061515378967e-01 7.199248120300751896e-01 1.050262565641410344e-02 3.947368421052631360e-02
0.000000000000000000e+00 7.520630157539385241e-01 5.991541353383458279e-01 3.375843960990247694e-02 7.236842105263158187e-02
