0.000000000000000000e+00 3.449999999999999734e-01 1.733333333333333393e-01 2.599999999999999881e-02 3.200000000000000067e-02
0.000000000000000000e+00 3.180000000000000049e-01 2.013333333333333364e-01 2.400000000000000050e-02 1.866666666666666821e-02
0.000000000000000000e+00 3.729999999999999982e-01 2.386666666666666659e-01 2.199999999999999872e-02 6.133333333333332998e-02
0.000000000000000000e+00 5.440000000000000391e-01 9.199999999999999845e-02 5.199999999999999761e-02 5.066666666666666541e-02
0.000000000000000000e+00 6.280000000000000027e-01 1.093333333333333379e-01 5.199999999999999761e-02 4.266666666666666524e-02
0.000000000000000000e+00 6.009999999999999787e-01 1.826666666666666716e-01 3.400000000000000244e-02 5.066666666666666541e-02
0.000000000000000000e+00 6.119999999999999885e-01 2.306666666666666587e-01 2.800000000000000058e-02 3.466666666666666508e-02
0.000000000000000000e+00 8.159999999999999476e-01 2.226666666666666794e-01 4.800000000000000100e-02 9.333333333333333759e-02
0.000000000000000000e+00 6.929999999999999494e-01 3.186666666666666536e-01 2.199999999999999872e-02 4.000000000000000083e-02
0.000000000000000000e+00 5.460000000000000409e-01 4.319999999999999951e-01 4.800000000000000100e-02 8.000000000000000167e-02
0.000000000000000000e+00 5.570000000000000506e-01 4.959999999999999964e-01 3.400000000000000244e-02 3.200000000000000067e-02
0.000000000000000000e+00 5.759999999999999565e-01 5.013333333333332975e-01 2.000000000000000042e-02 4.266666666666666524e-02
0.000000000000000000e+00 6.019999999999999796e-01 4.333333333333333481e-01 5.199999999999999761e-02 5.600000000000000117e-02
0.000000000000000000e+00 6.420000000000000151e-01 4.346666666666666456e-01 3.200000000000000067e-02 2.133333333333333262e-02
0.000000000000000000e+00 6.780000000000000471e-01 4.440000000000000058e-01 2.400000000000000050e-02 1.866666666666666821e-02
0.000000000000000000e+00 7.159999999999999698e-01 4.666666666666666741e-01 5.999999999999999778e-02 9.066666666666667318e-02
0.000000000000000000e+00 6.909999999999999476e-01 3.880000000000000115e-01 2.999999999999999889e-02 5.600000000000000117e-02
0.000000000000000000e+00 4.259999999999999898e-01 5.613333333333333508e-01 3.599999999999999728e-02 2.933333333333333279e-02
0.000000000000000000e+00 3.619999999999999885e-01 6.906666666666666510e-01 4.399999999999999745e-02 7.466666666666667285e-02
0.000000000000000000e+00 4.580000000000000182e-01 7.013333333333333641e-01 6.800000000000000488e-02 8.000000000000000167e-02
0.000000000000000000e+00 5.320000000000000284e-01 6.959999999999999520e-01 5.600000000000000117e-02 6.933333333333333015e-02
0.000000000000000000e+00 6.099999999999999867e-01 6.706666666666666332e-01 5.999999999999999778e-02 6.133333333333332998e-02
0.000000000000000000e+00 6.860000000000000542e-01 6.653333333333333321e-01 4.800000000000000100e-02 7.733333333333333726e-02
0.000000000000000000e+00 7.069999999999999618e-01 7.133333333333333748e-01 2.599999999999999881e-02 1.866666666666666821e-02
0.000000000000000000e+00 5.759999999999999565e-01 7.133333333333333748e-01 3.200000000000000067e-02 2.400000000000000050e-02
0.000000000000000000e+00 5.370000000000000329e-01 7.600000000000000089e-01 4.599999999999999922e-02 5.333333333333333676e-02
0.000000000000000000e+00 6.540000000000000258e-01 6.813333333333333464e-01 2.400000000000000050e-02 3.466666666666666508e-02
