0.000000000000000000e+00 1.898734177215189931e-02 5.039556962025316666e-01 3.375527426160337269e-02 3.006329113924050694e-02
0.000000000000000000e+00 6.329113924050633333e-02 5.118670886075948889e-01 6.118143459915612037e-02 3.322784810126581945e-02
0.000000000000000000e+00 8.386075949367088889e-02 5.506329113924051111e-01 2.848101265822784722e-02 4.430379746835443056e-02
0.000000000000000000e+00 1.075949367088607639e-01 5.696202531645570000e-01 2.109704641350210880e-02 2.848101265822784722e-02
0.000000000000000000e+00 1.260548523206750926e-01 5.704113924050633333e-01 1.793248945147679282e-02 4.272151898734177083e-02
0.000000000000000000e+00 1.513713080168776481e-01 5.783227848101265556e-01 3.481012658227847917e-02 3.955696202531645833e-02
0.000000000000000000e+00 1.313291139240506389e-01 5.261075949367088889e-01 7.278481012658227778e-02 4.905063291139240278e-02
0.000000000000000000e+00 1.508438818565400741e-01 4.810126582278481111e-01 3.375527426160337269e-02 3.797468354430379861e-02
0.000000000000000000e+00 1.925105485232067593e-01 5.371835443037974445e-01 4.535864978902953704e-02 5.537974683544303472e-02
0.000000000000000000e+00 3.407172995780590741e-01 5.830696202531645556e-01 9.915611814345991204e-02 4.272151898734177083e-02
0.000000000000000000e+00 4.266877637130801482e-01 5.957278481012657778e-01 6.856540084388185186e-02 4.905063291139240278e-02
0.000000000000000000e+00 4.509493670886076111e-01 5.348101265822784445e-01 6.223628691983122685e-02 5.379746835443038194e-02
0.000000000000000000e+00 4.583333333333333148e-01 4.912974683544303889e-01 2.426160337552742477e-02 3.322784810126581945e-02
0.000000000000000000e+00 5.274261603375527407e-01 5.490506329113924444e-01 5.274261603375527546e-02 5.696202531645569445e-02
0.000000000000000000e+00 4.963080168776371481e-01 6.091772151898734444e-01 6.223628691983122685e-02 4.746835443037975000e-02
0.000000000000000000e+00 5.712025316455696666e-01 6.297468354430380000e-01 8.544303797468354167e-02 4.113924050632911111e-02
0.000000000000000000e+00 6.466244725738397037e-01 6.408227848101265556e-01 5.485232067510548842e-02 4.113924050632911111e-02
