0.000000000000000000e+00 2.335937499999999889e-01 4.940476190476190688e-01 1.718750000000000139e-02 3.095238095238095344e-02
0.000000000000000000e+00 2.281249999999999944e-01 5.392857142857142572e-01 2.812500000000000069e-02 1.666666666666666644e-02
0.000000000000000000e+00 3.187499999999999778e-01 5.071428571428571175e-01 3.749999999999999861e-02 3.809523809523809867e-02
0.000000000000000000e+00 4.234375000000000222e-01 4.809523809523809645e-01 1.874999999999999931e-02 1.904761904761904934e-02
0.000000000000000000e+00 4.507812500000000222e-01 4.654761904761904878e-01 2.968749999999999861e-02 2.142857142857142877e-02
0.000000000000000000e+00 4.789062499999999778e-01 4.749999999999999778e-01 2.968749999999999861e-02 2.619047619047619110e-02
0.000000000000000000e+00 4.804687500000000000e-01 4.488095238095238249e-01 1.406250000000000035e-02 2.142857142857142877e-02
0.000000000000000000e+00 4.453125000000000000e-01 5.273809523809523947e-01 1.874999999999999931e-02 2.142857142857142877e-02
0.000000000000000000e+00 4.640624999999999889e-01 5.678571428571428381e-01 3.125000000000000000e-02 5.952380952380952051e-02
0.000000000000000000e+00 4.632812499999999778e-01 5.119047619047618625e-01 1.406250000000000035e-02 3.809523809523809867e-02
0.000000000000000000e+00 4.914062499999999889e-01 5.571428571428571619e-01 1.718750000000000139e-02 2.380952380952380820e-02
0.000000000000000000e+00 5.070312500000000444e-01 5.511904761904762307e-01 1.718750000000000139e-02 3.571428571428571230e-02
0.000000000000000000e+00 5.328125000000000222e-01 5.702380952380952106e-01 2.812500000000000069e-02 3.095238095238095344e-02
0.000000000000000000e+00 5.460937500000000444e-01 6.083333333333332815e-01 2.031250000000000069e-02 5.000000000000000278e-02
0.000000000000000000e+00 5.960937499999999778e-01 5.059523809523809312e-01 3.593749999999999722e-02 5.952380952380952051e-02
0.000000000000000000e+00 5.812500000000000444e-01 6.416666666666667185e-01 2.500000000000000139e-02 4.523809523809523697e-02
0.000000000000000000e+00 6.078124999999999778e-01 6.666666666666666297e-01 1.874999999999999931e-02 2.380952380952380820e-02
0.000000000000000000e+00 6.117187499999999778e-01 6.345238095238094900e-01 1.718750000000000139e-02 2.142857142857142877e-02
0.000000000000000000e+00 6.390624999999999778e-01 6.595238095238095122e-01 1.874999999999999931e-02 4.285714285714285754e-02
0.000000000000000000e+00 6.593750000000000444e-01 6.678571428571428159e-01 1.874999999999999931e-02 3.571428571428571230e-02
0.000000000000000000e+00 6.859374999999999778e-01 5.523809523809524169e-01 1.250000000000000069e-02 2.380952380952380820e-02
0.000000000000000000e+00 3.304687499999999778e-01 6.940476190476190244e-01 1.406250000000000035e-02 2.142857142857142877e-02
