0.000000000000000000e+00 1.680000000000000104e-01 4.853333333333333388e-01 8.799999999999999489e-02 2.399999999999999911e-01
0.000000000000000000e+00 3.150000000000000022e-01 4.466666666666666563e-01 2.220000000000000029e-01 2.000000000000000111e-01
0.000000000000000000e+00 4.309999999999999942e-01 3.880000000000000115e-01 1.140000000000000041e-01 1.839999999999999969e-01
0.000000000000000000e+00 5.270000000000000240e-01 4.333333333333333481e-01 8.599999999999999312e-02 1.573333333333333250e-01
0.000000000000000000e+00 5.959999999999999742e-01 4.480000000000000093e-01 5.199999999999999761e-02 9.066666666666667318e-02
0.000000000000000000e+00 5.739999999999999547e-01 5.306666666666666199e-01 5.600000000000000117e-02 6.933333333333333015e-02
0.000000000000000000e+00 2.670000000000000151e-01 2.906666666666666843e-01 5.000000000000000278e-02 1.120000000000000023e-01
0.000000000000000000e+00 1.519999999999999962e-01 6.746666666666666368e-01 5.600000000000000117e-02 1.386666666666666603e-01
0.000000000000000000e+00 1.690000000000000113e-01 7.813333333333333242e-01 3.400000000000000244e-02 6.400000000000000133e-02
0.000000000000000000e+00 2.030000000000000138e-01 6.800000000000000488e-01 4.599999999999999922e-02 1.120000000000000023e-01
0.000000000000000000e+00 2.449999999999999956e-01 6.546666666666666190e-01 4.599999999999999922e-02 7.733333333333333726e-02
0.000000000000000000e+00 3.109999999999999987e-01 6.106666666666666909e-01 1.019999999999999934e-01 5.866666666666666557e-02
0.000000000000000000e+00 2.989999999999999880e-01 6.879999999999999449e-01 7.399999999999999634e-02 3.200000000000000067e-02
0.000000000000000000e+00 2.610000000000000098e-01 8.133333333333333526e-01 7.399999999999999634e-02 6.933333333333333015e-02
0.000000000000000000e+00 3.370000000000000218e-01 7.893333333333333313e-01 5.800000000000000294e-02 1.120000000000000023e-01
0.000000000000000000e+00 3.960000000000000187e-01 8.199999999999999512e-01 5.999999999999999778e-02 5.600000000000000117e-02
0.000000000000000000e+00 4.630000000000000226e-01 8.506666666666666821e-01 7.000000000000000666e-02 9.600000000000000200e-02
0.000000000000000000e+00 4.560000000000000164e-01 6.533333333333333215e-01 5.999999999999999778e-02 1.386666666666666603e-01
0.000000000000000000e+00 4.889999999999999902e-01 7.093333333333333712e-01 8.599999999999999312e-02 7.466666666666667285e-02
0.000000000000000000e+00 6.840000000000000524e-01 1.866666666666666752e-01 9.600000000000000200e-02 1.600000000000000033e-01
0.000000000000000000e+00 7.900000000000000355e-01 2.839999999999999747e-01 1.079999999999999988e-01 1.786666666666666681e-01
0.000000000000000000e+00 7.269999999999999796e-01 3.719999999999999973e-01 5.800000000000000294e-02 6.133333333333332998e-02
0.000000000000000000e+00 4.119999999999999774e-01 7.560000000000000053e-01 2.400000000000000050e-02 6.666666666666666574e-02
0.000000000000000000e+00 3.739999999999999991e-01 7.600000000000000089e-01 2.400000000000000050e-02 5.866666666666666557e-02
