0.000000000000000000e+00 6.620370370370370905e-02 1.346998535871156699e-01 1.120370370370370322e-01 1.991215226939970773e-01
0.000000000000000000e+00 1.643518518518518601e-01 3.074670571010248987e-01 2.175925925925925875e-01 2.576866764275256294e-01
0.000000000000000000e+00 3.703703703703703498e-02 3.806734992679355889e-01 5.555555555555555247e-02 1.259150805270863871e-01
0.000000000000000000e+00 1.787037037037036979e-01 1.259150805270863871e-01 1.092592592592592643e-01 1.054172767203513938e-01
0.000000000000000000e+00 2.865740740740740922e-01 4.407027818448023271e-01 8.611111111111111049e-02 2.313323572474377809e-01
0.000000000000000000e+00 1.407407407407407496e-01 4.816983894582723136e-01 2.055555555555555469e-01 7.613469985358711778e-02
0.000000000000000000e+00 1.703703703703703665e-01 6.024890190336749107e-01 3.333333333333333148e-01 1.683748169838945874e-01
0.000000000000000000e+00 1.902777777777777679e-01 7.284040995607613533e-01 3.046296296296296391e-01 8.052708638360175919e-02
0.000000000000000000e+00 1.712962962962963076e-01 8.513909224011713128e-01 3.407407407407407329e-01 1.625183016105417322e-01
0.000000000000000000e+00 1.921296296296296224e-01 9.655929721815519340e-01 3.083333333333333481e-01 6.881405563689604876e-02
0.000000000000000000e+00 3.666666666666666408e-01 9.641288433382138034e-01 3.148148148148147835e-02 7.174231332357247637e-02
0.000000000000000000e+00 4.296296296296296391e-01 6.376281112737920420e-01 6.851851851851852027e-02 6.295754026354319355e-02
0.000000000000000000e+00 5.370370370370370905e-01 6.925329428989751568e-01 5.925925925925926152e-02 4.978038067349926932e-02
0.000000000000000000e+00 5.777777777777777235e-01 7.994143484626646812e-01 4.629629629629629373e-02 1.639824304538799460e-01
0.000000000000000000e+00 5.925925925925925597e-01 9.450951683748169962e-01 9.444444444444444198e-02 1.098096632503660353e-01
0.000000000000000000e+00 6.199074074074074625e-01 7.122986822840410293e-01 9.351851851851851471e-02 5.417276720351391073e-02
0.000000000000000000e+00 7.032407407407407218e-01 6.193265007320644111e-01 1.268518518518518545e-01 1.786237188872620840e-01
0.000000000000000000e+00 8.138888888888888840e-01 5.732064421669106347e-01 1.111111111111111049e-01 2.737920937042459535e-01
0.000000000000000000e+00 9.356481481481481177e-01 5.724743777452415694e-01 1.287037037037037090e-01 2.869692532942899055e-01
0.000000000000000000e+00 7.347222222222222765e-01 8.543191800878476849e-01 1.768518518518518434e-01 2.796486090775988087e-01
0.000000000000000000e+00 9.115740740740740922e-01 8.308931185944362641e-01 1.731481481481481344e-01 2.415812591508052776e-01
