0.000000000000000000e+00 2.257812499999999889e-01 2.604166666666666852e-01 1.484375000000000000e-01 1.791666666666666685e-01
0.000000000000000000e+00 2.257812499999999889e-01 1.302083333333333426e-01 1.171875000000000000e-01 9.375000000000000000e-02
0.000000000000000000e+00 3.234374999999999889e-01 2.322916666666666741e-01 5.000000000000000278e-02 1.270833333333333259e-01
0.000000000000000000e+00 2.398437499999999944e-01 4.260416666666666519e-01 1.203125000000000028e-01 1.520833333333333204e-01
0.000000000000000000e+00 1.656249999999999944e-01 4.458333333333333592e-01 3.749999999999999861e-02 1.083333333333333370e-01
0.000000000000000000e+00 3.546874999999999889e-01 4.375000000000000000e-01 1.062499999999999972e-01 1.000000000000000056e-01
0.000000000000000000e+00 3.875000000000000111e-01 3.333333333333333148e-01 1.343749999999999944e-01 1.166666666666666685e-01
0.000000000000000000e+00 4.171874999999999889e-01 2.437499999999999944e-01 5.312499999999999861e-02 7.083333333333333148e-02
0.000000000000000000e+00 4.359374999999999778e-01 4.218750000000000000e-01 5.625000000000000139e-02 6.875000000000000555e-02
0.000000000000000000e+00 3.156249999999999889e-01 5.124999999999999556e-01 3.125000000000000000e-02 4.583333333333333010e-02
