0.000000000000000000e+00 1.485389610389610260e-01 5.407407407407407440e-01 8.928571428571428770e-02 4.814814814814814825e-02
0.000000000000000000e+00 2.362012987012986898e-01 5.537037037037036979e-01 8.928571428571428770e-02 2.407407407407407413e-02
0.000000000000000000e+00 4.220779220779220520e-01 5.759259259259259522e-01 1.525974025974025927e-01 3.703703703703703498e-02
0.000000000000000000e+00 7.134740259740259827e-01 6.037037037037037424e-01 6.331168831168830502e-02 3.333333333333333287e-02
0.000000000000000000e+00 7.800324675324675772e-01 6.134259259259259300e-01 6.980519480519480069e-02 2.500000000000000139e-02
0.000000000000000000e+00 7.297077922077922496e-01 2.981481481481481621e-01 5.681818181818181629e-02 6.851851851851852027e-02
0.000000000000000000e+00 6.379870129870129913e-01 3.134259259259259411e-01 1.298701298701298579e-01 2.500000000000000139e-02
0.000000000000000000e+00 5.592532467532467244e-01 2.814814814814814992e-01 7.954545454545454419e-02 2.962962962962963076e-02
0.000000000000000000e+00 4.967532467532467799e-01 2.740740740740740811e-01 8.116883116883116811e-02 2.592592592592592518e-02
0.000000000000000000e+00 1.826298701298701421e-01 2.189814814814814714e-01 7.629870129870129636e-02 4.166666666666666435e-02
0.000000000000000000e+00 1.136363636363636326e-01 1.361111111111110994e-01 5.194805194805195148e-02 1.185185185185185230e-01
0.000000000000000000e+00 4.959415584415584610e-01 1.629629629629629761e-01 7.629870129870129636e-02 2.037037037037037202e-02
0.000000000000000000e+00 5.876623376623376638e-01 1.583333333333333259e-01 7.142857142857142461e-02 2.592592592592592518e-02
0.000000000000000000e+00 7.183441558441558961e-01 1.435185185185185175e-01 9.253246753246753553e-02 6.111111111111110911e-02
0.000000000000000000e+00 8.011363636363636465e-01 1.527777777777777901e-01 6.006493506493506412e-02 4.074074074074074403e-02
0.000000000000000000e+00 7.857142857142856984e-01 8.611111111111111049e-02 8.116883116883116811e-02 3.333333333333333287e-02
0.000000000000000000e+00 7.995129870129870087e-01 4.444444444444444614e-02 3.409090909090908839e-02 4.259259259259259162e-02
0.000000000000000000e+00 7.191558441558441039e-01 4.722222222222222099e-02 3.896103896103896014e-02 6.666666666666666574e-02
0.000000000000000000e+00 7.094155844155843882e-01 9.120370370370370350e-02 4.870129870129870364e-02 1.388888888888888812e-02
0.000000000000000000e+00 6.501623376623376638e-01 1.620370370370370350e-01 5.681818181818181629e-02 1.666666666666666644e-02
