0.000000000000000000e+00 2.476562499999999944e-01 2.250000000000000056e-01 2.968749999999999861e-02 6.296296296296295669e-02
0.000000000000000000e+00 2.526041666666666852e-01 1.527777777777777901e-01 1.354166666666666713e-02 8.703703703703703776e-02
0.000000000000000000e+00 2.476562499999999944e-01 5.648148148148147973e-02 2.968749999999999861e-02 1.074074074074074098e-01
0.000000000000000000e+00 2.817708333333333592e-01 1.115740740740740755e-01 3.020833333333333356e-02 2.194444444444444420e-01
0.000000000000000000e+00 3.195312499999999889e-01 9.305555555555555802e-02 4.427083333333333565e-02 1.842592592592592615e-01
0.000000000000000000e+00 3.710937500000000000e-01 6.898148148148147696e-02 5.468750000000000000e-02 1.342592592592592726e-01
0.000000000000000000e+00 2.960937499999999889e-01 3.495370370370370350e-01 5.572916666666666990e-02 3.425925925925926013e-02
0.000000000000000000e+00 3.549479166666666408e-01 3.935185185185185452e-01 5.677083333333333287e-02 1.111111111111111049e-01
0.000000000000000000e+00 3.705729166666666408e-01 4.828703703703703942e-01 4.114583333333333287e-02 5.833333333333333426e-02
0.000000000000000000e+00 4.348958333333333148e-01 4.962962962962962910e-01 8.437500000000000555e-02 1.907407407407407385e-01
0.000000000000000000e+00 4.315104166666666741e-01 6.384259259259259522e-01 9.218750000000000555e-02 5.648148148148147973e-02
0.000000000000000000e+00 4.335937500000000000e-01 7.046296296296296058e-01 8.281249999999999722e-02 6.666666666666666574e-02
0.000000000000000000e+00 3.971354166666666852e-01 7.685185185185184897e-01 3.802083333333333010e-02 1.851851851851851749e-02
0.000000000000000000e+00 4.367187499999999889e-01 7.560185185185185341e-01 3.489583333333333426e-02 2.685185185185185244e-02
0.000000000000000000e+00 4.617187500000000111e-01 7.986111111111111605e-01 3.697916666666666713e-02 2.870370370370370350e-02
0.000000000000000000e+00 4.148437500000000111e-01 9.046296296296296724e-01 1.265624999999999944e-01 9.074074074074074681e-02
0.000000000000000000e+00 8.252604166666667185e-01 4.458333333333333592e-01 4.531249999999999861e-02 8.055555555555556080e-02
0.000000000000000000e+00 5.406250000000000222e-01 4.212962962962962798e-01 1.250000000000000069e-02 3.333333333333333287e-02
0.000000000000000000e+00 6.158854166666666297e-01 4.268518518518518712e-01 3.802083333333333010e-02 2.592592592592592518e-02
