0.000000000000000000e+00 5.033854166666666963e-01 3.777777777777777679e-01 2.343750000000000000e-02 5.555555555555555247e-02
0.000000000000000000e+00 5.739583333333333481e-01 3.810185185185185341e-01 4.583333333333333010e-02 6.759259259259259300e-02
0.000000000000000000e+00 5.955729166666666741e-01 4.277777777777777568e-01 5.989583333333333565e-02 6.666666666666666574e-02
0.000000000000000000e+00 6.289062500000000000e-01 3.949074074074074292e-01 3.802083333333333010e-02 4.351851851851851888e-02
0.000000000000000000e+00 6.401041666666666963e-01 4.398148148148148251e-01 2.500000000000000139e-02 4.629629629629629373e-02
0.000000000000000000e+00 6.098958333333333037e-01 1.958333333333333315e-01 4.687500000000000000e-02 5.833333333333333426e-02
0.000000000000000000e+00 5.908854166666667185e-01 2.712962962962963132e-01 3.072916666666666505e-02 2.962962962962963076e-02
0.000000000000000000e+00 5.502604166666666963e-01 2.981481481481481621e-01 2.343750000000000000e-02 4.814814814814814825e-02
0.000000000000000000e+00 5.343750000000000444e-01 3.680555555555555802e-01 2.604166666666666782e-02 5.277777777777777762e-02
0.000000000000000000e+00 5.213541666666666741e-01 4.166666666666666852e-01 2.708333333333333426e-02 3.148148148148147835e-02
