0.000000000000000000e+00 5.611979166666666297e-01 7.041666666666667185e-01 5.364583333333333010e-02 8.981481481481481954e-02
0.000000000000000000e+00 6.273437499999999778e-01 6.833333333333333481e-01 8.385416666666666019e-02 4.259259259259259162e-02
0.000000000000000000e+00 6.078124999999999778e-01 7.203703703703703276e-01 3.854166666666666852e-02 2.037037037037037202e-02
0.000000000000000000e+00 6.192708333333333259e-01 8.509259259259259744e-01 2.395833333333333495e-02 2.407407407407407413e-02
0.000000000000000000e+00 6.419270833333333703e-01 8.648148148148148140e-01 2.656249999999999931e-02 2.777777777777777624e-02
0.000000000000000000e+00 6.632812500000000444e-01 8.791666666666666519e-01 2.864583333333333218e-02 2.129629629629629581e-02
0.000000000000000000e+00 8.177083333333333703e-01 9.129629629629629761e-01 2.395833333333333495e-02 3.148148148148147835e-02
0.000000000000000000e+00 3.838541666666666630e-01 2.296296296296296280e-01 1.489583333333333315e-01 4.407407407407407662e-01
0.000000000000000000e+00 1.424479166666666741e-01 9.351851851851852304e-01 6.718749999999999722e-02 9.814814814814815103e-02
0.000000000000000000e+00 1.822916666666666574e-01 8.916666666666667185e-01 3.437500000000000278e-02 1.018518518518518462e-01
0.000000000000000000e+00 1.453125000000000111e-01 7.833333333333333259e-01 3.958333333333333148e-02 5.185185185185185036e-02
0.000000000000000000e+00 5.432291666666666519e-01 2.143518518518518490e-01 1.156250000000000056e-01 1.972222222222222154e-01
0.000000000000000000e+00 6.359375000000000444e-01 1.657407407407407440e-01 7.395833333333333426e-02 2.037037037037036924e-01
0.000000000000000000e+00 5.520833333333333703e-01 5.925925925925926152e-02 8.749999999999999445e-02 1.074074074074074098e-01
0.000000000000000000e+00 5.229166666666666963e-01 3.722222222222222321e-01 4.895833333333333287e-02 1.296296296296296224e-01
0.000000000000000000e+00 5.859375000000000000e-01 4.504629629629629539e-01 4.583333333333333010e-02 5.462962962962963215e-02
0.000000000000000000e+00 6.364583333333333481e-01 4.787037037037036868e-01 7.187499999999999445e-02 1.148148148148148140e-01
0.000000000000000000e+00 5.328125000000000222e-01 5.384259259259259744e-01 7.187499999999999445e-02 1.435185185185185175e-01
0.000000000000000000e+00 5.820312500000000000e-01 5.444444444444443976e-01 3.072916666666666505e-02 1.111111111111111049e-01
