0.000000000000000000e+00 4.194915254237288060e-01 6.635338345864661980e-01 3.389830508474576259e-02 8.646616541353382979e-02
0.000000000000000000e+00 4.830508474576271083e-01 6.315789473684210176e-01 5.932203389830508627e-02 6.015037593984962072e-02
0.000000000000000000e+00 5.720338983050847759e-01 6.390977443609022757e-01 5.508474576271186335e-02 9.022556390977443108e-02
0.000000000000000000e+00 5.264830508474576121e-01 6.879699248120301203e-01 3.177966101694915113e-02 3.759398496240601295e-02
0.000000000000000000e+00 4.703389830508474811e-01 8.139097744360902498e-01 3.389830508474576259e-02 4.887218045112781684e-02
0.000000000000000000e+00 5.572033898305084332e-01 7.650375939849624052e-01 4.237288135593220151e-02 7.142857142857142461e-02
0.000000000000000000e+00 6.027542372881355970e-01 7.424812030075187419e-01 5.296610169491525189e-02 7.142857142857142461e-02
0.000000000000000000e+00 6.504237288135593653e-01 7.500000000000000000e-01 4.661016949152542443e-02 9.398496240601503238e-02
0.000000000000000000e+00 6.514830508474576121e-01 6.654135338345864570e-01 4.449152542372881297e-02 8.270676691729322849e-02
0.000000000000000000e+00 6.144067796610169774e-01 6.315789473684210176e-01 2.966101694915254314e-02 4.511278195488721554e-02
0.000000000000000000e+00 7.256355932203389925e-01 7.969924812030074746e-01 5.720338983050847481e-02 1.127819548872180389e-01
