0.000000000000000000e+00 4.642857142857143016e-01 7.048192771084337283e-01 4.220779220779220797e-02 1.036144578313253073e-01
0.000000000000000000e+00 3.977272727272727071e-01 7.084337349397590300e-01 1.623376623376623223e-02 2.891566265060241045e-02
0.000000000000000000e+00 3.660714285714285476e-01 7.518072289156626509e-01 3.084415584415584402e-02 1.927710843373494146e-02
0.000000000000000000e+00 2.175324675324675217e-01 7.012048192771084265e-01 2.597402597402597574e-02 2.409638554216867595e-02
0.000000000000000000e+00 5.040584415584415945e-01 6.277108433734939208e-01 3.733766233766233622e-02 5.542168674698794845e-02
0.000000000000000000e+00 5.470779220779220520e-01 6.204819277108434283e-01 4.545454545454545581e-02 1.566265060240963902e-01
0.000000000000000000e+00 6.371753246753246724e-01 5.602409638554216587e-01 1.574675324675324783e-01 1.036144578313253073e-01
0.000000000000000000e+00 6.201298701298700866e-01 4.168674698795180600e-01 4.870129870129870364e-02 1.927710843373494076e-01
0.000000000000000000e+00 6.623376623376623362e-01 4.674698795180722843e-01 3.896103896103896014e-02 1.012048192771084348e-01
0.000000000000000000e+00 6.980519480519480346e-01 1.084337349397590383e-01 6.168831168831168804e-02 1.156626506024096418e-01
0.000000000000000000e+00 7.126623376623376638e-01 2.638554216867469715e-01 7.467532467532467244e-02 2.048192771084337283e-01
0.000000000000000000e+00 7.061688311688312236e-01 4.265060240963855498e-01 3.896103896103896014e-02 1.108433734939758969e-01
0.000000000000000000e+00 7.759740259740259827e-01 4.554216867469879637e-01 1.103896103896103847e-01 1.204819277108433728e-01
