0.000000000000000000e+00 4.609375000000000000e-01 5.046948356807511721e-02 1.562500000000000000e-02 3.521126760563380448e-02
0.000000000000000000e+00 4.835937499999999889e-01 8.568075117370892169e-02 2.968749999999999861e-02 3.521126760563380448e-02
0.000000000000000000e+00 5.351562500000000000e-01 8.450704225352112520e-02 3.281250000000000139e-02 4.225352112676056260e-02
0.000000000000000000e+00 6.070312500000000222e-01 9.154929577464789026e-02 3.281250000000000139e-02 5.164319248826291370e-02
0.000000000000000000e+00 8.554687500000000000e-01 5.868544600938967182e-02 2.343750000000000000e-02 6.572769953051643688e-02
0.000000000000000000e+00 8.515625000000000000e-01 1.091549295774647821e-01 1.562500000000000000e-02 3.521126760563380448e-02
0.000000000000000000e+00 8.523437499999999556e-01 2.042253521126760618e-01 1.718750000000000139e-02 5.164319248826291370e-02
0.000000000000000000e+00 8.593750000000000000e-01 2.605633802816901268e-01 1.874999999999999931e-02 5.633802816901408578e-02
0.000000000000000000e+00 7.710937500000000222e-01 4.225352112676056260e-01 2.031250000000000069e-02 5.633802816901408578e-02
0.000000000000000000e+00 7.789062500000000222e-01 3.755868544600938774e-01 1.406250000000000035e-02 3.286384976525821844e-02
0.000000000000000000e+00 6.101562499999999556e-01 1.877934272300469387e-01 2.656249999999999931e-02 5.164319248826291370e-02
0.000000000000000000e+00 6.835937500000000000e-01 3.039906103286384997e-01 2.343750000000000000e-02 1.643192488262910922e-02
