0.000000000000000000e+00 4.499999999999999833e-02 6.123919308357348434e-01 8.599999999999999312e-02 1.585014409221902065e-01
0.000000000000000000e+00 9.500000000000000111e-02 7.521613832853025761e-01 1.019999999999999934e-01 2.132564841498559016e-01
0.000000000000000000e+00 2.149999999999999967e-01 6.959654178674351543e-01 1.260000000000000009e-01 8.933717579250720353e-02
0.000000000000000000e+00 2.179999999999999993e-01 7.752161383285303131e-01 5.199999999999999761e-02 4.610951008645532839e-02
0.000000000000000000e+00 2.640000000000000124e-01 7.780979827089337109e-01 2.400000000000000050e-02 4.034582132564841495e-02
0.000000000000000000e+00 2.489999999999999991e-01 6.253602305475504108e-01 4.599999999999999922e-02 5.187319884726224878e-02
0.000000000000000000e+00 3.059999999999999942e-01 6.642651296829971130e-01 5.199999999999999761e-02 9.510086455331412392e-02
0.000000000000000000e+00 3.850000000000000089e-01 6.714697406340057739e-01 1.019999999999999934e-01 8.069164265129682989e-02
0.000000000000000000e+00 3.150000000000000022e-01 7.348703170028818565e-01 4.200000000000000261e-02 2.881844380403458111e-02
0.000000000000000000e+00 3.589999999999999858e-01 7.348703170028818565e-01 4.599999999999999922e-02 2.881844380403458111e-02
0.000000000000000000e+00 4.040000000000000258e-01 7.319884726224783478e-01 4.000000000000000083e-02 2.305475504322766420e-02
0.000000000000000000e+00 3.089999999999999969e-01 7.752161383285303131e-01 2.599999999999999881e-02 4.610951008645532839e-02
0.000000000000000000e+00 3.420000000000000262e-01 7.766570605187319565e-01 2.800000000000000058e-02 4.899135446685878859e-02
0.000000000000000000e+00 3.739999999999999991e-01 7.737752161383285587e-01 2.800000000000000058e-02 4.899135446685878859e-02
0.000000000000000000e+00 4.089999999999999747e-01 7.752161383285303131e-01 2.999999999999999889e-02 4.610951008645532839e-02
0.000000000000000000e+00 4.540000000000000147e-01 7.766570605187319565e-01 2.400000000000000050e-02 5.475504322766570897e-02
0.000000000000000000e+00 4.560000000000000164e-01 7.305475504322767044e-01 2.800000000000000058e-02 2.593659942363112439e-02
0.000000000000000000e+00 5.749999999999999556e-01 6.642651296829971130e-01 2.780000000000000249e-01 7.204610951008645625e-02
0.000000000000000000e+00 4.239999999999999880e-01 5.100864553314120586e-01 3.599999999999999728e-02 6.340057636887608261e-02
0.000000000000000000e+00 4.889999999999999902e-01 5.821325648414985565e-01 7.399999999999999634e-02 1.037463976945244976e-01
0.000000000000000000e+00 5.929999999999999716e-01 5.086455331412104153e-01 7.399999999999999634e-02 2.391930835734870364e-01
0.000000000000000000e+00 5.390000000000000346e-01 6.037463976945245392e-01 5.000000000000000278e-02 4.899135446685878859e-02
0.000000000000000000e+00 6.650000000000000355e-01 5.922190201729106152e-01 6.600000000000000311e-02 6.628242074927953587e-02
0.000000000000000000e+00 7.229999999999999760e-01 5.648414985590778370e-01 6.600000000000000311e-02 1.729106628242075006e-01
0.000000000000000000e+00 5.040000000000000036e-01 7.291066282420749500e-01 4.399999999999999745e-02 2.881844380403458111e-02
0.000000000000000000e+00 5.520000000000000462e-01 7.291066282420749500e-01 4.399999999999999745e-02 2.881844380403458111e-02
0.000000000000000000e+00 5.070000000000000062e-01 7.694524495677232956e-01 6.600000000000000311e-02 5.187319884726224878e-02
0.000000000000000000e+00 5.580000000000000515e-01 7.708933717579250500e-01 3.200000000000000067e-02 4.899135446685878859e-02
0.000000000000000000e+00 5.250000000000000222e-01 8.227665706051873196e-01 8.999999999999999667e-02 3.170028818443804131e-02
0.000000000000000000e+00 6.340000000000000080e-01 7.723342939481268044e-01 2.400000000000000050e-02 4.610951008645532839e-02
0.000000000000000000e+00 6.510000000000000231e-01 7.276657060518731956e-01 1.340000000000000080e-01 2.593659942363112439e-02
0.000000000000000000e+00 6.670000000000000373e-01 7.694524495677232956e-01 2.999999999999999889e-02 4.610951008645532839e-02
0.000000000000000000e+00 6.999999999999999556e-01 7.723342939481268044e-01 2.800000000000000058e-02 4.610951008645532839e-02
0.000000000000000000e+00 6.540000000000000258e-01 8.213256484149855652e-01 6.400000000000000133e-02 2.881844380403458111e-02
0.000000000000000000e+00 7.500000000000000000e-01 7.262247838616714413e-01 4.399999999999999745e-02 2.881844380403458111e-02
0.000000000000000000e+00 7.960000000000000409e-01 7.276657060518731956e-01 4.399999999999999745e-02 3.170028818443804131e-02
0.000000000000000000e+00 8.429999999999999716e-01 7.262247838616714413e-01 4.200000000000000261e-02 2.881844380403458111e-02
0.000000000000000000e+00 7.800000000000000266e-01 7.680115273775216522e-01 2.800000000000000058e-02 4.899135446685878859e-02
0.000000000000000000e+00 8.129999999999999449e-01 7.665706051873198978e-01 2.999999999999999889e-02 4.610951008645532839e-02
0.000000000000000000e+00 8.469999999999999751e-01 7.680115273775216522e-01 2.999999999999999889e-02 4.899135446685878859e-02
0.000000000000000000e+00 9.389999999999999458e-01 7.204610951008645348e-01 1.219999999999999973e-01 2.881844380403458111e-02
0.000000000000000000e+00 8.940000000000000169e-01 7.680115273775216522e-01 3.200000000000000067e-02 4.899135446685878859e-02
0.000000000000000000e+00 9.290000000000000480e-01 7.665706051873198978e-01 2.999999999999999889e-02 5.187319884726224878e-02
0.000000000000000000e+00 9.609999999999999654e-01 7.680115273775216522e-01 2.999999999999999889e-02 4.899135446685878859e-02
0.000000000000000000e+00 9.899999999999999911e-01 7.665706051873198978e-01 2.000000000000000042e-02 5.187319884726224878e-02
0.000000000000000000e+00 7.840000000000000302e-01 6.729106628242075283e-01 3.599999999999999728e-02 5.475504322766570897e-02
0.000000000000000000e+00 1.759999999999999898e-01 7.780979827089337109e-01 2.400000000000000050e-02 4.034582132564841495e-02
0.000000000000000000e+00 2.369999999999999885e-01 8.256484149855908283e-01 7.799999999999999989e-02 3.170028818443804131e-02
0.000000000000000000e+00 4.480000000000000093e-01 8.760806916426513435e-01 4.000000000000000083e-02 4.610951008645532839e-02
0.000000000000000000e+00 8.289999999999999591e-01 9.092219020172910282e-01 4.200000000000000261e-02 3.170028818443804131e-02
