0.000000000000000000e+00 2.200520833333333426e-01 4.819444444444444531e-01 2.239583333333333356e-02 9.907407407407407829e-02
0.000000000000000000e+00 2.395833333333333426e-01 4.995370370370370572e-01 2.187499999999999861e-02 6.018518518518518184e-02
0.000000000000000000e+00 3.148437499999999778e-01 4.527777777777777790e-01 3.697916666666666713e-02 8.518518518518518323e-02
0.000000000000000000e+00 3.075520833333333370e-01 5.120370370370370683e-01 2.760416666666666574e-02 3.333333333333333287e-02
0.000000000000000000e+00 1.578124999999999944e-01 5.847222222222222543e-01 2.500000000000000139e-02 6.203703703703703637e-02
0.000000000000000000e+00 1.822916666666666574e-01 5.310185185185185563e-01 2.083333333333333218e-02 3.055555555555555455e-02
0.000000000000000000e+00 1.869791666666666685e-01 5.648148148148147696e-01 2.395833333333333495e-02 2.222222222222222307e-02
0.000000000000000000e+00 1.653645833333333426e-01 7.027777777777777235e-01 1.510416666666666678e-02 4.444444444444444614e-02
0.000000000000000000e+00 2.937500000000000111e-01 3.560185185185185119e-01 1.770833333333333287e-02 3.055555555555555455e-02
0.000000000000000000e+00 3.992187500000000111e-01 6.004629629629629761e-01 2.968749999999999861e-02 1.064814814814814825e-01
