0.000000000000000000e+00 4.619105199516324034e-01 4.790145985401459972e-01 7.255139056831923228e-02 7.116788321167882847e-02
0.000000000000000000e+00 5.217654171704957378e-01 5.392335766423357324e-01 4.957678355501813489e-02 7.481751824817518826e-02
0.000000000000000000e+00 6.203143893591294145e-01 6.359489051094890932e-01 4.353083434099153798e-02 9.306569343065693167e-02
0.000000000000000000e+00 7.007255139056831617e-01 6.760948905109489537e-01 3.264812575574365522e-02 4.562043795620437936e-02
0.000000000000000000e+00 4.794437726723095317e-01 3.786496350364963459e-01 3.022974607013301229e-02 7.116788321167882847e-02
0.000000000000000000e+00 4.679564691656590281e-01 5.538321167883211160e-01 4.353083434099153798e-02 7.481751824817518826e-02
0.000000000000000000e+00 4.691656590084643530e-01 6.085766423357664712e-01 3.869407496977025213e-02 3.832116788321168060e-02
0.000000000000000000e+00 5.145102781136638992e-01 6.031021897810219246e-01 4.474002418379685597e-02 4.197080291970802651e-02
0.000000000000000000e+00 4.697702539298669877e-01 6.560218978102190235e-01 5.925030229746069965e-02 5.656934306569343096e-02
0.000000000000000000e+00 5.308343409915357025e-01 6.587591240875911858e-01 2.418379685610640845e-02 5.474452554744525801e-02
0.000000000000000000e+00 5.888754534461910772e-01 6.523722627737226221e-01 2.660217654171704790e-02 7.481751824817518826e-02
0.000000000000000000e+00 6.674727932285369203e-01 6.742700729927006975e-01 3.143893591293833029e-02 4.197080291970802651e-02
0.000000000000000000e+00 4.214026602176541569e-01 6.624087591240875872e-01 3.264812575574365522e-02 5.474452554744525801e-02
