0.000000000000000000e+00 4.953124999999999889e-01 3.745370370370370572e-01 3.749999999999999861e-02 1.120370370370370322e-01
0.000000000000000000e+00 4.713541666666666852e-01 6.083333333333332815e-01 6.562500000000000278e-02 1.481481481481481399e-01
0.000000000000000000e+00 5.291666666666666741e-01 6.416666666666667185e-01 5.000000000000000278e-02 1.574074074074074125e-01
0.000000000000000000e+00 3.815104166666666852e-01 6.824074074074074625e-01 4.531249999999999861e-02 1.166666666666666685e-01
0.000000000000000000e+00 4.869791666666666852e-01 7.041666666666667185e-01 3.645833333333333565e-02 4.166666666666666435e-02
0.000000000000000000e+00 7.015624999999999778e-01 5.259259259259259078e-01 6.979166666666666852e-02 8.703703703703703776e-02
0.000000000000000000e+00 7.104166666666666963e-01 5.953703703703703276e-01 4.270833333333333426e-02 4.259259259259259162e-02
0.000000000000000000e+00 7.015624999999999778e-01 6.486111111111111382e-01 8.645833333333333148e-02 7.129629629629630205e-02
0.000000000000000000e+00 7.361979166666666741e-01 7.175925925925925597e-01 5.364583333333333010e-02 1.259259259259259134e-01
0.000000000000000000e+00 8.151041666666666297e-01 7.425925925925925819e-01 8.645833333333333148e-02 6.481481481481481122e-02
