0.000000000000000000e+00 2.044728434504792247e-01 2.250000000000000056e-01 1.150159744408945639e-01 4.227272727272727293e-01
0.000000000000000000e+00 3.450479233226836917e-01 2.386363636363636465e-01 1.022364217252396124e-01 3.863636363636363535e-01
0.000000000000000000e+00 4.217252396166134010e-01 4.568181818181818454e-01 7.028753993610223350e-02 3.954545454545454475e-01
0.000000000000000000e+00 4.728434504792332072e-01 2.386363636363636465e-01 8.945686900958466081e-02 3.045454545454545636e-01
0.000000000000000000e+00 5.335463258785942964e-01 3.840909090909090939e-01 1.533546325878594185e-01 4.500000000000000111e-01
0.000000000000000000e+00 6.102236421725240056e-01 9.545454545454545858e-02 1.916932907348242732e-01 1.727272727272727293e-01
0.000000000000000000e+00 6.533546325878594185e-01 3.954545454545454475e-01 9.904153354632587447e-02 1.454545454545454475e-01
0.000000000000000000e+00 4.760383386581469867e-01 7.681818181818181879e-01 6.389776357827475772e-02 1.545454545454545414e-01
0.000000000000000000e+00 6.150159744408946194e-01 7.636363636363636687e-01 1.948881789137380249e-01 1.818181818181818232e-01
0.000000000000000000e+00 7.619808306709264789e-01 8.045454545454545636e-01 9.904153354632587447e-02 1.000000000000000056e-01
0.000000000000000000e+00 1.341853035143769912e-01 8.522727272727272929e-01 7.028753993610223350e-02 5.909090909090908977e-02
