0.000000000000000000e+00 3.068181818181818163e-02 6.826568265682656511e-01 5.227272727272726932e-02 4.797047970479705048e-02
0.000000000000000000e+00 4.727272727272727182e-01 6.512915129151291005e-01 2.136363636363636243e-01 3.321033210332103441e-02
0.000000000000000000e+00 5.534090909090909616e-01 8.136531365313652842e-01 4.772727272727272929e-02 4.428044280442804126e-02
0.000000000000000000e+00 7.568181818181818343e-01 5.064575645756457245e-01 6.363636363636362980e-02 3.505535055350553209e-02
0.000000000000000000e+00 7.931818181818182101e-01 5.378228782287822751e-01 5.000000000000000278e-02 4.612546125461254587e-02
0.000000000000000000e+00 7.704545454545455030e-01 3.311808118081180918e-01 1.227272727272727265e-01 7.195571955719556878e-02
0.000000000000000000e+00 7.761363636363636243e-01 2.352398523985239909e-01 1.477272727272727348e-01 6.826568265682657344e-02
0.000000000000000000e+00 9.568181818181817899e-01 4.059040590405904037e-01 6.818181818181817677e-02 4.059040590405903898e-02
0.000000000000000000e+00 6.886363636363636020e-01 4.188191881918819082e-01 5.000000000000000278e-02 3.321033210332103441e-02
0.000000000000000000e+00 5.193181818181817899e-01 7.020295202952029356e-01 4.772727272727272929e-02 2.767527675276752752e-02
0.000000000000000000e+00 8.954545454545455030e-01 7.776752767527674859e-01 3.181818181818181490e-02 3.874538745387454131e-02
0.000000000000000000e+00 7.681818181818181879e-01 7.859778597785977983e-01 3.181818181818181490e-02 2.952029520295202866e-02
0.000000000000000000e+00 3.443181818181818010e-01 7.038745387453874125e-01 2.954545454545454489e-02 3.505535055350553209e-02
