0.000000000000000000e+00 2.385416666666666796e-01 1.015625000000000000e-01 1.499999999999999944e-01 8.645833333333333148e-02
0.000000000000000000e+00 2.192708333333333315e-01 2.041666666666666630e-01 1.052083333333333343e-01 1.125000000000000028e-01
0.000000000000000000e+00 2.999999999999999889e-01 1.822916666666666574e-01 6.041666666666666713e-02 9.791666666666666574e-02
0.000000000000000000e+00 4.114583333333333148e-01 1.864583333333333370e-01 6.458333333333333981e-02 7.083333333333333148e-02
0.000000000000000000e+00 3.109374999999999778e-01 3.062500000000000222e-01 1.927083333333333426e-01 1.791666666666666685e-01
0.000000000000000000e+00 4.380208333333333592e-01 4.328124999999999889e-01 2.760416666666666852e-01 2.156250000000000111e-01
0.000000000000000000e+00 2.760416666666666852e-01 4.375000000000000000e-01 6.250000000000000000e-02 5.000000000000000278e-02
0.000000000000000000e+00 4.531250000000000000e-01 2.953124999999999778e-01 8.958333333333333426e-02 5.312499999999999861e-02
0.000000000000000000e+00 5.031250000000000444e-01 5.781250000000000000e-01 1.229166666666666602e-01 8.125000000000000278e-02
0.000000000000000000e+00 4.755208333333333370e-01 6.802083333333333037e-01 6.354166666666666297e-02 1.104166666666666630e-01
0.000000000000000000e+00 4.723958333333333481e-01 7.593750000000000222e-01 4.062500000000000139e-02 4.374999999999999722e-02
