0.000000000000000000e+00 4.706911636045494340e-01 5.000000000000000000e-01 6.124234470691163751e-02 1.198871650211565526e-01
0.000000000000000000e+00 6.097987751531058764e-01 4.915373765867419031e-01 4.549431321084864560e-02 1.452750352609308848e-01
0.000000000000000000e+00 3.455818022747156881e-01 6.156558533145275458e-01 3.499562554680665100e-02 3.808180535966149832e-02
0.000000000000000000e+00 3.897637795275590289e-01 6.205923836389281023e-01 3.237095363079615234e-02 4.795486600846262520e-02
0.000000000000000000e+00 4.256342957130358484e-01 6.086036671368124651e-01 2.712160979877515157e-02 5.500705218617771286e-02
0.000000000000000000e+00 3.972003499562554718e-01 7.066290550070521981e-01 2.099737532808398921e-02 1.692524682651622148e-02
0.000000000000000000e+00 4.076990376202974664e-01 7.489421720733426824e-01 1.749781277340332550e-02 3.667136812411847524e-02
0.000000000000000000e+00 4.291338582677165503e-01 7.468265162200281582e-01 2.187226596675415427e-02 6.911142454160790205e-02
0.000000000000000000e+00 4.405074365704286787e-01 7.115655853314527546e-01 2.187226596675415427e-02 2.397743300423131260e-02
0.000000000000000000e+00 4.339457567804024252e-01 7.983074753173483584e-01 4.199475065616797842e-02 3.667136812411847524e-02
0.000000000000000000e+00 4.798775153105862001e-01 8.095909732016924876e-01 4.111986001749780989e-02 1.974612129760225723e-02
0.000000000000000000e+00 4.947506561679789749e-01 7.771509167842031163e-01 2.012248468941382415e-02 3.949224259520451447e-02
0.000000000000000000e+00 4.247594050743657146e-01 4.675599435825105732e-01 2.362204724409448786e-02 6.629055007052185589e-02
