0.000000000000000000e+00 2.187500000000000000e-01 4.561111111111111338e-01 3.083333333333333412e-02 2.333333333333333440e-02
0.000000000000000000e+00 2.049999999999999878e-01 5.094444444444444775e-01 1.666666666666666644e-02 5.222222222222222543e-02
0.000000000000000000e+00 2.025000000000000133e-01 5.672222222222221832e-01 1.666666666666666644e-02 5.444444444444444114e-02
0.000000000000000000e+00 2.312500000000000111e-01 5.877777777777777324e-01 1.750000000000000167e-02 2.666666666666666838e-02
0.000000000000000000e+00 2.670833333333333393e-01 6.066666666666666874e-01 4.916666666666666408e-02 2.666666666666666838e-02
0.000000000000000000e+00 2.691666666666666652e-01 5.566666666666666430e-01 2.833333333333333190e-02 5.333333333333333676e-02
0.000000000000000000e+00 8.633333333333332860e-01 4.305555555555555802e-01 2.000000000000000042e-02 3.444444444444444420e-02
0.000000000000000000e+00 8.941666666666666652e-01 4.172222222222222165e-01 3.500000000000000333e-02 3.444444444444444420e-02
0.000000000000000000e+00 8.725000000000000533e-01 5.183333333333333126e-01 2.500000000000000139e-02 2.777777777777777624e-02
0.000000000000000000e+00 8.987500000000000488e-01 5.327777777777777946e-01 3.083333333333333412e-02 2.777777777777777624e-02
0.000000000000000000e+00 9.250000000000000444e-01 5.533333333333333437e-01 1.333333333333333419e-02 2.000000000000000042e-02
0.000000000000000000e+00 9.399999999999999467e-01 5.772222222222221921e-01 1.666666666666666644e-02 4.333333333333333481e-02
0.000000000000000000e+00 9.799999999999999822e-01 6.061111111111111560e-01 2.500000000000000139e-02 2.999999999999999889e-02
