0.000000000000000000e+00 3.646934460887949481e-01 8.811188811188810921e-02 2.135306553911205107e-01 1.062937062937062971e-01
0.000000000000000000e+00 3.847780126849894566e-01 1.818181818181818232e-01 1.014799154334038028e-01 8.671328671328670801e-02
0.000000000000000000e+00 4.101479915433403622e-01 3.811188811188810921e-01 8.879492600422833615e-02 6.013986013986014068e-02
0.000000000000000000e+00 2.727272727272727071e-01 4.468531468531468653e-01 3.424947145877378363e-01 3.216783216783216520e-02
0.000000000000000000e+00 6.754756871035940691e-01 4.510489510489510412e-01 2.642706131078224052e-01 2.657342657342657427e-02
0.000000000000000000e+00 1.575052854122621637e-01 5.489510489510489588e-01 4.439746300211416807e-02 5.174825174825174734e-02
0.000000000000000000e+00 2.758985200845666119e-01 5.552447552447552503e-01 4.439746300211416807e-02 5.594405594405594401e-02
0.000000000000000000e+00 3.890063424947146076e-01 5.566433566433566238e-01 5.073995771670190141e-02 5.314685314685314854e-02
0.000000000000000000e+00 1.606765327695560130e-01 6.503496503496503101e-01 4.228329809725158567e-02 5.594405594405594401e-02
0.000000000000000000e+00 1.543340380549682866e-01 9.503496503496503545e-01 5.073995771670190141e-02 5.454545454545454281e-02
0.000000000000000000e+00 2.737843551797040087e-01 6.538461538461538547e-01 3.594080338266384539e-02 5.734265734265734521e-02
0.000000000000000000e+00 3.890063424947146076e-01 6.545454545454545414e-01 4.651162790697674354e-02 6.153846153846154188e-02
0.000000000000000000e+00 5.147991543340380005e-01 6.433566433566433318e-01 4.862579281183932595e-02 5.314685314685314854e-02
0.000000000000000000e+00 5.158562367864693021e-01 7.503496503496503989e-01 5.073995771670190141e-02 6.293706293706294308e-02
0.000000000000000000e+00 6.279069767441860517e-01 5.496503496503496455e-01 4.651162790697674354e-02 5.874125874125873947e-02
0.000000000000000000e+00 6.279069767441860517e-01 6.419580419580419584e-01 4.651162790697674354e-02 5.594405594405594401e-02
0.000000000000000000e+00 7.367864693446088964e-01 5.510489510489510190e-01 5.285412262156448382e-02 5.594405594405594401e-02
0.000000000000000000e+00 7.336152219873149916e-01 6.489510489510489366e-01 5.496828752642705929e-02 5.874125874125873947e-02
0.000000000000000000e+00 7.558139534883721034e-01 4.237762237762237594e-01 9.090909090909091161e-02 3.076923076923077094e-02
0.000000000000000000e+00 2.293868921775898406e-01 4.755244755244755206e-01 2.389006342494714719e-01 3.076923076923077094e-02
