0.000000000000000000e+00 3.980000000000000204e-01 4.624624624624624758e-01 8.799999999999999489e-02 1.261261261261261146e-01
0.000000000000000000e+00 4.600000000000000200e-01 4.639639639639639435e-01 3.599999999999999728e-02 1.291291291291291332e-01
0.000000000000000000e+00 3.960000000000000187e-01 5.495495495495495986e-01 7.199999999999999456e-02 3.603603603603603572e-02
0.000000000000000000e+00 3.559999999999999831e-01 6.336336336336336750e-01 1.120000000000000023e-01 4.804804804804804763e-02
0.000000000000000000e+00 2.620000000000000107e-01 6.201201201201200774e-01 9.199999999999999845e-02 4.504504504504504292e-02
0.000000000000000000e+00 2.839999999999999747e-01 5.600600600600600387e-01 3.599999999999999728e-02 8.708708708708708113e-02
0.000000000000000000e+00 1.920000000000000040e-01 5.030030030030030463e-01 3.599999999999999728e-02 3.303303303303303101e-02
0.000000000000000000e+00 2.530000000000000027e-01 4.669669669669669898e-01 2.199999999999999872e-02 6.906906906906906674e-02
0.000000000000000000e+00 2.680000000000000160e-01 4.114114114114114096e-01 3.200000000000000067e-02 4.804804804804804763e-02
0.000000000000000000e+00 1.930000000000000049e-01 4.294294294294294101e-01 5.000000000000000278e-02 4.204204204204204515e-02
0.000000000000000000e+00 4.020000000000000240e-01 3.408408408408408197e-01 1.199999999999999956e-01 9.309309309309309055e-02
0.000000000000000000e+00 4.089999999999999747e-01 2.252252252252252285e-01 5.800000000000000294e-02 1.321321321321321240e-01
0.000000000000000000e+00 4.010000000000000231e-01 1.321321321321321240e-01 6.199999999999999956e-02 4.204204204204204515e-02
0.000000000000000000e+00 4.109999999999999765e-01 8.858858858858859042e-02 5.000000000000000278e-02 3.903903903903904044e-02
0.000000000000000000e+00 4.279999999999999916e-01 4.504504504504504292e-02 3.200000000000000067e-02 4.204204204204204515e-02
0.000000000000000000e+00 5.100000000000000089e-01 3.393393393393393520e-01 4.399999999999999745e-02 7.207207207207207145e-02
0.000000000000000000e+00 3.649999999999999911e-01 8.738738738738738299e-01 1.380000000000000115e-01 4.204204204204204515e-02
0.000000000000000000e+00 2.139999999999999958e-01 9.309309309309309333e-01 9.600000000000000200e-02 3.003003003003002977e-02
0.000000000000000000e+00 3.549999999999999822e-01 9.324324324324324564e-01 1.700000000000000122e-01 3.303303303303303101e-02
0.000000000000000000e+00 5.220000000000000195e-01 9.309309309309309333e-01 1.640000000000000069e-01 3.603603603603603572e-02
0.000000000000000000e+00 5.200000000000000178e-01 8.228228228228228192e-01 1.600000000000000033e-01 6.006006006006005954e-02
0.000000000000000000e+00 5.220000000000000195e-01 8.678678678678678482e-01 1.680000000000000104e-01 3.003003003003002977e-02
0.000000000000000000e+00 6.680000000000000382e-01 8.303303303303303240e-01 8.400000000000000522e-02 5.105105105105105234e-02
0.000000000000000000e+00 6.830000000000000515e-01 8.813813813813813347e-01 7.799999999999999989e-02 3.303303303303303101e-02
0.000000000000000000e+00 6.350000000000000089e-01 9.384384384384384381e-01 5.000000000000000278e-02 3.903903903903904044e-02
0.000000000000000000e+00 5.909999999999999698e-01 7.567567567567567988e-01 2.099999999999999922e-01 5.405405405405405705e-02
0.000000000000000000e+00 6.229999999999999982e-01 7.012012012012012185e-01 1.620000000000000051e-01 5.705705705705705483e-02
0.000000000000000000e+00 6.570000000000000284e-01 6.111111111111111605e-01 1.340000000000000080e-01 1.171171171171171144e-01
0.000000000000000000e+00 6.460000000000000187e-01 2.657657657657657713e-01 1.719999999999999862e-01 1.531531531531531432e-01
0.000000000000000000e+00 7.640000000000000124e-01 2.477477477477477430e-01 5.999999999999999778e-02 7.507507507507507616e-02
0.000000000000000000e+00 7.900000000000000355e-01 1.711711711711711714e-01 5.199999999999999761e-02 4.804804804804804763e-02
0.000000000000000000e+00 6.969999999999999529e-01 3.663663663663663805e-01 1.819999999999999951e-01 1.141141141141141097e-01
0.000000000000000000e+00 9.559999999999999609e-01 6.546546546546546663e-01 4.399999999999999745e-02 7.207207207207207145e-02
0.000000000000000000e+00 7.379999999999999893e-01 1.636636636636636666e-01 5.600000000000000117e-02 3.903903903903904044e-02
0.000000000000000000e+00 8.349999999999999645e-01 2.447447447447447522e-01 3.799999999999999906e-02 7.507507507507507616e-02
0.000000000000000000e+00 7.209999999999999742e-01 4.729729729729729715e-01 1.539999999999999980e-01 9.909909909909909997e-02
0.000000000000000000e+00 6.710000000000000409e-01 5.150150150150150097e-01 1.100000000000000006e-01 8.108108108108108558e-02
