0.000000000000000000e+00 4.063157894736841858e-01 1.853932584269663009e-01 5.684210526315789519e-02 1.994382022471909988e-01
0.000000000000000000e+00 4.536842105263158009e-01 1.446629213483145993e-01 3.789473684210526577e-02 7.022471910112360050e-02
0.000000000000000000e+00 5.131578947368421462e-01 1.081460674157303375e-01 8.315789473684211119e-02 8.146067415730337546e-02
0.000000000000000000e+00 5.657894736842105088e-01 1.004213483146067371e-01 3.052631578947368265e-02 1.193820224719101125e-01
0.000000000000000000e+00 6.121052631578947079e-01 1.460674157303370746e-01 6.842105263157895190e-02 8.146067415730337546e-02
0.000000000000000000e+00 6.842105263157894912e-01 1.727528089887640506e-01 7.578947368421053155e-02 9.831460674157303792e-02
0.000000000000000000e+00 7.457894736842105576e-01 1.643258426966292263e-01 4.105263157894736836e-02 8.707865168539326295e-02
0.000000000000000000e+00 7.868421052631578982e-01 1.558988764044943742e-01 4.105263157894736836e-02 5.056179775280898736e-02
0.000000000000000000e+00 6.084210526315789735e-01 2.542134831460673983e-01 5.052631578947368307e-02 5.337078651685393110e-02
0.000000000000000000e+00 4.226315789473684137e-01 3.195224719101123489e-01 2.000000000000000042e-02 6.601123595505617447e-02
