0.000000000000000000e+00 5.520000000000000462e-01 5.436746987951807109e-01 2.800000000000000058e-02 6.927710843373494076e-02
0.000000000000000000e+00 5.879999999999999671e-01 6.490963855421686413e-01 8.400000000000000522e-02 1.234939759036144530e-01
0.000000000000000000e+00 9.749999999999999778e-01 7.394578313253011848e-01 3.799999999999999906e-02 6.325301204819276657e-02
0.000000000000000000e+00 4.610000000000000209e-01 7.228915662650602370e-01 4.200000000000000261e-02 3.614457831325301046e-02
0.000000000000000000e+00 3.350000000000000200e-01 6.521084337349397630e-01 2.599999999999999881e-02 2.710843373493975958e-02
0.000000000000000000e+00 3.609999999999999876e-01 6.731927710843373935e-01 2.199999999999999872e-02 2.710843373493975958e-02
0.000000000000000000e+00 3.950000000000000178e-01 7.078313253012048500e-01 3.400000000000000244e-02 3.614457831325301046e-02
0.000000000000000000e+00 4.889999999999999902e-01 6.792168674698795261e-01 2.599999999999999881e-02 4.518072289156626481e-02
0.000000000000000000e+00 5.340000000000000302e-01 7.003012048192771566e-01 3.200000000000000067e-02 3.313253012048193030e-02
0.000000000000000000e+00 5.030000000000000027e-01 2.289156626506023973e-01 3.400000000000000244e-02 6.024096385542168641e-02
0.000000000000000000e+00 8.389999999999999680e-01 6.822289156626506479e-01 2.199999999999999872e-02 5.722891566265059932e-02
0.000000000000000000e+00 9.160000000000000364e-01 7.063253012048192891e-01 2.400000000000000050e-02 3.313253012048193030e-02
