0.000000000000000000e+00 1.822916666666666574e-01 3.791666666666666519e-01 3.020833333333333356e-02 5.092592592592592310e-02
0.000000000000000000e+00 2.138020833333333370e-01 3.884259259259259522e-01 2.968749999999999861e-02 6.759259259259259300e-02
0.000000000000000000e+00 2.156250000000000111e-01 2.675925925925926041e-01 2.916666666666666713e-02 3.703703703703703498e-02
0.000000000000000000e+00 1.416666666666666630e-01 3.768518518518518268e-01 1.354166666666666713e-02 5.555555555555555247e-02
0.000000000000000000e+00 3.627604166666666408e-01 4.032407407407407329e-01 2.552083333333333287e-02 6.574074074074073848e-02
0.000000000000000000e+00 3.927083333333333259e-01 3.763888888888888840e-01 2.291666666666666505e-02 7.129629629629630205e-02
0.000000000000000000e+00 4.328124999999999889e-01 3.736111111111111160e-01 2.812500000000000069e-02 6.388888888888888395e-02
0.000000000000000000e+00 4.630208333333333259e-01 4.004629629629629650e-01 2.812500000000000069e-02 6.574074074074073848e-02
0.000000000000000000e+00 4.018229166666666408e-01 3.120370370370370572e-01 2.239583333333333356e-02 4.629629629629629373e-02
0.000000000000000000e+00 4.351562500000000222e-01 3.212962962962963021e-01 3.593749999999999722e-02 2.777777777777777624e-02
0.000000000000000000e+00 6.304687500000000222e-01 3.624999999999999889e-01 6.197916666666666852e-02 6.018518518518518184e-02
0.000000000000000000e+00 7.205729166666666741e-01 3.935185185185185452e-01 2.864583333333333218e-02 5.185185185185185036e-02
0.000000000000000000e+00 6.138020833333333037e-01 2.291666666666666574e-01 3.906250000000000000e-02 1.046296296296296280e-01
0.000000000000000000e+00 3.656249999999999778e-01 8.495370370370370905e-01 2.708333333333333426e-02 1.046296296296296280e-01
0.000000000000000000e+00 3.979166666666666408e-01 8.449074074074074403e-01 2.604166666666666782e-02 1.027777777777777735e-01
0.000000000000000000e+00 4.338541666666666519e-01 8.398148148148147918e-01 3.020833333333333356e-02 9.259259259259258745e-02
0.000000000000000000e+00 4.648437500000000000e-01 8.365740740740740256e-01 2.552083333333333287e-02 8.055555555555556080e-02
0.000000000000000000e+00 6.203125000000000444e-01 8.166666666666666519e-01 2.812500000000000069e-02 5.740740740740740700e-02
0.000000000000000000e+00 6.554687500000000444e-01 8.069444444444444642e-01 2.760416666666666574e-02 3.240740740740740561e-02
0.000000000000000000e+00 6.880208333333333037e-01 8.074074074074074625e-01 2.187499999999999861e-02 4.444444444444444614e-02
