0.000000000000000000e+00 1.024999999999999939e-01 5.216666666666666119e-01 1.049999999999999961e-01 6.333333333333333870e-02
0.000000000000000000e+00 8.874999999999999556e-02 6.899999999999999467e-01 1.575000000000000011e-01 7.333333333333333370e-02
0.000000000000000000e+00 3.812499999999999778e-01 4.366666666666666474e-01 1.675000000000000100e-01 1.466666666666666674e-01
0.000000000000000000e+00 3.150000000000000022e-01 5.966666666666666785e-01 3.500000000000000333e-02 1.666666666666666574e-01
0.000000000000000000e+00 3.599999999999999867e-01 5.500000000000000444e-01 5.500000000000000028e-02 8.666666666666666963e-02
0.000000000000000000e+00 3.712500000000000244e-01 6.316666666666667096e-01 1.250000000000000069e-02 9.666666666666666463e-02
0.000000000000000000e+00 4.837500000000000133e-01 5.966666666666666785e-01 6.750000000000000444e-02 1.266666666666666774e-01
0.000000000000000000e+00 4.262500000000000178e-01 5.566666666666666430e-01 3.749999999999999861e-02 3.333333333333333287e-02
0.000000000000000000e+00 7.175000000000000266e-01 5.666666666666666519e-01 7.499999999999999722e-02 1.400000000000000133e-01
0.000000000000000000e+00 7.550000000000000044e-01 6.899999999999999467e-01 4.499999999999999833e-02 7.333333333333333370e-02
