0.000000000000000000e+00 2.661132812500000000e-01 6.209677419354838745e-01 6.347656250000000000e-02 2.360703812316715666e-01
0.000000000000000000e+00 3.310546875000000000e-01 6.158357771260997149e-01 6.054687500000000000e-02 1.554252199413489743e-01
0.000000000000000000e+00 3.608398437500000000e-01 4.912023460410557263e-01 6.738281250000000000e-02 9.970674486803518533e-02
0.000000000000000000e+00 4.038085937500000000e-01 4.362170087976539601e-01 9.472656250000000000e-02 7.771260997067448717e-02
0.000000000000000000e+00 4.477539062500000000e-01 3.343108504398826786e-01 4.589843750000000000e-02 1.495601173020527919e-01
0.000000000000000000e+00 4.584960937500000000e-01 2.118768328445747862e-01 4.785156250000000000e-02 1.070381231671554273e-01
0.000000000000000000e+00 8.374023437500000000e-01 2.903225806451613100e-01 3.808593750000000000e-02 7.917888563049853279e-02
0.000000000000000000e+00 8.627929687500000000e-01 2.221407624633431055e-01 3.222656250000000000e-02 5.718475073313782769e-02
0.000000000000000000e+00 8.100585937500000000e-01 2.903225806451613100e-01 2.441406250000000000e-02 4.398826979472141019e-02
0.000000000000000000e+00 2.983398437500000000e-01 7.375366568914956122e-01 4.785156250000000000e-02 7.917888563049853279e-02
0.000000000000000000e+00 3.857421875000000000e-01 5.696480938416422779e-01 4.687500000000000000e-02 6.891495601173019958e-02
0.000000000000000000e+00 4.179687500000000000e-01 5.029325513196480912e-01 4.101562500000000000e-02 5.278592375366569084e-02
0.000000000000000000e+00 2.221679687500000000e-01 7.089442815249267227e-01 3.222656250000000000e-02 5.718475073313782769e-02
