0.000000000000000000e+00 1.479999999999999927e-01 6.009036144578313587e-01 4.399999999999999745e-02 2.710843373493975958e-02
0.000000000000000000e+00 1.839999999999999969e-01 5.557228915662650870e-01 2.400000000000000050e-02 5.120481927710843206e-02
0.000000000000000000e+00 1.920000000000000040e-01 5.075301204819276935e-01 2.000000000000000042e-02 4.518072289156626481e-02
0.000000000000000000e+00 2.139999999999999958e-01 5.210843373493976305e-01 1.600000000000000033e-02 3.614457831325301046e-02
0.000000000000000000e+00 2.600000000000000089e-01 5.948795180722891152e-01 2.800000000000000058e-02 3.915662650602409756e-02
0.000000000000000000e+00 2.280000000000000082e-01 4.804216867469879304e-01 2.400000000000000050e-02 2.108433734939758886e-02
0.000000000000000000e+00 2.879999999999999782e-01 5.753012048192771566e-01 2.000000000000000042e-02 7.228915662650602092e-02
0.000000000000000000e+00 8.960000000000000187e-01 5.813253012048192891e-01 7.199999999999999456e-02 4.819277108433735191e-02
0.000000000000000000e+00 9.649999999999999689e-01 6.475903614457830804e-01 7.000000000000000666e-02 6.626506024096386060e-02
0.000000000000000000e+00 9.859999999999999876e-01 5.843373493975904109e-01 2.800000000000000058e-02 6.626506024096386060e-02
