0.000000000000000000e+00 7.799999999999999989e-02 7.762762762762762669e-01 1.400000000000000133e-01 2.192192192192192191e-01
0.000000000000000000e+00 9.600000000000000200e-02 5.960960960960961508e-01 8.000000000000000167e-02 1.411411411411411521e-01
0.000000000000000000e+00 2.300000000000000100e-01 7.462462462462462476e-01 1.559999999999999998e-01 3.153153153153153143e-01
0.000000000000000000e+00 3.760000000000000009e-01 8.363363363363363057e-01 1.239999999999999991e-01 1.351351351351351426e-01
0.000000000000000000e+00 6.949999999999999512e-01 8.378378378378378288e-01 3.140000000000000013e-01 1.201201201201201191e-01
0.000000000000000000e+00 7.720000000000000195e-01 7.267267267267267794e-01 1.600000000000000033e-01 1.081081081081081141e-01
0.000000000000000000e+00 8.529999999999999805e-01 5.405405405405405705e-01 7.799999999999999989e-02 2.102102102102102188e-01
0.000000000000000000e+00 7.389999999999999902e-01 8.408408408408409029e-02 1.059999999999999970e-01 1.621621621621621712e-01
0.000000000000000000e+00 8.910000000000000142e-01 1.636636636636636666e-01 2.139999999999999958e-01 3.153153153153153143e-01
0.000000000000000000e+00 4.749999999999999778e-01 3.648648648648648574e-01 3.059999999999999942e-01 3.513513513513513709e-01
0.000000000000000000e+00 5.839999999999999636e-01 1.006006006006005954e-01 2.039999999999999869e-01 1.771771771771771808e-01
0.000000000000000000e+00 7.059999999999999609e-01 2.972972972972973138e-01 1.320000000000000062e-01 2.162162162162162282e-01
0.000000000000000000e+00 7.510000000000000009e-01 5.405405405405405705e-01 1.219999999999999973e-01 2.642642642642642481e-01
0.000000000000000000e+00 4.480000000000000093e-01 5.990990990990990861e-01 8.000000000000000167e-02 9.909909909909909997e-02
0.000000000000000000e+00 4.759999999999999787e-01 7.177177177177177514e-01 5.999999999999999778e-02 1.561561561561561617e-01
0.000000000000000000e+00 5.629999999999999449e-01 5.900900900900900581e-01 7.399999999999999634e-02 9.909909909909909997e-02
0.000000000000000000e+00 6.560000000000000275e-01 5.960960960960961508e-01 8.000000000000000167e-02 1.111111111111111049e-01
