0.000000000000000000e+00 5.400000000000000355e-01 6.987577639751552105e-02 1.400000000000000133e-01 1.335403726708074557e-01
0.000000000000000000e+00 6.029999999999999805e-01 1.909937888198757761e-01 3.400000000000000244e-02 1.335403726708074557e-01
0.000000000000000000e+00 4.450000000000000067e-01 3.602484472049689579e-01 3.400000000000000244e-02 8.695652173913043237e-02
0.000000000000000000e+00 4.809999999999999831e-01 3.214285714285714524e-01 3.799999999999999906e-02 5.900621118012422395e-02
0.000000000000000000e+00 4.349999999999999978e-01 4.378881987577639689e-01 2.599999999999999881e-02 6.211180124223602411e-02
0.000000000000000000e+00 4.520000000000000129e-01 5.124223602484472284e-01 3.200000000000000067e-02 1.055900621118012472e-01
0.000000000000000000e+00 4.889999999999999902e-01 4.472049689440993903e-01 3.799999999999999906e-02 1.118012422360248476e-01
0.000000000000000000e+00 5.340000000000000302e-01 4.487577639751552661e-01 5.199999999999999761e-02 1.024844720496894401e-01
0.000000000000000000e+00 3.609999999999999876e-01 4.984472049689441242e-01 5.399999999999999939e-02 7.142857142857142461e-02
0.000000000000000000e+00 3.449999999999999734e-01 5.745341614906832595e-01 4.200000000000000261e-02 5.590062111801242378e-02
0.000000000000000000e+00 3.519999999999999796e-01 6.149068322981366963e-01 2.400000000000000050e-02 4.968944099378881651e-02
0.000000000000000000e+00 3.220000000000000084e-01 7.065217391304348116e-01 5.199999999999999761e-02 5.900621118012422395e-02
