0.000000000000000000e+00 1.018329938900203735e-01 6.267605633802817433e-01 5.295315682281059172e-02 7.605633802816900990e-02
0.000000000000000000e+00 1.323828920570264689e-01 5.633802816901408717e-01 2.851323828920570430e-02 6.197183098591549366e-02
0.000000000000000000e+00 3.991853360488798463e-01 3.802816901408450634e-01 4.480651731160895795e-02 1.352112676056337892e-01
0.000000000000000000e+00 3.788187372708757827e-01 5.084507042253521014e-01 3.258655804480651424e-02 1.154929577464788720e-01
0.000000000000000000e+00 4.501018329938900053e-01 4.915492957746478986e-01 3.258655804480651424e-02 1.436619718309859184e-01
0.000000000000000000e+00 5.397148676171079629e-01 4.957746478873239493e-01 1.303462321792260570e-01 1.295774647887323883e-01
0.000000000000000000e+00 5.936863543788187814e-01 4.591549295774647876e-01 7.942973523421588411e-02 1.577464788732394485e-01
0.000000000000000000e+00 7.403258655804481059e-01 5.183098591549295531e-01 8.757637474541751788e-02 1.690140845070422504e-01
0.000000000000000000e+00 6.252545824847250966e-01 3.197183098591549477e-01 4.887983706720977484e-02 1.042253521126760563e-01
0.000000000000000000e+00 9.867617107942973087e-01 5.464788732394366688e-01 2.647657841140529586e-02 9.577464788732394096e-02
