0.000000000000000000e+00 2.138888888888888784e-01 3.722067039106145003e-01 3.888888888888888951e-02 1.215083798882681532e-01
0.000000000000000000e+00 1.688888888888888939e-01 4.790502793296089190e-01 3.777777777777777818e-02 1.396648044692737345e-01
0.000000000000000000e+00 1.305555555555555636e-01 5.726256983240223253e-01 4.777777777777778012e-02 1.173184357541899453e-01
0.000000000000000000e+00 1.900000000000000022e-01 7.332402234636871408e-02 1.088888888888888823e-01 1.410614525139664843e-01
0.000000000000000000e+00 2.988888888888888706e-01 1.250000000000000000e-01 5.777777777777777513e-02 8.519553072625697665e-02
0.000000000000000000e+00 2.938888888888888662e-01 5.272346368715083997e-01 7.444444444444443809e-02 1.829608938547485908e-01
0.000000000000000000e+00 3.477777777777777968e-01 4.441340782122905062e-01 7.333333333333333370e-02 1.340782122905027907e-01
0.000000000000000000e+00 3.805555555555555358e-01 3.407821229050279066e-01 4.333333333333333481e-02 1.089385474860335157e-01
0.000000000000000000e+00 4.305555555555555802e-01 2.541899441340781940e-01 6.555555555555556135e-02 7.262569832402235304e-02
0.000000000000000000e+00 5.872222222222222010e-01 5.370111731843575376e-01 5.444444444444444114e-02 1.243016759776536251e-01
0.000000000000000000e+00 2.794444444444444398e-01 6.487430167597765251e-01 2.555555555555555705e-02 7.960893854748603282e-02
0.000000000000000000e+00 9.277777777777777846e-02 8.819832402234636382e-01 1.188888888888888912e-01 2.932960893854748632e-02
0.000000000000000000e+00 1.494444444444444353e-01 8.337988826815642129e-01 1.888888888888888909e-02 3.072625698324022228e-02
