0.000000000000000000e+00 3.490909090909091184e-01 6.041666666666666297e-01 6.181818181818182073e-02 5.833333333333333426e-02
0.000000000000000000e+00 4.636363636363636243e-01 6.194444444444444642e-01 5.454545454545454281e-02 5.000000000000000278e-02
0.000000000000000000e+00 5.136363636363636687e-01 5.861111111111111382e-01 4.909090909090908783e-02 1.000000000000000056e-01
0.000000000000000000e+00 7.654545454545454986e-01 6.680555555555555136e-01 1.818181818181818094e-02 5.277777777777777762e-02
0.000000000000000000e+00 7.854545454545454053e-01 6.361111111111110716e-01 1.818181818181818094e-02 5.000000000000000278e-02
0.000000000000000000e+00 8.881818181818181834e-01 6.361111111111110716e-01 3.818181818181818482e-02 7.222222222222221544e-02
0.000000000000000000e+00 9.209090909090908994e-01 6.041666666666666297e-01 2.000000000000000042e-02 4.722222222222222099e-02
0.000000000000000000e+00 8.800000000000000044e-01 7.361111111111111605e-01 3.636363636363636187e-02 3.333333333333333287e-02
0.000000000000000000e+00 8.018181818181817633e-01 7.138888888888889062e-01 4.000000000000000083e-02 2.222222222222222307e-02
0.000000000000000000e+00 8.236363636363636109e-01 6.944444444444444198e-01 4.000000000000000083e-02 3.888888888888888951e-02
