0.000000000000000000e+00 4.354460093896713735e-01 6.129999999999999893e-01 4.460093896713614864e-02 1.219999999999999973e-01
0.000000000000000000e+00 4.730046948356807501e-01 5.500000000000000444e-01 3.990610328638497656e-02 1.000000000000000056e-01
0.000000000000000000e+00 5.463615023474178711e-01 6.209999999999999964e-01 3.403755868544600799e-02 1.260000000000000009e-01
0.000000000000000000e+00 5.129107981220657475e-01 6.320000000000000062e-01 2.816901408450704289e-02 1.280000000000000027e-01
0.000000000000000000e+00 5.850938967136150026e-01 4.510000000000000120e-01 4.812206572769953117e-02 4.200000000000000261e-02
0.000000000000000000e+00 6.032863849765258690e-01 5.250000000000000222e-01 2.582159624413145685e-02 6.199999999999999956e-02
0.000000000000000000e+00 6.426056338028168780e-01 4.709999999999999742e-01 2.934272300469483591e-02 4.200000000000000261e-02
0.000000000000000000e+00 6.760563380281690016e-01 5.300000000000000266e-01 5.868544600938967182e-02 6.400000000000000133e-02
0.000000000000000000e+00 7.106807511737088801e-01 5.030000000000000027e-01 3.638497652582159403e-02 6.600000000000000311e-02
0.000000000000000000e+00 6.919014084507042472e-01 4.390000000000000013e-01 3.169014084507042195e-02 4.599999999999999922e-02
