0.000000000000000000e+00 1.596931659693165972e-01 6.936842105263157920e-01 4.044630404463040591e-02 9.052631578947369084e-02
0.000000000000000000e+00 4.253835425383542534e-02 9.242105263157894823e-01 3.486750348675034944e-02 1.515789473684210631e-01
0.000000000000000000e+00 1.464435146443514649e-02 9.757894736842105399e-01 2.649930264993026474e-02 4.842105263157894801e-02
0.000000000000000000e+00 9.344490934449092845e-02 9.652631578947368229e-01 3.905160390516038832e-02 6.947368421052631249e-02
0.000000000000000000e+00 1.555090655509065445e-01 9.336842105263157832e-01 4.044630404463040591e-02 1.284210526315789358e-01
0.000000000000000000e+00 2.182705718270571693e-01 9.168421052631579027e-01 7.391910739191073776e-02 1.663157894736842224e-01
0.000000000000000000e+00 2.733612273361227252e-01 9.663157894736842390e-01 3.347280334728033185e-02 6.736842105263157743e-02
0.000000000000000000e+00 3.835425383542538369e-01 8.810526315789474205e-01 4.463040446304044478e-02 1.494736842105263142e-01
0.000000000000000000e+00 4.379358437935843562e-01 8.978947368421053010e-01 2.789400278940027886e-02 6.526315789473684237e-02
0.000000000000000000e+00 5.076708507670850690e-01 8.831578947368421417e-01 7.810320781032077664e-02 1.284210526315789358e-01
0.000000000000000000e+00 5.767085076708508007e-01 9.778947368421052611e-01 6.276150627615062483e-02 4.421052631578947095e-02
0.000000000000000000e+00 3.835425383542538369e-01 9.821052631578947034e-01 3.626220362622036009e-02 3.578947368421052377e-02
0.000000000000000000e+00 6.492329149232914931e-01 9.000000000000000222e-01 6.555090655509066000e-02 2.000000000000000111e-01
0.000000000000000000e+00 8.138075313807531241e-01 8.399999999999999689e-01 3.207810320781032121e-02 1.305263157894736847e-01
0.000000000000000000e+00 8.465829846582985097e-01 8.284210526315789469e-01 2.789400278940027886e-02 1.073684210526315852e-01
0.000000000000000000e+00 9.476987447698744793e-01 8.652631578947368451e-01 5.439330543933054707e-02 1.600000000000000033e-01
0.000000000000000000e+00 9.895397489539748959e-01 7.884210526315789114e-01 2.092050209205020828e-02 1.705263157894736925e-01
