0.000000000000000000e+00 4.346354166666666630e-01 4.472222222222222432e-01 1.614583333333333495e-02 7.037037037037037479e-02
0.000000000000000000e+00 4.203124999999999778e-01 4.726851851851852082e-01 1.458333333333333356e-02 5.277777777777777762e-02
0.000000000000000000e+00 4.085937499999999778e-01 4.800925925925925708e-01 1.406250000000000035e-02 4.537037037037037340e-02
0.000000000000000000e+00 3.919270833333333148e-01 4.925925925925925819e-01 1.718750000000000139e-02 3.148148148148147835e-02
0.000000000000000000e+00 4.333333333333333481e-01 3.939814814814814881e-01 1.354166666666666713e-02 2.870370370370370350e-02
0.000000000000000000e+00 4.447916666666666408e-01 4.050925925925926152e-01 1.458333333333333356e-02 2.129629629629629581e-02
0.000000000000000000e+00 4.500000000000000111e-01 4.486111111111111271e-01 1.145833333333333252e-02 5.833333333333333426e-02
0.000000000000000000e+00 4.705729166666666741e-01 4.430555555555555358e-01 1.302083333333333391e-02 5.092592592592592310e-02
0.000000000000000000e+00 4.880208333333333481e-01 4.407407407407407662e-01 1.354166666666666713e-02 2.592592592592592518e-02
0.000000000000000000e+00 5.080729166666666519e-01 4.361111111111111160e-01 1.927083333333333426e-02 3.148148148148147835e-02
0.000000000000000000e+00 5.468750000000000000e-01 4.578703703703703720e-01 2.187499999999999861e-02 3.796296296296296224e-02
