0.000000000000000000e+00 3.648437500000000222e-01 5.162037037037037202e-01 1.822916666666666782e-02 5.092592592592592310e-02
0.000000000000000000e+00 4.424479166666666630e-01 5.416666666666666297e-01 7.812500000000000000e-03 2.962962962962963076e-02
0.000000000000000000e+00 8.908854166666666519e-01 3.652777777777777568e-01 1.406250000000000035e-02 3.796296296296296224e-02
0.000000000000000000e+00 8.187499999999999778e-01 3.958333333333333148e-01 1.354166666666666713e-02 1.759259259259259370e-02
0.000000000000000000e+00 8.190104166666666297e-01 4.356481481481481732e-01 8.854166666666666435e-03 2.870370370370370350e-02
0.000000000000000000e+00 4.817708333333333565e-02 7.666666666666667185e-01 1.822916666666666782e-02 4.074074074074074403e-02
0.000000000000000000e+00 1.182291666666666630e-01 7.587962962962963021e-01 1.770833333333333287e-02 4.537037037037037340e-02
0.000000000000000000e+00 1.304687499999999944e-01 8.060185185185184675e-01 3.593749999999999722e-02 4.351851851851851888e-02
0.000000000000000000e+00 1.546875000000000056e-01 8.189814814814815325e-01 1.666666666666666644e-02 3.981481481481481677e-02
0.000000000000000000e+00 1.718750000000000000e-01 8.393518518518519045e-01 3.645833333333333565e-02 4.907407407407407551e-02
0.000000000000000000e+00 2.028645833333333204e-01 7.833333333333333259e-01 2.135416666666666713e-02 2.592592592592592518e-02
0.000000000000000000e+00 2.276041666666666630e-01 8.333333333333333703e-01 2.187499999999999861e-02 3.888888888888888951e-02
0.000000000000000000e+00 2.492187499999999889e-01 8.249999999999999556e-01 1.927083333333333426e-02 3.148148148148147835e-02
0.000000000000000000e+00 1.966145833333333426e-01 8.120370370370370017e-01 2.656249999999999931e-02 2.037037037037037202e-02
