0.000000000000000000e+00 1.930000000000000049e-01 5.090090090090090280e-01 2.199999999999999872e-02 6.906906906906906674e-02
0.000000000000000000e+00 1.859999999999999987e-01 5.540540540540540571e-01 2.800000000000000058e-02 4.504504504504504292e-02
0.000000000000000000e+00 1.580000000000000016e-01 5.885885885885885349e-01 3.200000000000000067e-02 4.804804804804804763e-02
0.000000000000000000e+00 2.550000000000000044e-01 5.915915915915915813e-01 2.999999999999999889e-02 4.804804804804804763e-02
0.000000000000000000e+00 2.220000000000000029e-01 5.165165165165165329e-01 3.599999999999999728e-02 3.603603603603603572e-02
0.000000000000000000e+00 2.300000000000000100e-01 4.834834834834834671e-01 2.400000000000000050e-02 2.402402402402402382e-02
0.000000000000000000e+00 2.859999999999999765e-01 5.795795795795796179e-01 2.400000000000000050e-02 7.807807807807808087e-02
0.000000000000000000e+00 8.960000000000000187e-01 5.765765765765765716e-01 8.400000000000000522e-02 5.405405405405405705e-02
0.000000000000000000e+00 9.639999999999999680e-01 6.501501501501500968e-01 7.199999999999999456e-02 6.906906906906906674e-02
0.000000000000000000e+00 9.829999999999999849e-01 5.855855855855855996e-01 3.400000000000000244e-02 7.207207207207207145e-02
0.000000000000000000e+00 3.350000000000000200e-01 5.690690690690690667e-01 1.799999999999999864e-02 6.306306306306305731e-02
