0.000000000000000000e+00 2.705735660847880530e-01 5.120000000000000107e-01 1.122194513715710773e-01 7.199999999999999456e-02
0.000000000000000000e+00 4.164588528678304091e-01 4.739999999999999769e-01 7.980049875311720498e-02 5.600000000000000117e-02
0.000000000000000000e+00 3.890274314214463569e-01 5.220000000000000195e-01 1.197007481296758075e-01 2.800000000000000058e-02
0.000000000000000000e+00 3.715710723192020004e-01 4.159999999999999809e-01 3.990024937655860249e-02 2.400000000000000050e-02
0.000000000000000000e+00 5.910224438902743627e-01 4.650000000000000244e-01 2.992518703241895187e-02 3.400000000000000244e-02
0.000000000000000000e+00 6.321695760598503577e-01 4.620000000000000218e-01 3.740648379052369243e-02 2.400000000000000050e-02
0.000000000000000000e+00 6.059850374064837952e-01 4.879999999999999893e-01 8.977556109725685907e-02 1.600000000000000033e-02
0.000000000000000000e+00 6.733167082294264638e-01 4.709999999999999742e-01 4.987531172069825658e-02 2.999999999999999889e-02
0.000000000000000000e+00 7.281795511221945683e-01 4.440000000000000058e-01 7.481296758104738487e-02 5.999999999999999778e-02
0.000000000000000000e+00 7.867830423940149753e-01 4.490000000000000102e-01 2.743142144638403834e-02 5.399999999999999939e-02
0.000000000000000000e+00 8.129675810473815378e-01 5.270000000000000240e-01 4.488778054862842953e-02 5.399999999999999939e-02
0.000000000000000000e+00 6.845386533665835938e-01 5.150000000000000133e-01 6.733167082294264083e-02 2.199999999999999872e-02
0.000000000000000000e+00 6.832917705735660485e-01 5.400000000000000355e-01 5.486284289276807669e-02 2.000000000000000042e-02
0.000000000000000000e+00 3.902743142144638466e-01 5.580000000000000515e-01 8.728179551122194901e-02 2.400000000000000050e-02
0.000000000000000000e+00 4.513715710723191776e-01 5.699999999999999512e-01 4.987531172069825658e-02 3.599999999999999728e-02
0.000000000000000000e+00 5.224438902743142599e-01 5.620000000000000551e-01 6.733167082294264083e-02 2.800000000000000058e-02
0.000000000000000000e+00 5.872817955112219490e-01 5.540000000000000480e-01 3.241895261845386539e-02 2.400000000000000050e-02
0.000000000000000000e+00 3.428927680798005140e-01 6.280000000000000027e-01 7.231920199501247482e-02 4.000000000000000083e-02
0.000000000000000000e+00 3.503740648379052303e-01 6.630000000000000338e-01 7.730673316708229492e-02 1.400000000000000029e-02
0.000000000000000000e+00 3.553615960099750781e-01 6.860000000000000542e-01 8.229426433915211503e-02 2.000000000000000042e-02
0.000000000000000000e+00 4.788029925187032299e-01 7.209999999999999742e-01 3.990024937655860249e-02 3.400000000000000244e-02
0.000000000000000000e+00 5.386533665835411266e-01 7.179999999999999716e-01 3.990024937655860249e-02 2.000000000000000042e-02
0.000000000000000000e+00 5.810473815461346669e-01 7.109999999999999654e-01 3.491271820448877544e-02 2.599999999999999881e-02
0.000000000000000000e+00 6.159600997506234910e-01 7.069999999999999618e-01 3.990024937655860249e-02 2.599999999999999881e-02
0.000000000000000000e+00 7.044887780548628742e-01 6.270000000000000018e-01 3.241895261845386539e-02 1.799999999999999864e-02
0.000000000000000000e+00 7.256857855361595888e-01 5.819999999999999618e-01 4.987531172069825658e-02 2.400000000000000050e-02
0.000000000000000000e+00 2.281795511221945127e-01 6.500000000000000222e-01 6.234413965087282072e-02 4.000000000000000083e-02
0.000000000000000000e+00 7.817955112219451275e-01 5.909999999999999698e-01 3.241895261845386539e-02 1.400000000000000029e-02
0.000000000000000000e+00 1.932668329177057442e-01 4.570000000000000173e-01 5.735660847880299368e-02 2.599999999999999881e-02
0.000000000000000000e+00 3.902743142144638466e-01 5.789999999999999591e-01 7.231920199501247482e-02 2.199999999999999872e-02
0.000000000000000000e+00 4.389027431421446135e-01 6.169999999999999929e-01 1.147132169576059874e-01 4.200000000000000261e-02
0.000000000000000000e+00 5.311720698254364104e-01 5.999999999999999778e-01 5.486284289276807669e-02 4.000000000000000083e-02
0.000000000000000000e+00 6.022443890274313816e-01 5.929999999999999716e-01 7.730673316708229492e-02 4.599999999999999922e-02
0.000000000000000000e+00 6.271820448877805099e-01 6.520000000000000240e-01 6.234413965087282072e-02 4.000000000000000083e-02
0.000000000000000000e+00 4.451371571072318956e-01 6.490000000000000213e-01 1.022443890274314232e-01 1.799999999999999864e-02
0.000000000000000000e+00 4.775561097256857956e-01 6.660000000000000364e-01 7.231920199501247482e-02 2.400000000000000050e-02
0.000000000000000000e+00 5.511221945137156908e-01 6.520000000000000240e-01 4.987531172069825658e-02 1.600000000000000033e-02
0.000000000000000000e+00 5.311720698254364104e-01 6.330000000000000071e-01 3.990024937655860249e-02 1.799999999999999864e-02
0.000000000000000000e+00 5.286783042394015419e-01 6.979999999999999538e-01 6.483790523690773078e-02 2.000000000000000042e-02
0.000000000000000000e+00 4.301745635910224630e-01 7.309999999999999831e-01 3.241895261845386539e-02 3.400000000000000244e-02
0.000000000000000000e+00 4.301745635910224630e-01 7.650000000000000133e-01 2.244389027431421477e-02 2.199999999999999872e-02
0.000000000000000000e+00 4.650872817955112315e-01 7.610000000000000098e-01 2.743142144638403834e-02 2.599999999999999881e-02
0.000000000000000000e+00 6.458852867830423561e-01 6.919999999999999485e-01 4.488778054862842953e-02 3.599999999999999728e-02
0.000000000000000000e+00 7.880299251870324095e-01 4.929999999999999938e-01 2.992518703241895187e-02 1.799999999999999864e-02
