0.000000000000000000e+00 4.012499999999999956e-01 8.399999999999999689e-01 1.291666666666666796e-01 1.300000000000000044e-01
0.000000000000000000e+00 3.745833333333333237e-01 9.775000000000000355e-01 1.091666666666666619e-01 4.499999999999999833e-02
0.000000000000000000e+00 3.970833333333333437e-01 6.368749999999999689e-01 4.583333333333333010e-02 1.687500000000000111e-01
0.000000000000000000e+00 5.316666666666666208e-01 6.287500000000000311e-01 5.333333333333333676e-02 1.424999999999999878e-01
0.000000000000000000e+00 5.712500000000000355e-01 5.712500000000000355e-01 6.750000000000000444e-02 1.824999999999999956e-01
0.000000000000000000e+00 7.266666666666666829e-01 2.206249999999999878e-01 4.166666666666666435e-02 1.337500000000000078e-01
0.000000000000000000e+00 7.504166666666666208e-01 5.612500000000000266e-01 6.416666666666666352e-02 1.199999999999999956e-01
0.000000000000000000e+00 8.412500000000000533e-01 6.481249999999999512e-01 5.416666666666666852e-02 7.374999999999999611e-02
0.000000000000000000e+00 8.137499999999999734e-01 5.893749999999999822e-01 2.583333333333333315e-02 3.874999999999999972e-02
0.000000000000000000e+00 3.095833333333333215e-01 3.456250000000000155e-01 4.916666666666666408e-02 5.874999999999999667e-02
0.000000000000000000e+00 3.687500000000000222e-01 4.493750000000000244e-01 2.916666666666666713e-02 6.625000000000000333e-02
0.000000000000000000e+00 5.875000000000000222e-01 5.431249999999999689e-01 0.000000000000000000e+00 1.250000000000000026e-03
