0.000000000000000000e+00 3.601562500000000111e-01 4.370370370370370572e-01 7.343750000000000278e-02 1.555555555555555580e-01
0.000000000000000000e+00 4.231770833333333148e-01 3.296296296296296058e-01 8.593750000000000000e-02 8.703703703703703776e-02
0.000000000000000000e+00 4.351562500000000222e-01 4.425925925925925930e-01 7.343750000000000278e-02 1.333333333333333315e-01
0.000000000000000000e+00 4.208333333333333370e-01 2.513888888888888840e-01 4.583333333333333010e-02 7.499999999999999722e-02
0.000000000000000000e+00 3.937499999999999889e-01 5.527777777777778123e-01 6.458333333333333981e-02 7.777777777777777901e-02
0.000000000000000000e+00 4.874999999999999889e-01 4.527777777777777790e-01 3.333333333333333287e-02 7.777777777777777901e-02
0.000000000000000000e+00 5.273437500000000000e-01 3.884259259259259522e-01 5.572916666666666990e-02 2.083333333333333426e-01
0.000000000000000000e+00 5.536458333333332815e-01 5.074074074074074181e-01 4.166666666666666435e-02 1.407407407407407496e-01
0.000000000000000000e+00 6.205729166666666963e-01 5.300925925925925597e-01 7.760416666666666852e-02 3.981481481481481677e-02
0.000000000000000000e+00 6.182291666666667185e-01 4.277777777777777568e-01 4.479166666666666713e-02 1.296296296296296224e-01
0.000000000000000000e+00 6.713541666666666963e-01 4.351851851851851749e-01 4.895833333333333287e-02 1.111111111111111049e-01
0.000000000000000000e+00 7.328124999999999778e-01 4.337962962962962910e-01 3.645833333333333565e-02 9.722222222222222376e-02
0.000000000000000000e+00 7.458333333333333481e-01 3.351851851851851971e-01 4.583333333333333010e-02 1.037037037037037007e-01
0.000000000000000000e+00 7.687500000000000444e-01 4.921296296296296391e-01 3.125000000000000000e-02 5.277777777777777762e-02
0.000000000000000000e+00 8.208333333333333037e-01 4.870370370370370461e-01 7.291666666666667129e-02 1.648148148148148029e-01
0.000000000000000000e+00 8.882812500000000222e-01 4.555555555555555469e-01 6.614583333333333426e-02 1.129629629629629595e-01
0.000000000000000000e+00 9.385416666666667185e-01 4.620370370370370239e-01 3.229166666666666990e-02 6.666666666666666574e-02
0.000000000000000000e+00 8.903645833333333481e-01 5.300925925925925597e-01 2.968749999999999861e-02 2.870370370370370350e-02
0.000000000000000000e+00 6.744791666666666297e-01 5.300925925925925597e-01 1.562500000000000000e-02 3.425925925925926013e-02
0.000000000000000000e+00 8.632812500000000000e-01 5.754629629629629539e-01 1.302083333333333391e-02 2.500000000000000139e-02
0.000000000000000000e+00 8.890624999999999778e-01 5.754629629629629539e-01 1.458333333333333356e-02 3.796296296296296224e-02
0.000000000000000000e+00 4.854166666666666630e-01 5.374999999999999778e-01 8.437500000000000555e-02 2.870370370370370350e-02
