0.000000000000000000e+00 3.031045751633986707e-01 1.743164062500000000e-01 7.026143790849673221e-02 1.513671875000000000e-01
0.000000000000000000e+00 2.393790849673202714e-01 2.441406250000000000e-01 5.065359477124183052e-02 5.078125000000000000e-02
0.000000000000000000e+00 3.047385620915032955e-01 2.832031250000000000e-01 8.333333333333332871e-02 4.687500000000000000e-02
0.000000000000000000e+00 2.393790849673202714e-01 2.949218750000000000e-01 5.065359477124183052e-02 4.101562500000000000e-02
0.000000000000000000e+00 8.341503267973856550e-01 5.092773437500000000e-01 1.192810457516339934e-01 7.519531250000000000e-02
0.000000000000000000e+00 9.452614379084967045e-01 5.107421875000000000e-01 1.062091503267973830e-01 4.492187500000000000e-02
0.000000000000000000e+00 9.517973856209149819e-01 5.590820312500000000e-01 9.640522875816993909e-02 4.785156250000000000e-02
0.000000000000000000e+00 8.504901960784313486e-01 5.747070312500000000e-01 9.967320261437909168e-02 5.371093750000000000e-02
0.000000000000000000e+00 4.485294117647058987e-01 5.200195312500000000e-01 1.062091503267973830e-01 3.222656250000000000e-02
0.000000000000000000e+00 4.076797385620914982e-01 6.044921875000000000e-01 7.352941176470588480e-02 2.539062500000000000e-02
0.000000000000000000e+00 5.841503267973856550e-01 5.424804687500000000e-01 5.392156862745098311e-02 2.441406250000000000e-02
0.000000000000000000e+00 6.143790849673202992e-01 5.747070312500000000e-01 5.882352941176470507e-02 2.246093750000000000e-02
0.000000000000000000e+00 6.879084967320261423e-01 5.605468750000000000e-01 7.843137254901960675e-02 1.953125000000000000e-02
0.000000000000000000e+00 6.870915032679738577e-01 6.025390625000000000e-01 4.411764705882353227e-02 3.710937500000000000e-02
