0.000000000000000000e+00 1.882812500000000111e-01 6.629629629629629761e-01 2.656249999999999931e-02 1.666666666666666644e-02
0.000000000000000000e+00 2.216145833333333370e-01 6.532407407407407884e-01 3.385416666666666435e-02 2.500000000000000139e-02
0.000000000000000000e+00 2.374999999999999889e-01 6.449074074074073737e-01 1.874999999999999931e-02 3.425925925925926013e-02
0.000000000000000000e+00 2.565104166666666852e-01 6.310185185185185341e-01 2.343750000000000000e-02 5.648148148148147973e-02
0.000000000000000000e+00 2.971354166666666519e-01 6.171296296296295836e-01 5.572916666666666990e-02 7.685185185185185175e-02
0.000000000000000000e+00 3.523437500000000111e-01 6.208333333333333481e-01 5.468750000000000000e-02 6.203703703703703637e-02
0.000000000000000000e+00 4.101562500000000000e-01 6.050925925925926263e-01 5.572916666666666990e-02 8.240740740740740145e-02
0.000000000000000000e+00 4.705729166666666741e-01 6.106481481481481621e-01 5.468750000000000000e-02 7.129629629629630205e-02
0.000000000000000000e+00 5.255208333333333259e-01 6.134259259259259300e-01 5.104166666666666574e-02 7.129629629629630205e-02
0.000000000000000000e+00 5.614583333333332815e-01 6.259259259259258856e-01 2.187499999999999861e-02 3.518518518518518740e-02
0.000000000000000000e+00 5.833333333333333703e-01 6.069444444444443976e-01 3.333333333333333287e-02 9.537037037037036924e-02
0.000000000000000000e+00 6.117187499999999778e-01 6.171296296296295836e-01 1.927083333333333426e-02 7.870370370370370627e-02
0.000000000000000000e+00 6.403645833333333481e-01 6.037037037037037424e-01 4.635416666666666852e-02 1.333333333333333315e-01
0.000000000000000000e+00 6.843749999999999556e-01 6.175925925925925819e-01 4.062500000000000139e-02 1.203703703703703637e-01
0.000000000000000000e+00 7.234374999999999556e-01 5.625000000000000000e-01 3.333333333333333287e-02 2.490740740740740866e-01
0.000000000000000000e+00 7.598958333333333259e-01 5.504629629629629317e-01 3.333333333333333287e-02 1.268518518518518545e-01
0.000000000000000000e+00 7.624999999999999556e-01 6.731481481481481621e-01 4.479166666666666713e-02 3.333333333333333287e-02
0.000000000000000000e+00 8.135416666666667185e-01 6.865740740740741144e-01 5.104166666666666574e-02 3.796296296296296224e-02
0.000000000000000000e+00 7.934895833333333037e-01 6.018518518518518601e-01 3.072916666666666505e-02 5.925925925925926152e-02
0.000000000000000000e+00 8.179687500000000222e-01 6.337962962962963021e-01 3.593749999999999722e-02 7.499999999999999722e-02
0.000000000000000000e+00 8.541666666666666297e-01 6.680555555555555136e-01 2.500000000000000139e-02 6.574074074074073848e-02
0.000000000000000000e+00 8.851562499999999778e-01 6.912037037037036535e-01 2.864583333333333218e-02 5.833333333333333426e-02
0.000000000000000000e+00 9.140625000000000000e-01 7.069444444444444864e-01 2.812500000000000069e-02 4.537037037037037340e-02
