0.000000000000000000e+00 2.580000000000000071e-01 5.480000000000000426e-01 1.400000000000000133e-01 7.199999999999999456e-02
0.000000000000000000e+00 3.039999999999999925e-01 4.773333333333333317e-01 6.400000000000000133e-02 6.400000000000000133e-02
0.000000000000000000e+00 2.710000000000000187e-01 2.653333333333333099e-01 4.599999999999999922e-02 2.933333333333333279e-02
0.000000000000000000e+00 4.040000000000000258e-01 2.626666666666666594e-01 2.800000000000000058e-02 2.933333333333333279e-02
0.000000000000000000e+00 3.489999999999999769e-01 7.399999999999999911e-01 2.999999999999999889e-02 9.866666666666666641e-02
0.000000000000000000e+00 6.330000000000000071e-01 6.973333333333333606e-01 8.200000000000000344e-02 8.266666666666666607e-02
0.000000000000000000e+00 7.510000000000000009e-01 6.119999999999999885e-01 2.199999999999999872e-02 7.733333333333333726e-02
0.000000000000000000e+00 7.890000000000000346e-01 6.093333333333332824e-01 2.999999999999999889e-02 8.266666666666666607e-02
0.000000000000000000e+00 8.080000000000000515e-01 6.973333333333333606e-01 3.200000000000000067e-02 9.333333333333333759e-02
0.000000000000000000e+00 8.159999999999999476e-01 7.680000000000000160e-01 1.600000000000000033e-02 4.800000000000000100e-02
0.000000000000000000e+00 8.319999999999999618e-01 6.306666666666667087e-01 4.399999999999999745e-02 2.933333333333333279e-02
0.000000000000000000e+00 8.629999999999999893e-01 6.466666666666666119e-01 2.599999999999999881e-02 7.199999999999999456e-02
0.000000000000000000e+00 8.629999999999999893e-01 7.266666666666666829e-01 1.400000000000000029e-02 8.799999999999999489e-02
0.000000000000000000e+00 8.930000000000000160e-01 6.346666666666667123e-01 1.400000000000000029e-02 8.000000000000000167e-02
0.000000000000000000e+00 9.370000000000000551e-01 6.199999999999999956e-01 2.599999999999999881e-02 4.000000000000000083e-02
