0.000000000000000000e+00 5.171875000000000222e-01 2.953703703703703942e-01 8.333333333333333218e-03 1.111111111111111049e-01
0.000000000000000000e+00 4.820312500000000222e-01 1.537037037037037035e-01 1.510416666666666678e-02 1.296296296296296259e-02
0.000000000000000000e+00 4.841145833333333481e-01 1.824074074074074070e-01 1.197916666666666748e-02 1.666666666666666644e-02
0.000000000000000000e+00 5.374999999999999778e-01 6.712962962962963631e-02 1.041666666666666609e-02 2.129629629629629581e-02
0.000000000000000000e+00 4.763020833333333481e-01 1.115740740740740755e-01 8.854166666666666435e-03 1.944444444444444475e-02
0.000000000000000000e+00 5.609374999999999778e-01 3.731481481481481732e-01 8.333333333333333218e-03 2.222222222222222307e-02
0.000000000000000000e+00 5.419270833333332815e-01 3.833333333333333592e-01 7.812500000000000000e-03 1.111111111111111154e-02
0.000000000000000000e+00 5.244791666666667185e-01 4.226851851851851638e-01 1.458333333333333356e-02 1.574074074074073917e-02
0.000000000000000000e+00 5.414062499999999778e-01 4.305555555555555802e-01 1.093749999999999931e-02 1.851851851851851749e-02
0.000000000000000000e+00 5.445312500000000222e-01 3.226851851851851860e-01 1.093749999999999931e-02 2.129629629629629581e-02
0.000000000000000000e+00 5.713541666666667185e-01 3.310185185185185452e-01 1.250000000000000069e-02 1.388888888888888812e-02
0.000000000000000000e+00 5.632812499999999556e-01 2.537037037037037090e-01 1.093749999999999931e-02 1.481481481481481538e-02
0.000000000000000000e+00 5.619791666666666963e-01 1.893518518518518545e-01 1.666666666666666644e-02 1.759259259259259370e-02
0.000000000000000000e+00 5.604166666666666741e-01 1.319444444444444475e-01 1.979166666666666574e-02 2.685185185185185244e-02
0.000000000000000000e+00 5.593749999999999556e-01 6.388888888888888395e-02 1.458333333333333356e-02 1.111111111111111154e-02
