0.000000000000000000e+00 1.263888888888888840e-01 5.919540229885057459e-01 2.870370370370370350e-02 6.896551724137930939e-02
0.000000000000000000e+00 2.101851851851851971e-01 5.280172413793103869e-01 1.388888888888888951e-01 6.752873563218390884e-02
0.000000000000000000e+00 2.046296296296296335e-01 4.561781609195402210e-01 9.444444444444444198e-02 7.614942528735632599e-02
0.000000000000000000e+00 3.046296296296296391e-01 5.668103448275861878e-01 5.740740740740740700e-02 8.764367816091954422e-02
0.000000000000000000e+00 3.601851851851851638e-01 6.602011494252874035e-01 5.925925925925926152e-02 6.178160919540229973e-02
0.000000000000000000e+00 5.611111111111111160e-01 4.152298850574712707e-01 1.481481481481481399e-01 2.040229885057471271e-01
0.000000000000000000e+00 4.476851851851851860e-01 4.798850574712643646e-01 8.240740740740740145e-02 2.011494252873563260e-01
0.000000000000000000e+00 4.986111111111111160e-01 5.495689655172413257e-01 2.500000000000000139e-02 7.040229885057470993e-02
0.000000000000000000e+00 5.425925925925926263e-01 5.905172413793103869e-01 6.111111111111110911e-02 1.091954022988505801e-01
0.000000000000000000e+00 4.962962962962962910e-01 6.156609195402298340e-01 3.148148148148147835e-02 4.454022988505747238e-02
0.000000000000000000e+00 6.013888888888888618e-01 6.716954022988506079e-01 1.287037037037037090e-01 5.316091954022988258e-02
0.000000000000000000e+00 5.925925925925925597e-01 6.135057471264367956e-01 4.074074074074074403e-02 5.172413793103448204e-02
0.000000000000000000e+00 6.569444444444444420e-01 5.919540229885057459e-01 9.166666666666666019e-02 1.063218390804597652e-01
0.000000000000000000e+00 6.814814814814814659e-01 6.609195402298850830e-01 2.777777777777777624e-02 4.022988505747126381e-02
