0.000000000000000000e+00 5.500000000000000444e-01 3.824074074074074181e-01 8.020833333333333981e-02 1.518518518518518490e-01
0.000000000000000000e+00 6.270833333333333259e-01 3.666666666666666408e-01 7.812500000000000000e-02 1.425925925925926041e-01
0.000000000000000000e+00 6.940104166666666297e-01 3.328703703703703720e-01 6.406249999999999445e-02 1.842592592592592615e-01
0.000000000000000000e+00 7.624999999999999556e-01 3.842592592592592449e-01 6.666666666666666574e-02 3.259259259259259522e-01
0.000000000000000000e+00 8.294270833333333703e-01 2.601851851851851860e-01 6.197916666666666852e-02 1.611111111111111216e-01
0.000000000000000000e+00 7.630208333333333703e-01 5.962962962962963243e-01 3.645833333333333565e-02 1.037037037037037007e-01
0.000000000000000000e+00 7.526041666666666297e-01 6.861111111111111160e-01 7.083333333333333148e-02 7.037037037037037479e-02
0.000000000000000000e+00 5.335937499999999778e-01 5.763888888888888395e-01 1.406250000000000035e-02 2.685185185185185244e-02
0.000000000000000000e+00 5.187500000000000444e-01 6.060185185185185119e-01 1.562500000000000000e-02 4.537037037037037340e-02
0.000000000000000000e+00 5.216145833333333259e-01 7.157407407407407884e-01 3.489583333333333426e-02 4.444444444444444614e-02
0.000000000000000000e+00 5.526041666666666741e-01 6.097222222222222765e-01 2.291666666666666505e-02 3.611111111111110772e-02
0.000000000000000000e+00 5.403645833333333703e-01 5.087962962962963021e-01 1.614583333333333495e-02 4.166666666666666435e-02
0.000000000000000000e+00 5.869791666666667185e-01 4.935185185185185230e-01 1.250000000000000069e-02 3.703703703703703498e-02
0.000000000000000000e+00 5.677083333333333703e-01 5.129629629629629539e-01 1.458333333333333356e-02 2.777777777777777624e-02
0.000000000000000000e+00 4.755208333333333370e-01 7.300925925925926263e-01 4.479166666666666713e-02 2.500000000000000139e-02
0.000000000000000000e+00 5.744791666666666519e-01 7.069444444444444864e-01 4.687500000000000000e-02 1.388888888888888812e-02
0.000000000000000000e+00 6.953125000000000000e-01 6.962962962962963021e-01 4.270833333333333426e-02 2.777777777777777624e-02
0.000000000000000000e+00 7.158854166666667185e-01 5.657407407407407662e-01 1.302083333333333391e-02 3.703703703703703498e-02
