0.000000000000000000e+00 2.780000000000000249e-01 2.155688622754491079e-01 8.400000000000000522e-02 1.017964071856287400e-01
0.000000000000000000e+00 2.660000000000000142e-01 1.347305389221556959e-01 3.200000000000000067e-02 7.784431137724551197e-02
0.000000000000000000e+00 3.089999999999999969e-01 1.122754491017964040e-01 5.000000000000000278e-02 3.892215568862275599e-02
0.000000000000000000e+00 3.019999999999999907e-01 3.113772455089820479e-01 9.600000000000000200e-02 9.580838323353293995e-02
0.000000000000000000e+00 3.180000000000000049e-01 3.772455089820359042e-01 7.199999999999999456e-02 9.580838323353293995e-02
0.000000000000000000e+00 3.420000000000000262e-01 4.625748502994012079e-01 4.000000000000000083e-02 9.880239520958083999e-02
0.000000000000000000e+00 4.010000000000000231e-01 5.973053892215568483e-01 1.419999999999999873e-01 1.227544910179640680e-01
0.000000000000000000e+00 3.420000000000000262e-01 6.961077844311377438e-01 3.200000000000000067e-02 8.083832335329341201e-02
0.000000000000000000e+00 4.279999999999999916e-01 6.751497005988024158e-01 6.800000000000000488e-02 3.892215568862275599e-02
0.000000000000000000e+00 4.309999999999999942e-01 7.649700598802394724e-01 3.400000000000000244e-02 4.491017964071856300e-02
