0.000000000000000000e+00 2.046736502820306336e-01 5.809037900874635119e-01 4.190169218372280513e-02 1.064139941690962071e-01
0.000000000000000000e+00 4.754230459307010742e-02 6.516034985422740622e-01 2.256244963738920223e-02 9.620991253644314845e-02
0.000000000000000000e+00 2.534246575342465890e-01 7.623906705539358342e-01 9.266720386784850494e-02 3.206997084548104948e-02
0.000000000000000000e+00 3.529411764705882582e-01 6.516034985422740622e-01 4.995970991136180345e-02 6.413994169096209896e-02
0.000000000000000000e+00 4.254633360193392222e-01 5.364431486880466560e-01 3.062046736502820402e-02 1.078717201166180806e-01
0.000000000000000000e+00 4.669621273166800757e-01 5.655976676384839585e-01 6.043513295729250473e-02 1.282798833819241979e-01
0.000000000000000000e+00 5.165189363416599067e-01 5.830903790087463845e-01 4.190169218372280513e-02 9.329446064139941541e-02
0.000000000000000000e+00 5.503626107977437343e-01 4.883381924198250679e-01 5.479452054794520244e-02 1.690962099125364326e-01
0.000000000000000000e+00 7.276390008058017944e-01 5.065597667638483959e-01 4.834810636583400378e-02 1.822157434402332243e-01
0.000000000000000000e+00 5.797743755036260938e-01 6.734693877551020114e-01 2.981466559226430418e-02 5.830903790087463290e-02
