0.000000000000000000e+00 3.271983640081799899e-02 1.921641791044776115e-01 6.134969325153374203e-02 3.768656716417910224e-01
0.000000000000000000e+00 3.374233128834355777e-02 5.279850746268657247e-01 6.339468302658486654e-02 2.947761194029850929e-01
0.000000000000000000e+00 1.022494887525562390e-01 6.361940298507462455e-01 7.361963190184049599e-02 1.604477611940298420e-01
0.000000000000000000e+00 9.611451942740285859e-02 2.257462686567164312e-01 4.907975460122699501e-02 4.440298507462686617e-01
0.000000000000000000e+00 2.167689161554192112e-01 5.914179104477611526e-01 1.267893660531697331e-01 2.723880597014925464e-01
0.000000000000000000e+00 1.993865030674846495e-01 8.544776119402984760e-01 7.975460122699386256e-02 1.492537313432835688e-01
0.000000000000000000e+00 2.750511247443762630e-01 8.917910447761193682e-01 6.339468302658486654e-02 1.194029850746268634e-01
0.000000000000000000e+00 3.752556237218813706e-01 5.354477611940298143e-01 9.202453987730060958e-02 2.276119402985074536e-01
0.000000000000000000e+00 4.785276073619632031e-01 4.216417910447761153e-01 3.271983640081799899e-02 1.044776119402985037e-01
0.000000000000000000e+00 5.593047034764826453e-01 5.690298507462686617e-01 6.748466257668711554e-02 2.052238805970149349e-01
0.000000000000000000e+00 6.186094069529652906e-01 5.503731343283582156e-01 4.294478527607362150e-02 1.529850746268656692e-01
0.000000000000000000e+00 3.517382413087934423e-01 9.291044776119402604e-01 8.588957055214724301e-02 5.970149253731343170e-02
