0.000000000000000000e+00 1.645507812500000000e-01 4.670087976539589181e-01 5.957031250000000000e-02 1.011730205278592309e-01
0.000000000000000000e+00 1.904296875000000000e-01 5.615835777126099160e-01 4.882812500000000000e-02 8.211143695014662403e-02
0.000000000000000000e+00 1.210937500000000000e-01 5.139296187683284334e-01 2.929687500000000000e-02 6.891495601173019958e-02
0.000000000000000000e+00 1.000976562500000000e-01 5.388563049853372089e-01 2.441406250000000000e-02 2.492668621700879633e-02
0.000000000000000000e+00 7.470703125000000000e-02 5.571847507331377791e-01 2.832031250000000000e-02 2.639296187683284542e-02
0.000000000000000000e+00 5.175781250000000000e-02 5.498533724340175510e-01 2.343750000000000000e-02 4.985337243401759266e-02
0.000000000000000000e+00 3.457031250000000000e-01 3.782991202346041026e-01 3.906250000000000000e-02 4.692082111436950143e-02
0.000000000000000000e+00 3.618164062500000000e-01 4.450146627565982338e-01 2.636718750000000000e-02 1.011730205278592309e-01
0.000000000000000000e+00 4.033203125000000000e-01 4.530791788856304847e-01 5.078125000000000000e-02 7.331378299120235031e-02
0.000000000000000000e+00 3.969726562500000000e-01 5.278592375366568668e-01 6.542968750000000000e-02 7.038123167155425908e-02
0.000000000000000000e+00 4.257812500000000000e-01 6.458944281524926501e-01 8.984375000000000000e-02 1.686217008797653849e-01
0.000000000000000000e+00 4.892578125000000000e-01 5.813782991202346428e-01 3.710937500000000000e-02 7.184750733137830470e-02
0.000000000000000000e+00 5.258789062500000000e-01 6.348973607038123079e-01 3.808593750000000000e-02 2.228739002932551283e-01
0.000000000000000000e+00 5.703125000000000000e-01 6.429618768328445588e-01 5.273437500000000000e-02 1.686217008797653849e-01
0.000000000000000000e+00 6.093750000000000000e-01 6.634897360703811975e-01 2.343750000000000000e-02 1.187683284457478061e-01
0.000000000000000000e+00 6.733398437500000000e-01 2.661290322580645018e-01 3.613281250000000000e-02 3.958944281524926639e-02
0.000000000000000000e+00 9.096679687500000000e-01 7.478005865102639593e-02 3.417968750000000000e-02 4.398826979472141019e-02
0.000000000000000000e+00 9.433593750000000000e-01 3.592375366568915235e-02 4.101562500000000000e-02 3.372434017595307698e-02
0.000000000000000000e+00 9.887695312500000000e-01 4.105571847507331201e-02 2.246093750000000000e-02 3.225806451612903136e-02
0.000000000000000000e+00 7.778320312500000000e-01 2.302052785923753564e-01 2.050781250000000000e-02 6.451612903225806273e-02
