0.000000000000000000e+00 5.914062500000000222e-01 2.562674094707521055e-01 8.906250000000000278e-02 1.002785515320334248e-01
0.000000000000000000e+00 5.835937500000000222e-01 3.593314763231197917e-01 6.406249999999999445e-02 1.114206128133704704e-01
0.000000000000000000e+00 5.343750000000000444e-01 3.621169916434540115e-01 3.749999999999999861e-02 8.356545961002785627e-02
0.000000000000000000e+00 6.203125000000000444e-01 4.345403899721448360e-01 4.374999999999999722e-02 7.242339832869081062e-02
0.000000000000000000e+00 6.437500000000000444e-01 5.793871866295264850e-01 2.187499999999999861e-02 1.002785515320334248e-01
0.000000000000000000e+00 5.953125000000000222e-01 6.434540389972145391e-01 3.437500000000000278e-02 3.899721448467966672e-02
0.000000000000000000e+00 4.953124999999999889e-01 5.877437325905292553e-01 1.874999999999999931e-02 8.356545961002785627e-02
0.000000000000000000e+00 6.921874999999999556e-01 3.788300835654596077e-01 1.874999999999999931e-02 1.782729805013927582e-01
0.000000000000000000e+00 7.015624999999999778e-01 6.058495821727019059e-01 4.687500000000000000e-02 5.849582172701949662e-02
0.000000000000000000e+00 7.500000000000000000e-01 6.016713091922005763e-01 4.687500000000000000e-02 6.128133704735375803e-02
0.000000000000000000e+00 8.039062500000000444e-01 6.114206128133704565e-01 5.781250000000000278e-02 5.292479108635097379e-02
0.000000000000000000e+00 8.820312500000000444e-01 6.155988857938718972e-01 5.781250000000000278e-02 6.685236768802228779e-02
0.000000000000000000e+00 8.437500000000000000e-01 6.323119777158774379e-01 2.500000000000000139e-02 3.342618384401114390e-02
0.000000000000000000e+00 9.437499999999999778e-01 6.364902506963788786e-01 6.250000000000000000e-02 3.621169916434540531e-02
0.000000000000000000e+00 9.867187499999999778e-01 6.030640668523676862e-01 2.656249999999999931e-02 1.142061281337047318e-01
