0.000000000000000000e+00 8.094017094017094127e-01 1.809701492537313383e-01 8.376068376068375454e-02 9.328358208955224440e-02
0.000000000000000000e+00 2.820512820512820554e-02 5.317164179104477695e-01 5.299145299145299054e-02 2.985074626865671585e-02
0.000000000000000000e+00 3.076923076923077094e-02 5.597014925373133831e-01 5.811965811965812134e-02 1.865671641791044610e-02
0.000000000000000000e+00 1.461538461538461620e-01 5.578358208955224162e-01 7.692307692307692735e-02 1.865671641791044610e-02
0.000000000000000000e+00 1.051282051282051294e-01 5.000000000000000000e-01 6.666666666666666574e-02 5.597014925373134525e-02
0.000000000000000000e+00 1.871794871794871806e-01 5.195895522388059851e-01 4.615384615384615641e-02 4.291044776119402882e-02
0.000000000000000000e+00 5.196581196581196993e-01 5.186567164179104461e-01 6.153846153846154188e-02 4.104477611940298559e-02
0.000000000000000000e+00 5.256410256410256610e-01 5.541044776119402604e-01 5.982905982905983161e-02 1.865671641791044610e-02
0.000000000000000000e+00 7.350427350427350959e-01 8.516791044776119701e-01 8.888888888888889228e-02 9.514925373134328068e-02
0.000000000000000000e+00 5.717948717948717618e-01 8.087686567164179552e-01 1.179487179487179460e-01 6.529850746268656136e-02
0.000000000000000000e+00 5.777777777777777235e-01 8.889925373134328623e-01 1.709401709401709574e-02 4.291044776119402882e-02
0.000000000000000000e+00 6.777777777777778123e-01 5.578358208955224162e-01 3.589743589743589480e-02 3.358208955223880576e-02
0.000000000000000000e+00 7.598290598290597941e-01 5.736940298507462455e-01 4.615384615384615641e-02 9.141791044776119424e-02
