0.000000000000000000e+00 4.590909090909091050e-01 4.008951406649616245e-01 9.090909090909091161e-02 3.196930946291560299e-02
0.000000000000000000e+00 5.318181818181818565e-01 4.066496163682864484e-01 4.545454545454545581e-02 2.046035805626598633e-02
0.000000000000000000e+00 5.931818181818181435e-01 4.002557544757033292e-01 7.727272727272727071e-02 3.324808184143222822e-02
0.000000000000000000e+00 4.465909090909090939e-01 4.328644501278772205e-01 7.045454545454545026e-02 3.196930946291560299e-02
0.000000000000000000e+00 4.931818181818181657e-01 4.514066496163682829e-01 5.000000000000000278e-02 3.580562659846547174e-02
0.000000000000000000e+00 5.761363636363636687e-01 4.354219948849105126e-01 1.159090909090909061e-01 1.406649616368286365e-02
0.000000000000000000e+00 5.806818181818181879e-01 4.546035805626598703e-01 6.136363636363636326e-02 2.941176470588235253e-02
0.000000000000000000e+00 5.397727272727272929e-01 4.673913043478261087e-01 5.227272727272726932e-02 1.662404092071611411e-02
0.000000000000000000e+00 4.909090909090909061e-01 4.859335038363171155e-01 3.636363636363636187e-02 3.069053708439897776e-02
0.000000000000000000e+00 5.625000000000000000e-01 5.236572890025575910e-01 5.681818181818181629e-02 1.150895140664961666e-02
0.000000000000000000e+00 5.693181818181818343e-01 5.517902813299232490e-01 1.386363636363636409e-01 2.941176470588235253e-02
