0.000000000000000000e+00 1.899999999999999953e-02 6.813333333333333464e-01 1.400000000000000029e-02 2.933333333333333279e-02
0.000000000000000000e+00 4.800000000000000100e-02 6.813333333333333464e-01 2.400000000000000050e-02 3.466666666666666508e-02
0.000000000000000000e+00 8.599999999999999312e-02 6.746666666666666368e-01 2.400000000000000050e-02 3.200000000000000067e-02
0.000000000000000000e+00 1.179999999999999938e-01 6.746666666666666368e-01 2.400000000000000050e-02 4.266666666666666524e-02
0.000000000000000000e+00 2.500000000000000000e-01 6.533333333333333215e-01 3.200000000000000067e-02 3.733333333333333642e-02
0.000000000000000000e+00 2.949999999999999845e-01 6.466666666666666119e-01 2.999999999999999889e-02 5.066666666666666541e-02
0.000000000000000000e+00 3.489999999999999769e-01 6.346666666666667123e-01 3.400000000000000244e-02 4.266666666666666524e-02
0.000000000000000000e+00 4.069999999999999729e-01 6.293333333333333002e-01 4.200000000000000261e-02 5.866666666666666557e-02
0.000000000000000000e+00 4.769999999999999796e-01 6.199999999999999956e-01 3.400000000000000244e-02 4.533333333333333659e-02
0.000000000000000000e+00 5.400000000000000355e-01 6.133333333333332860e-01 3.200000000000000067e-02 5.333333333333333676e-02
