0.000000000000000000e+00 2.159999999999999976e-01 7.571884984025558651e-01 2.400000000000000050e-02 1.022364217252396124e-01
0.000000000000000000e+00 3.099999999999999978e-01 8.514376996805111952e-01 5.999999999999999778e-02 6.389776357827475772e-02
0.000000000000000000e+00 2.580000000000000071e-01 8.099041533546326166e-01 4.399999999999999745e-02 1.597444089456868943e-02
0.000000000000000000e+00 3.559999999999999831e-01 7.667731629392970927e-01 5.600000000000000117e-02 7.667731629392970927e-02
0.000000000000000000e+00 4.079999999999999738e-01 6.956869009584664143e-01 3.599999999999999728e-02 6.230031948881788878e-02
0.000000000000000000e+00 4.480000000000000093e-01 6.046325878594249748e-01 4.000000000000000083e-02 8.785942492012779881e-02
0.000000000000000000e+00 4.799999999999999822e-01 5.215654952076677064e-01 5.199999999999999761e-02 6.549520766773163361e-02
0.000000000000000000e+00 5.080000000000000071e-01 4.576677316293929487e-01 4.800000000000000100e-02 6.230031948881788878e-02
0.000000000000000000e+00 5.719999999999999529e-01 4.065495207667731425e-01 4.000000000000000083e-02 3.993610223642172358e-02
0.000000000000000000e+00 6.440000000000000169e-01 2.899361022364217444e-01 3.200000000000000067e-02 5.591054313099041301e-02
0.000000000000000000e+00 6.630000000000000338e-01 2.300319488817891278e-01 2.999999999999999889e-02 3.833865814696485463e-02
0.000000000000000000e+00 6.999999999999999556e-01 2.068690095846645316e-01 4.000000000000000083e-02 5.591054313099041301e-02
