0.000000000000000000e+00 5.904017857142856984e-01 5.300000000000000266e-01 9.151785714285713691e-02 1.466666666666666674e-01
0.000000000000000000e+00 3.660714285714285476e-01 6.141666666666666385e-01 6.250000000000000000e-02 3.500000000000000333e-02
0.000000000000000000e+00 4.464285714285714524e-01 6.374999999999999556e-01 1.071428571428571369e-01 5.833333333333333426e-02
0.000000000000000000e+00 4.508928571428571508e-01 4.924999999999999933e-01 6.250000000000000000e-02 6.833333333333332926e-02
0.000000000000000000e+00 7.979910714285713969e-01 5.500000000000000444e-01 5.580357142857143155e-02 1.666666666666666644e-02
0.000000000000000000e+00 8.125000000000000000e-01 5.266666666666666163e-01 3.125000000000000000e-02 2.999999999999999889e-02
0.000000000000000000e+00 5.379464285714286031e-01 6.274999999999999467e-01 4.910714285714285615e-02 3.500000000000000333e-02
0.000000000000000000e+00 5.926339285714286031e-01 6.233333333333332948e-01 4.241071428571428770e-02 3.666666666666666685e-02
0.000000000000000000e+00 8.470982142857143016e-01 5.916666666666666741e-01 6.026785714285714385e-02 2.000000000000000042e-02
0.000000000000000000e+00 9.062500000000000000e-01 5.975000000000000311e-01 4.910714285714285615e-02 2.500000000000000139e-02
