0.000000000000000000e+00 4.741210937500000000e-01 1.979913916786226746e-01 6.542968750000000000e-02 1.664275466284074467e-01
0.000000000000000000e+00 5.297851562500000000e-01 1.305595408895265375e-01 5.175781250000000000e-02 1.492109038737446103e-01
0.000000000000000000e+00 5.263671875000000000e-01 2.460545193687231069e-01 4.492187500000000000e-02 7.317073170731706877e-02
0.000000000000000000e+00 5.263671875000000000e-01 3.802008608321377214e-01 3.710937500000000000e-02 1.664275466284074467e-01
0.000000000000000000e+00 5.644531250000000000e-01 4.605451936872310137e-01 4.492187500000000000e-02 1.319942611190817738e-01
0.000000000000000000e+00 6.171875000000000000e-01 4.748923959827833774e-01 5.859375000000000000e-02 7.460545193687230514e-02
0.000000000000000000e+00 6.215820312500000000e-01 5.667144906743185606e-01 9.472656250000000000e-02 1.090387374461979919e-01
0.000000000000000000e+00 5.166015625000000000e-01 6.284074605451936968e-01 2.539062500000000000e-02 6.886657101865135966e-02
0.000000000000000000e+00 5.107421875000000000e-01 6.979913916786226746e-01 1.953125000000000000e-02 4.447632711621234136e-02
0.000000000000000000e+00 5.200195312500000000e-01 7.424677187948349744e-01 5.761718750000000000e-02 5.882352941176470507e-02
0.000000000000000000e+00 5.737304687500000000e-01 7.847919655667144889e-01 1.259765625000000000e-01 2.582496413199426161e-02
0.000000000000000000e+00 5.825195312500000000e-01 6.865136298421807837e-01 3.417968750000000000e-02 4.734576757532281410e-02
0.000000000000000000e+00 6.108398437500000000e-01 6.492109038737445825e-01 3.027343750000000000e-02 1.865136298421807629e-02
0.000000000000000000e+00 6.743164062500000000e-01 6.822094691535151023e-01 2.441406250000000000e-02 3.299856527977044346e-02
0.000000000000000000e+00 6.762695312500000000e-01 5.817790530846485009e-01 1.660156250000000000e-02 5.595408895265423233e-02
0.000000000000000000e+00 6.831054687500000000e-01 6.370157819225250595e-01 1.269531250000000000e-02 5.451936872309899595e-02
0.000000000000000000e+00 2.636718750000000000e-01 8.766140602582496166e-01 7.226562500000000000e-02 2.295552367288378887e-02
0.000000000000000000e+00 3.310546875000000000e-01 8.902439024390244038e-01 6.054687500000000000e-02 1.291248206599713080e-02
0.000000000000000000e+00 5.493164062500000000e-01 8.923959827833573000e-01 7.714843750000000000e-02 2.295552367288378887e-02
0.000000000000000000e+00 7.519531250000000000e-01 8.357245337159253662e-01 5.468750000000000000e-02 7.317073170731706877e-02
0.000000000000000000e+00 7.373046875000000000e-01 7.747489239598278621e-01 3.125000000000000000e-02 4.017216642754662531e-02
0.000000000000000000e+00 7.773437500000000000e-01 7.682926829268292845e-01 2.929687500000000000e-02 7.604017216642754151e-02
0.000000000000000000e+00 8.027343750000000000e-01 8.106169296987087991e-01 2.539062500000000000e-02 4.304160688665710499e-02
0.000000000000000000e+00 8.095703125000000000e-01 8.694404591104734070e-01 2.539062500000000000e-02 2.582496413199426161e-02
0.000000000000000000e+00 8.784179687500000000e-01 8.737446197991391994e-01 6.347656250000000000e-02 1.721664275466283991e-02
0.000000000000000000e+00 9.267578125000000000e-01 8.235294117647058432e-01 4.101562500000000000e-02 5.738880918220946870e-02
0.000000000000000000e+00 8.911132812500000000e-01 8.134863701578192163e-01 4.003906250000000000e-02 3.156384505021520709e-02
0.000000000000000000e+00 8.505859375000000000e-01 8.335724533715925810e-01 1.757812500000000000e-02 1.147776183644189443e-02
0.000000000000000000e+00 8.261718750000000000e-01 8.192252510760401618e-01 1.757812500000000000e-02 4.591104734576757773e-02
0.000000000000000000e+00 8.955078125000000000e-01 7.797704447632711755e-01 1.757812500000000000e-02 2.152080344332855250e-02
