0.000000000000000000e+00 4.989999999999999991e-01 9.179566563467492779e-01 1.380000000000000115e-01 1.640866873065015552e-01
0.000000000000000000e+00 3.599999999999999867e-01 2.941176470588235392e-01 6.400000000000000133e-02 1.919504643962848256e-01
0.000000000000000000e+00 2.859999999999999765e-01 1.578947368421052544e-01 5.600000000000000117e-02 9.287925696594427627e-02
0.000000000000000000e+00 4.329999999999999960e-01 3.498452012383900800e-01 8.599999999999999312e-02 1.300309597523219840e-01
0.000000000000000000e+00 5.200000000000000178e-01 3.513931888544891691e-01 4.399999999999999745e-02 1.331269349845201344e-01
0.000000000000000000e+00 5.310000000000000275e-01 2.306501547987616085e-01 5.000000000000000278e-02 1.145510835913312736e-01
0.000000000000000000e+00 6.009999999999999787e-01 3.684210526315789269e-01 9.800000000000000377e-02 2.538699690402476672e-01
0.000000000000000000e+00 6.840000000000000524e-01 3.668730650154798933e-01 6.400000000000000133e-02 1.393188854489164075e-01
0.000000000000000000e+00 7.820000000000000284e-01 3.591331269349845035e-01 1.199999999999999956e-01 1.609907120743034048e-01
0.000000000000000000e+00 8.090000000000000524e-01 1.455108359133126805e-01 1.580000000000000016e-01 2.848297213622291157e-01
0.000000000000000000e+00 9.150000000000000355e-01 1.532507739938080427e-01 5.000000000000000278e-02 1.083591331269349867e-01
