0.000000000000000000e+00 4.730077120822622216e-01 8.761467889908256534e-01 5.398457583547557753e-02 5.045871559633027803e-02
0.000000000000000000e+00 4.248071979434447365e-01 5.275229357798164598e-01 5.012853470437018261e-02 9.174311926605505096e-02
0.000000000000000000e+00 3.920308483290488311e-01 4.896788990825687859e-01 5.141388174807198091e-02 6.651376146788991195e-02
0.000000000000000000e+00 6.214652956298200026e-01 7.866972477064220204e-01 2.699228791773778877e-02 5.504587155963303058e-02
0.000000000000000000e+00 5.732647814910025730e-01 8.107798165137615198e-01 3.598971722365038733e-02 3.899082568807339666e-02
0.000000000000000000e+00 7.358611825192802325e-01 6.043577981651375719e-01 3.213367609254498547e-02 4.816513761467890176e-02
0.000000000000000000e+00 7.191516709511568406e-01 7.740825688073394995e-01 2.956298200514138885e-02 3.440366972477064411e-02
0.000000000000000000e+00 3.894601542416452622e-01 7.878440366972476738e-01 3.598971722365038733e-02 3.899082568807339666e-02
0.000000000000000000e+00 4.318766066838046203e-01 8.302752293577981835e-01 3.084832904884318716e-02 6.880733944954128822e-02
0.000000000000000000e+00 4.235218508997429243e-01 7.660550458715595923e-01 2.442159383033418868e-02 4.128440366972477293e-02
