0.000000000000000000e+00 2.208333333333333259e-01 4.544444444444444287e-01 2.999999999999999889e-02 2.000000000000000042e-02
0.000000000000000000e+00 2.133333333333333470e-01 5.250000000000000222e-01 2.333333333333333440e-02 2.777777777777777624e-02
0.000000000000000000e+00 2.020833333333333370e-01 5.716666666666666563e-01 1.750000000000000167e-02 4.111111111111111216e-02
0.000000000000000000e+00 2.345833333333333381e-01 5.866666666666666696e-01 2.083333333333333218e-02 2.444444444444444572e-02
0.000000000000000000e+00 2.541666666666666519e-01 6.005555555555555092e-01 1.499999999999999944e-02 1.888888888888888909e-02
0.000000000000000000e+00 2.670833333333333393e-01 5.633333333333333526e-01 2.083333333333333218e-02 5.555555555555555247e-02
0.000000000000000000e+00 8.795833333333333837e-01 5.261111111111110850e-01 2.083333333333333218e-02 3.222222222222222154e-02
0.000000000000000000e+00 9.029166666666667007e-01 5.377777777777777990e-01 1.916666666666666519e-02 2.444444444444444572e-02
0.000000000000000000e+00 9.237499999999999600e-01 5.466666666666666341e-01 1.083333333333333370e-02 1.111111111111111154e-02
0.000000000000000000e+00 9.408333333333332993e-01 5.777777777777777235e-01 2.333333333333333440e-02 5.111111111111111410e-02
0.000000000000000000e+00 9.716666666666666785e-01 6.044444444444444509e-01 3.166666666666666935e-02 2.666666666666666838e-02
0.000000000000000000e+00 8.708333333333333481e-01 4.288888888888888751e-01 1.833333333333333343e-02 2.888888888888888756e-02
0.000000000000000000e+00 8.979166666666666963e-01 4.216666666666666896e-01 3.083333333333333412e-02 2.333333333333333440e-02
