0.000000000000000000e+00 1.639150943396226467e-01 8.190184049079755058e-01 4.795597484276729883e-02 3.312883435582822389e-02
0.000000000000000000e+00 1.977201257861635197e-01 8.092024539877300526e-01 1.965408805031446451e-02 2.576687116564417221e-02
0.000000000000000000e+00 2.708333333333333148e-01 7.748466257668711332e-01 5.896226415094339701e-02 4.785276073619632031e-02
0.000000000000000000e+00 2.759433962264151163e-01 8.233128834355828429e-01 8.176100628930817182e-02 3.190184049079754919e-02
0.000000000000000000e+00 3.427672955974842561e-01 7.957055214723925962e-01 5.974842767295597545e-02 1.018404907975460072e-01
0.000000000000000000e+00 3.533805031446540790e-01 7.171779141104294153e-01 4.638364779874213500e-02 6.748466257668711554e-02
0.000000000000000000e+00 3.753930817610062753e-01 6.576687116564416957e-01 3.223270440251572305e-02 4.417177914110429621e-02
0.000000000000000000e+00 4.048742138364779808e-01 6.282208588957055584e-01 4.559748427672955656e-02 6.380368098159509838e-02
0.000000000000000000e+00 4.457547169811320598e-01 6.914110429447852813e-01 3.459119496855345838e-02 6.748466257668711554e-02
0.000000000000000000e+00 4.500786163522012551e-01 7.680981595092024605e-01 5.738993710691824013e-02 5.644171779141104323e-02
0.000000000000000000e+00 3.883647798742138613e-01 7.803680981595092492e-01 3.144654088050314461e-02 1.496932515337423275e-01
0.000000000000000000e+00 3.761792452830188815e-01 9.171779141104294819e-01 5.581761006289308324e-02 8.957055214723926018e-02
0.000000000000000000e+00 4.292452830188679402e-01 8.417177914110429704e-01 4.088050314465408591e-02 2.699386503067484691e-02
0.000000000000000000e+00 5.271226415094339979e-01 7.834355828220859186e-01 8.726415094339622092e-02 1.190184049079754669e-01
0.000000000000000000e+00 5.314465408805031377e-01 6.644171779141104794e-01 8.647798742138364247e-02 1.214723926380368163e-01
0.000000000000000000e+00 5.051100628930818015e-01 5.472392638036809309e-01 1.250000000000000000e-01 1.153374233128834359e-01
0.000000000000000000e+00 5.974842767295597268e-01 5.496932515337423775e-01 2.987421383647798773e-02 9.815950920245399003e-02
0.000000000000000000e+00 5.035377358490565891e-01 4.447852760736196176e-01 1.092767295597484312e-01 9.693251533742330839e-02
0.000000000000000000e+00 4.437893081761006275e-01 3.368098159509202438e-01 4.481132075471697812e-02 1.141104294478527542e-01
0.000000000000000000e+00 5.110062893081761537e-01 3.294478527607361817e-01 9.433962264150944077e-02 1.337423312883435633e-01
0.000000000000000000e+00 5.385220125786163159e-01 2.355828220858895705e-01 5.503144654088050480e-02 4.907975460122699501e-02
0.000000000000000000e+00 5.353773584905660021e-01 1.073619631901840538e-01 7.389937106918238741e-02 3.312883435582822389e-02
0.000000000000000000e+00 5.947327044025156884e-01 1.000000000000000056e-01 5.896226415094339701e-02 1.263803680981595012e-01
0.000000000000000000e+00 5.577830188679244738e-01 1.895705521472392519e-01 3.694968553459119370e-02 4.785276073619632031e-02
0.000000000000000000e+00 5.715408805031446660e-01 2.717791411042944638e-01 2.358490566037736019e-02 2.822085889570552161e-02
0.000000000000000000e+00 5.896226415094339979e-01 2.122699386503067442e-01 2.201257861635219984e-02 8.343558282208589361e-02
0.000000000000000000e+00 5.860849056603774088e-01 7.938650306748465946e-01 3.066037735849056617e-02 4.417177914110429621e-02
0.000000000000000000e+00 6.191037735849056478e-01 7.552147239263803380e-01 6.682389937106918143e-02 5.521472392638036852e-02
0.000000000000000000e+00 5.275157232704402732e-01 8.822085889570552286e-01 5.188679245283019104e-02 7.607361963190184539e-02
0.000000000000000000e+00 5.872641509433962348e-01 8.779141104294478914e-01 4.245283018867924280e-02 4.049079754601227210e-02
0.000000000000000000e+00 9.198113207547169434e-01 4.312883435582822167e-01 1.336477987421383629e-01 5.766871165644171793e-02
0.000000000000000000e+00 9.504716981132075304e-01 5.441717791411042615e-01 7.389937106918238741e-02 1.680981595092024550e-01
0.000000000000000000e+00 9.713050314465409008e-01 7.245398773006135329e-01 3.380503144654087994e-02 1.901840490797546135e-01
0.000000000000000000e+00 9.469339622641509413e-01 7.889570552147239235e-01 2.122641509433962140e-02 4.417177914110429621e-02
0.000000000000000000e+00 8.750000000000000000e-01 5.177914110429447936e-01 4.716981132075472039e-02 6.625766871165644778e-02
0.000000000000000000e+00 8.852201257861634920e-01 6.159509202453987697e-01 2.201257861635219984e-02 3.680981595092024800e-02
0.000000000000000000e+00 9.064465408805031377e-01 5.858895705521471875e-01 3.144654088050314461e-02 7.484662576687116375e-02
0.000000000000000000e+00 7.511792452830188260e-01 6.116564417177914326e-01 2.279874213836477828e-02 5.766871165644171793e-02
