0.000000000000000000e+00 3.539325842696628976e-01 7.199999999999999734e-01 3.745318352059925221e-02 5.999999999999999778e-02
0.000000000000000000e+00 3.735955056179775524e-01 6.066666666666666874e-01 8.052434456928839190e-02 5.999999999999999778e-02
0.000000000000000000e+00 3.998127340823969811e-01 6.750000000000000444e-01 2.434456928838951359e-02 5.000000000000000278e-02
0.000000000000000000e+00 3.146067415730336991e-01 6.500000000000000222e-01 1.872659176029962610e-02 4.666666666666666879e-02
0.000000000000000000e+00 1.198501872659176043e-01 6.083333333333332815e-01 2.621722846441947724e-02 5.000000000000000278e-02
0.000000000000000000e+00 3.614232209737827661e-01 4.400000000000000022e-01 5.992509363295880215e-02 4.666666666666666879e-02
0.000000000000000000e+00 3.539325842696628976e-01 3.933333333333333126e-01 6.367041198501872945e-02 4.666666666666666879e-02
0.000000000000000000e+00 4.232209737827715146e-01 4.433333333333333570e-01 3.745318352059925221e-02 4.666666666666666879e-02
0.000000000000000000e+00 4.260299625468164653e-01 4.866666666666666918e-01 6.179775280898876233e-02 4.000000000000000083e-02
0.000000000000000000e+00 4.943820224719100986e-01 4.933333333333333459e-01 6.367041198501872945e-02 2.666666666666666838e-02
0.000000000000000000e+00 5.290262172284644349e-01 4.400000000000000022e-01 4.681647940074906700e-02 5.999999999999999778e-02
0.000000000000000000e+00 5.861423220973782655e-01 3.866666666666666585e-01 3.745318352059925221e-02 5.333333333333333676e-02
0.000000000000000000e+00 6.619850187265917674e-01 4.933333333333333459e-01 6.928838951310861693e-02 5.999999999999999778e-02
0.000000000000000000e+00 7.050561797752809001e-01 5.983333333333333837e-01 5.056179775280898736e-02 6.333333333333333870e-02
0.000000000000000000e+00 6.357677902621723387e-01 5.999999999999999778e-01 5.056179775280898736e-02 6.666666666666666574e-02
0.000000000000000000e+00 5.852059925093633375e-01 5.799999999999999600e-01 2.808988764044943742e-02 4.666666666666666879e-02
0.000000000000000000e+00 4.616104868913857850e-01 5.966666666666666785e-01 2.434456928838951359e-02 4.666666666666666879e-02
0.000000000000000000e+00 4.943820224719100986e-01 6.066666666666666874e-01 4.119850187265917257e-02 6.666666666666666574e-02
