0.000000000000000000e+00 2.452830188679245293e-01 2.204030226700251782e-01 6.415094339622641473e-02 7.304785894206548835e-02
0.000000000000000000e+00 3.632075471698112956e-01 2.078085642317380466e-01 5.849056603773584995e-02 8.312342569269520753e-02
0.000000000000000000e+00 4.188679245283019048e-01 2.292191435768261842e-01 5.283018867924528517e-02 4.534005037783375019e-02
0.000000000000000000e+00 1.528301886792452768e-01 8.979848866498740811e-01 8.679245283018867385e-02 6.297229219143576917e-02
0.000000000000000000e+00 1.198113207547169823e-01 8.375314861460957383e-01 2.452830188679245432e-02 2.770780856423173816e-02
0.000000000000000000e+00 9.169811320754717165e-01 7.896725440806044993e-01 1.660377358490565947e-01 1.284634760705289647e-01
0.000000000000000000e+00 4.066037735849056811e-01 9.848866498740553865e-01 6.226415094339622647e-02 3.022670025188916795e-02
0.000000000000000000e+00 2.528301886792452824e-01 9.798488664987405894e-01 7.547169811320754429e-02 4.030226700251889060e-02
0.000000000000000000e+00 4.320754716981132226e-01 7.884130982367758556e-01 5.283018867924528517e-02 8.060453400503778121e-02
0.000000000000000000e+00 5.924528301886792248e-01 8.236775818639798796e-01 1.245283018867924529e-01 5.037783375314861672e-02
0.000000000000000000e+00 7.716981132075472205e-01 7.972292191435768061e-01 8.301886792452829733e-02 4.282115869017632387e-02
0.000000000000000000e+00 3.773584905660377631e-01 9.244332493702770437e-01 3.018867924528301910e-02 4.030226700251889060e-02
0.000000000000000000e+00 3.660377358490565780e-01 8.639798488664987008e-01 1.886792452830188607e-02 2.518891687657430836e-02
0.000000000000000000e+00 3.518867924528301661e-01 7.657430730478589354e-01 2.452830188679245432e-02 4.030226700251889060e-02
0.000000000000000000e+00 4.537735849056603876e-01 9.143576826196473384e-01 2.075471698113207433e-02 5.541561712846347632e-02
