0.000000000000000000e+00 2.414634146341463339e-01 2.904411764705882582e-01 1.365853658536585469e-01 2.205882352941176405e-01
0.000000000000000000e+00 3.926829268292683084e-01 2.794117647058823595e-01 1.707317073170731836e-01 3.455882352941176405e-01
0.000000000000000000e+00 8.926829268292683084e-01 5.183823529411765163e-01 2.146341463414634110e-01 3.676470588235294240e-02
0.000000000000000000e+00 9.365853658536585913e-01 5.643382352941176405e-01 9.268292682926829174e-02 4.044117647058823733e-02
0.000000000000000000e+00 9.341463414634146867e-01 6.102941176470588758e-01 1.317073170731707377e-01 4.411764705882353227e-02
0.000000000000000000e+00 9.243902439024390683e-01 6.562500000000000000e-01 1.512195121951219468e-01 4.779411764705882026e-02
0.000000000000000000e+00 8.963414634146341653e-01 7.040441176470588758e-01 2.073170731707316972e-01 5.514705882352941013e-02
0.000000000000000000e+00 5.097560975609756184e-01 8.235294117647058432e-01 7.317073170731706877e-02 1.102941176470588203e-01
0.000000000000000000e+00 8.939024390243902607e-01 8.915441176470588758e-01 5.121951219512194814e-02 6.985294117647058987e-02
0.000000000000000000e+00 9.256097560975610206e-01 3.235294117647058987e-01 1.487804878048780421e-01 5.882352941176470507e-02
0.000000000000000000e+00 7.658536585365853799e-01 2.959558823529411797e-01 5.853658536585366196e-02 1.286764705882352811e-01
