0.000000000000000000e+00 1.274787535410764894e-01 4.321243523316062318e-01 7.648725212464589640e-02 4.352331606217616639e-02
0.000000000000000000e+00 1.395184135977337037e-01 3.948186528497409364e-01 5.240793201133144702e-02 3.316062176165802955e-02
0.000000000000000000e+00 1.384560906515580614e-01 4.844559585492227982e-01 2.478753541076487293e-02 3.626943005181346852e-02
0.000000000000000000e+00 3.551699716713880850e-01 4.725388601036269454e-01 2.903682719546742119e-02 3.316062176165802955e-02
0.000000000000000000e+00 7.779745042492918206e-01 5.005181347150259308e-01 4.178470254957507291e-02 8.497409326424870679e-02
0.000000000000000000e+00 8.148016997167139008e-01 4.637305699481865107e-01 5.028328611898016942e-02 7.564766839378238295e-02
0.000000000000000000e+00 8.431303116147308430e-01 5.316062176165803344e-01 3.328611898016996945e-02 5.595854922279792920e-02
0.000000000000000000e+00 9.691926345609065407e-01 5.113989637305699221e-01 3.470254957507082350e-02 4.455958549222797938e-02
0.000000000000000000e+00 4.684844192634560756e-01 6.067357512953367449e-01 3.895184135977337175e-02 2.383419689119170917e-02
0.000000000000000000e+00 4.532577903682719622e-01 4.051813471502590525e-01 7.365439093484418831e-02 8.704663212435233277e-02
0.000000000000000000e+00 4.274079320113314262e-01 5.471502590673574806e-01 2.620396600566572351e-02 5.595854922279792920e-02
