0.000000000000000000e+00 1.499999999999999944e-01 7.116666666666666696e-01 5.555555555555555247e-02 1.233333333333333365e-01
0.000000000000000000e+00 9.777777777777778290e-02 7.783333333333333215e-01 2.666666666666666838e-02 4.333333333333333481e-02
0.000000000000000000e+00 1.211111111111111138e-01 8.149999999999999467e-01 3.777777777777777818e-02 4.333333333333333481e-02
0.000000000000000000e+00 1.566666666666666763e-01 9.100000000000000311e-01 5.555555555555555247e-02 4.666666666666666879e-02
0.000000000000000000e+00 2.066666666666666652e-01 9.233333333333333393e-01 4.000000000000000083e-02 4.000000000000000083e-02
0.000000000000000000e+00 2.311111111111111005e-01 7.666666666666667185e-01 4.444444444444444614e-02 6.666666666666666574e-02
0.000000000000000000e+00 2.555555555555555358e-01 6.949999999999999512e-01 5.333333333333333676e-02 5.000000000000000278e-02
0.000000000000000000e+00 3.244444444444444242e-01 7.383333333333332860e-01 9.333333333333333759e-02 7.666666666666666075e-02
0.000000000000000000e+00 3.055555555555555802e-01 6.583333333333333259e-01 6.444444444444444309e-02 5.666666666666666380e-02
0.000000000000000000e+00 4.044444444444444398e-01 6.166666666666666963e-01 1.288888888888888862e-01 1.266666666666666774e-01
0.000000000000000000e+00 4.966666666666666452e-01 5.366666666666666252e-01 6.888888888888888840e-02 9.333333333333333759e-02
