0.000000000000000000e+00 1.359374999999999889e-01 8.722222222222222321e-01 6.041666666666666713e-02 4.444444444444444614e-02
0.000000000000000000e+00 1.895833333333333259e-01 8.449074074074074403e-01 4.270833333333333426e-02 4.722222222222222099e-02
0.000000000000000000e+00 1.471354166666666574e-01 8.134259259259258856e-01 4.843750000000000139e-02 4.722222222222222099e-02
0.000000000000000000e+00 1.880208333333333315e-01 4.287037037037036979e-01 2.604166666666666782e-02 2.592592592592592518e-02
0.000000000000000000e+00 2.348958333333333315e-01 7.828703703703703276e-01 3.020833333333333356e-02 1.268518518518518545e-01
0.000000000000000000e+00 2.572916666666666408e-01 6.967592592592593004e-01 2.500000000000000139e-02 8.425925925925925597e-02
0.000000000000000000e+00 2.765624999999999889e-01 6.754629629629629317e-01 1.354166666666666713e-02 3.240740740740740561e-02
0.000000000000000000e+00 2.921874999999999889e-01 6.421296296296296058e-01 2.604166666666666782e-02 5.648148148148147973e-02
0.000000000000000000e+00 3.158854166666666408e-01 6.106481481481481621e-01 3.281250000000000139e-02 6.388888888888888395e-02
0.000000000000000000e+00 4.705729166666666741e-01 3.939814814814814881e-01 3.072916666666666505e-02 3.055555555555555455e-02
0.000000000000000000e+00 5.598958333333333703e-01 4.236111111111111049e-01 3.229166666666666990e-02 5.092592592592592310e-02
0.000000000000000000e+00 7.473958333333333703e-01 4.388888888888888840e-01 8.125000000000000278e-02 5.555555555555555247e-02
0.000000000000000000e+00 8.145833333333333259e-01 4.157407407407407440e-01 5.104166666666666574e-02 5.185185185185185036e-02
0.000000000000000000e+00 8.682291666666667185e-01 4.000000000000000222e-01 5.416666666666666852e-02 3.518518518518518740e-02
0.000000000000000000e+00 2.656250000000000000e-01 6.333333333333333037e-01 3.229166666666666990e-02 3.518518518518518740e-02
