0.000000000000000000e+00 2.841145833333333370e-01 5.351851851851852082e-01 1.302083333333333391e-02 2.222222222222222307e-02
0.000000000000000000e+00 4.614583333333333592e-01 5.898148148148147918e-01 1.770833333333333287e-02 2.407407407407407413e-02
0.000000000000000000e+00 4.653645833333333592e-01 6.374999999999999556e-01 2.552083333333333287e-02 2.500000000000000139e-02
0.000000000000000000e+00 4.934895833333333148e-01 6.064814814814815103e-01 1.614583333333333495e-02 4.259259259259259162e-02
0.000000000000000000e+00 4.890625000000000111e-01 6.967592592592593004e-01 2.708333333333333426e-02 3.796296296296296224e-02
0.000000000000000000e+00 5.570312499999999778e-01 7.217592592592592116e-01 2.239583333333333356e-02 2.685185185185185244e-02
0.000000000000000000e+00 5.799479166666666741e-01 7.310185185185185119e-01 2.343750000000000000e-02 4.166666666666666435e-02
0.000000000000000000e+00 6.078124999999999778e-01 7.236111111111110938e-01 4.479166666666666713e-02 6.759259259259259300e-02
0.000000000000000000e+00 6.281250000000000444e-01 6.787037037037036979e-01 2.395833333333333495e-02 5.925925925925926152e-02
0.000000000000000000e+00 6.138020833333333037e-01 6.365740740740740700e-01 2.031250000000000069e-02 5.277777777777777762e-02
0.000000000000000000e+00 5.835937500000000222e-01 6.268518518518518823e-01 2.135416666666666713e-02 3.148148148148147835e-02
0.000000000000000000e+00 6.078124999999999778e-01 8.027777777777778123e-01 2.708333333333333426e-02 5.740740740740740700e-02
0.000000000000000000e+00 6.786458333333332815e-01 7.893518518518518601e-01 4.479166666666666713e-02 8.240740740740740145e-02
0.000000000000000000e+00 8.015624999999999556e-01 5.916666666666666741e-01 1.874999999999999931e-02 3.888888888888888951e-02
0.000000000000000000e+00 8.273437500000000444e-01 5.875000000000000222e-01 2.447916666666666644e-02 2.685185185185185244e-02
0.000000000000000000e+00 9.679687500000000444e-01 6.763888888888889284e-01 3.385416666666666435e-02 2.685185185185185244e-02
