0.000000000000000000e+00 2.968750000000000000e-01 5.976851851851852082e-01 2.593750000000000222e-01 1.379629629629629539e-01
0.000000000000000000e+00 4.888020833333333592e-01 6.064814814814815103e-01 1.255208333333333315e-01 1.407407407407407496e-01
0.000000000000000000e+00 7.372395833333332815e-01 6.111111111111111605e-01 6.614583333333333426e-02 1.222222222222222182e-01
0.000000000000000000e+00 7.940104166666667185e-01 5.027777777777777679e-01 5.260416666666666713e-02 1.129629629629629595e-01
0.000000000000000000e+00 8.611979166666666741e-01 5.805555555555556024e-01 7.343750000000000278e-02 1.759259259259259300e-01
0.000000000000000000e+00 9.580729166666667185e-01 6.374999999999999556e-01 7.656250000000000555e-02 9.722222222222222376e-02
0.000000000000000000e+00 1.166666666666666685e-01 5.962962962962963243e-01 1.052083333333333343e-01 1.444444444444444309e-01
0.000000000000000000e+00 6.617187500000000222e-01 6.268518518518518823e-01 4.843750000000000139e-02 1.074074074074074098e-01
0.000000000000000000e+00 5.804687499999999778e-01 5.268518518518519045e-01 6.510416666666667129e-02 5.185185185185185036e-02
0.000000000000000000e+00 6.213541666666666519e-01 5.819444444444444864e-01 4.166666666666666435e-02 4.722222222222222099e-02
0.000000000000000000e+00 2.005208333333333495e-02 5.745370370370370683e-01 3.906250000000000000e-02 1.935185185185185064e-01
