0.000000000000000000e+00 2.875000000000000125e-02 4.849340866290018925e-01 4.000000000000000083e-02 1.525423728813559421e-01
0.000000000000000000e+00 9.249999999999999889e-02 5.056497175141242417e-01 2.500000000000000139e-02 1.148775894538606457e-01
0.000000000000000000e+00 1.968749999999999944e-01 4.858757062146892847e-01 5.625000000000000139e-02 1.468926553672316448e-01
0.000000000000000000e+00 1.093750000000000000e-01 2.711864406779661008e-01 6.124999999999999889e-02 9.039548022598870025e-02
0.000000000000000000e+00 4.268750000000000044e-01 3.116760828625235180e-01 5.124999999999999695e-02 1.977401129943502922e-01
0.000000000000000000e+00 4.912500000000000200e-01 3.013182674199623157e-01 4.499999999999999833e-02 1.996233521657250487e-01
0.000000000000000000e+00 5.474999999999999867e-01 2.984934086629001948e-01 3.749999999999999861e-02 1.751412429378531033e-01
0.000000000000000000e+00 6.068750000000000533e-01 3.653483992467043140e-01 3.375000000000000222e-02 1.544256120527306986e-01
0.000000000000000000e+00 6.031250000000000222e-01 4.726930320150659059e-01 3.125000000000000000e-02 3.766478342749528946e-02
0.000000000000000000e+00 1.250000000000000000e-01 5.404896421845574173e-01 3.250000000000000111e-02 8.286252354048964652e-02
0.000000000000000000e+00 5.374999999999999778e-01 4.642184557438794879e-01 1.250000000000000069e-02 4.331450094161958669e-02
0.000000000000000000e+00 5.662500000000000311e-01 4.839924670433145004e-01 1.499999999999999944e-02 7.156308851224105205e-02
0.000000000000000000e+00 6.587499999999999467e-01 3.107344632768361814e-01 1.000000000000000021e-02 6.026365348399246452e-02
0.000000000000000000e+00 6.862500000000000266e-01 3.502824858757062065e-01 2.000000000000000042e-02 1.770244821092278598e-01
0.000000000000000000e+00 7.118750000000000355e-01 3.775894538606403006e-01 1.375000000000000007e-02 1.374764595103578069e-01
0.000000000000000000e+00 7.387500000000000178e-01 5.621468926553672141e-01 1.499999999999999944e-02 7.721280602636534929e-02
