0.000000000000000000e+00 1.366666666666666585e-01 6.428035982008994953e-01 1.640000000000000069e-01 8.170914542728635599e-02
0.000000000000000000e+00 2.566666666666666541e-01 6.866566716641678836e-01 1.426666666666666639e-01 1.649175412293853171e-01
0.000000000000000000e+00 4.346666666666666456e-01 7.559970014992504206e-01 1.093333333333333379e-01 8.770614692653673494e-02
0.000000000000000000e+00 3.800000000000000044e-01 8.332083958020989334e-01 8.533333333333333048e-02 5.622188905547226279e-02
0.000000000000000000e+00 4.286666666666666403e-01 6.116941529235382369e-01 1.719999999999999862e-01 7.796101949025487088e-02
0.000000000000000000e+00 5.473333333333333384e-01 5.292353823088455922e-01 1.533333333333333215e-01 1.034482758620689641e-01
0.000000000000000000e+00 6.086666666666666892e-01 6.101949025487256595e-01 1.426666666666666639e-01 5.397301349325337588e-02
0.000000000000000000e+00 8.339999999999999636e-01 6.323088455772113425e-01 2.253333333333333299e-01 1.131934032983508281e-01
0.000000000000000000e+00 7.053333333333333677e-01 6.859070464767615949e-01 1.280000000000000027e-01 6.896551724137930939e-02
0.000000000000000000e+00 7.520000000000000018e-01 7.297601199400299832e-01 1.039999999999999952e-01 8.020989505247376472e-02
0.000000000000000000e+00 3.673333333333333450e-01 5.558470764617691184e-01 7.866666666666666252e-02 3.073463268365816958e-02
0.000000000000000000e+00 3.900000000000000133e-01 6.799100449775112853e-01 1.160000000000000059e-01 4.947526236881559514e-02
0.000000000000000000e+00 6.420000000000000151e-01 6.525487256371813594e-01 7.866666666666666252e-02 4.272863568215892055e-02
0.000000000000000000e+00 4.626666666666666705e-01 6.949025487256371703e-01 3.200000000000000067e-02 3.598200899550224596e-02
0.000000000000000000e+00 1.660000000000000087e-01 5.693403298350824260e-01 4.666666666666666879e-02 6.221889055472264174e-02
