0.000000000000000000e+00 7.019999999999999574e-01 8.273273273273272777e-01 3.599999999999999728e-02 7.507507507507507616e-02
0.000000000000000000e+00 7.510000000000000009e-01 8.693693693693693714e-01 6.600000000000000311e-02 1.111111111111111049e-01
0.000000000000000000e+00 8.120000000000000551e-01 8.768768768768768762e-01 4.399999999999999745e-02 7.207207207207207145e-02
0.000000000000000000e+00 6.300000000000000044e-01 6.336336336336336750e-01 4.399999999999999745e-02 9.009009009009008584e-02
0.000000000000000000e+00 6.909999999999999476e-01 5.615615615615615619e-01 2.199999999999999872e-02 5.405405405405405705e-02
0.000000000000000000e+00 7.069999999999999618e-01 5.255255255255255609e-01 2.199999999999999872e-02 5.405405405405405705e-02
0.000000000000000000e+00 6.850000000000000533e-01 3.648648648648648574e-01 4.200000000000000261e-02 3.903903903903904044e-02
0.000000000000000000e+00 7.750000000000000222e-01 3.738738738738738854e-01 6.199999999999999956e-02 3.903903903903904044e-02
0.000000000000000000e+00 8.259999999999999565e-01 3.108108108108108003e-01 2.800000000000000058e-02 1.591591591591591526e-01
0.000000000000000000e+00 8.569999999999999840e-01 3.498498498498498477e-01 4.200000000000000261e-02 8.708708708708708113e-02
0.000000000000000000e+00 9.180000000000000382e-01 2.417417417417417336e-01 4.800000000000000100e-02 8.108108108108108558e-02
0.000000000000000000e+00 8.589999999999999858e-01 1.456456456456456383e-01 4.200000000000000261e-02 8.108108108108108558e-02
0.000000000000000000e+00 3.270000000000000129e-01 5.735735735735735252e-01 1.799999999999999864e-02 1.441441441441441429e-01
0.000000000000000000e+00 3.119999999999999996e-01 4.549549549549549710e-01 4.399999999999999745e-02 5.105105105105105234e-02
0.000000000000000000e+00 5.100000000000000089e-01 6.081081081081081141e-01 2.800000000000000058e-02 3.903903903903904044e-02
0.000000000000000000e+00 4.470000000000000084e-01 5.480480480480480754e-01 3.799999999999999906e-02 2.102102102102102257e-02
