0.000000000000000000e+00 4.939999999999999947e-01 5.135135135135134865e-01 1.559999999999999998e-01 2.402402402402402382e-01
0.000000000000000000e+00 7.870000000000000329e-01 7.237237237237237331e-01 1.380000000000000115e-01 1.501501501501501523e-01
0.000000000000000000e+00 5.879999999999999671e-01 1.471471471471471337e-01 1.519999999999999962e-01 2.882882882882882858e-01
0.000000000000000000e+00 4.570000000000000173e-01 2.762762762762762669e-01 1.019999999999999934e-01 2.522522522522522292e-01
0.000000000000000000e+00 2.260000000000000064e-01 2.432432432432432567e-01 6.400000000000000133e-02 1.261261261261261146e-01
0.000000000000000000e+00 2.600000000000000089e-01 4.354354354354354473e-01 7.199999999999999456e-02 2.462462462462462476e-01
0.000000000000000000e+00 3.539999999999999813e-01 4.909909909909909720e-01 4.800000000000000100e-02 9.309309309309309055e-02
0.000000000000000000e+00 6.119999999999999885e-01 4.024024024024023816e-01 7.599999999999999811e-02 2.102102102102102188e-01
0.000000000000000000e+00 7.309999999999999831e-01 2.477477477477477430e-01 1.260000000000000009e-01 2.972972972972973138e-01
0.000000000000000000e+00 4.040000000000000258e-01 6.801801801801802272e-01 9.199999999999999845e-02 6.306306306306305731e-02
