0.000000000000000000e+00 1.174479166666666657e-01 7.254629629629629761e-01 4.010416666666666990e-02 4.907407407407407551e-02
0.000000000000000000e+00 8.802083333333333981e-02 7.222222222222222099e-01 1.145833333333333252e-02 7.592592592592592449e-02
0.000000000000000000e+00 1.117187500000000056e-01 8.449074074074074403e-01 5.677083333333333287e-02 1.324074074074074181e-01
0.000000000000000000e+00 1.127604166666666685e-01 9.393518518518518823e-01 5.989583333333333565e-02 4.351851851851851888e-02
0.000000000000000000e+00 1.677083333333333204e-01 8.412037037037036757e-01 1.666666666666666644e-02 1.638888888888888895e-01
0.000000000000000000e+00 1.927083333333333426e-01 8.888888888888888395e-01 2.604166666666666782e-02 6.666666666666666574e-02
0.000000000000000000e+00 3.096354166666666630e-01 9.310185185185184675e-01 2.552083333333333287e-02 3.055555555555555455e-02
0.000000000000000000e+00 4.265625000000000111e-01 9.736111111111110938e-01 3.093750000000000111e-01 3.055555555555555455e-02
0.000000000000000000e+00 4.067708333333333592e-01 8.833333333333333037e-01 6.770833333333332871e-02 7.777777777777777901e-02
0.000000000000000000e+00 8.013020833333333037e-01 8.884259259259259522e-01 3.072916666666666505e-02 1.361111111111110994e-01
0.000000000000000000e+00 8.679687499999999556e-01 8.921296296296296058e-01 7.864583333333333148e-02 1.361111111111110994e-01
0.000000000000000000e+00 3.937499999999999889e-01 9.388888888888888840e-01 2.395833333333333495e-02 2.962962962962963076e-02
0.000000000000000000e+00 4.661458333333333148e-01 9.435185185185185341e-01 4.895833333333333287e-02 4.629629629629629373e-02
