0.000000000000000000e+00 3.639455782312925325e-01 5.491159135559920967e-01 7.936507936507936067e-02 1.394891944990176713e-01
0.000000000000000000e+00 3.673469387755102233e-01 6.640471512770137474e-01 3.628117913832199642e-02 6.286836935166993656e-02
0.000000000000000000e+00 3.951247165532879579e-01 6.335952848722986586e-01 2.834467120181406036e-02 2.554027504911591390e-02
0.000000000000000000e+00 4.484126984126984294e-01 5.618860510805501196e-01 8.503401360544217413e-02 2.161100196463654199e-01
0.000000000000000000e+00 3.730158730158730229e-01 3.713163064833006066e-01 9.977324263038549190e-02 1.964636542239685535e-01
0.000000000000000000e+00 4.892290249433106641e-01 3.762278978388998163e-01 1.417233560090702948e-01 1.552062868369351589e-01
0.000000000000000000e+00 5.691609977324263436e-01 2.662082514734774308e-01 1.269841269841269771e-01 1.512770137524558078e-01
0.000000000000000000e+00 6.967120181405895840e-01 5.599214145383104579e-01 1.054421768707483054e-01 1.296660117878192520e-01
0.000000000000000000e+00 7.080498866213151832e-01 6.709233791748526743e-01 6.009070294784580463e-02 9.233791748526522236e-02
0.000000000000000000e+00 6.553287981859410305e-01 6.571709233791748206e-01 4.988662131519274595e-02 6.876227897838900482e-02
0.000000000000000000e+00 5.629251700680272252e-01 4.774066797642436133e-01 7.142857142857142461e-02 9.430255402750491178e-02
