0.000000000000000000e+00 2.600000000000000089e-01 3.838383838383838120e-01 3.333333333333333287e-02 4.545454545454545581e-02
0.000000000000000000e+00 2.924999999999999822e-01 3.838383838383838120e-01 3.500000000000000333e-02 4.040404040404040747e-02
0.000000000000000000e+00 2.641666666666666607e-01 4.305555555555555802e-01 2.500000000000000139e-02 4.292929292929292817e-02
0.000000000000000000e+00 5.233333333333333171e-01 4.608585858585858563e-01 2.999999999999999889e-02 4.797979797979797650e-02
0.000000000000000000e+00 6.508333333333333748e-01 5.214646464646465196e-01 3.500000000000000333e-02 6.818181818181817677e-02
0.000000000000000000e+00 4.358333333333333504e-01 4.255050505050504972e-01 3.166666666666666935e-02 2.777777777777777624e-02
0.000000000000000000e+00 3.775000000000000022e-01 4.343434343434343647e-01 3.833333333333333037e-02 1.515151515151515194e-02
0.000000000000000000e+00 3.950000000000000178e-01 4.595959595959596133e-01 1.000000000000000021e-02 3.535353535353535220e-02
0.000000000000000000e+00 4.308333333333333459e-01 4.494949494949495028e-01 4.166666666666666435e-02 1.515151515151515194e-02
0.000000000000000000e+00 3.291666666666666630e-01 4.191919191919191712e-01 3.500000000000000333e-02 1.515151515151515194e-02
