0.000000000000000000e+00 2.076677316293929765e-01 2.295454545454545525e-01 1.086261980830670881e-01 4.318181818181818232e-01
0.000000000000000000e+00 3.450479233226836917e-01 2.386363636363636465e-01 1.086261980830670881e-01 3.681818181818181657e-01
0.000000000000000000e+00 5.367412140575079649e-01 4.000000000000000222e-01 1.341853035143769912e-01 4.363636363636363424e-01
0.000000000000000000e+00 6.118210862619808399e-01 9.772727272727273207e-02 1.565495207667731703e-01 1.681818181818181823e-01
0.000000000000000000e+00 4.424920127795526903e-01 2.999999999999999889e-01 7.987220447284344715e-02 2.454545454545454530e-01
0.000000000000000000e+00 4.281150159744409045e-01 5.295454545454545414e-01 7.028753993610223350e-02 2.136363636363636243e-01
0.000000000000000000e+00 4.744408945686900969e-01 7.886363636363636909e-01 7.348242811501597138e-02 1.590909090909090884e-01
0.000000000000000000e+00 6.038338658146964466e-01 7.659090909090908728e-01 1.725239616613418459e-01 2.045454545454545581e-01
0.000000000000000000e+00 7.539936102236421966e-01 7.954545454545454142e-01 1.150159744408945639e-01 9.090909090909091161e-02
0.000000000000000000e+00 6.485623003194888048e-01 3.659090909090909061e-01 7.028753993610223350e-02 1.772727272727272763e-01
0.000000000000000000e+00 1.373801916932907430e-01 8.522727272727272929e-01 6.389776357827475772e-02 5.000000000000000278e-02
