0.000000000000000000e+00 2.630000000000000115e-01 6.201201201201200774e-01 8.999999999999999667e-02 5.105105105105105234e-02
0.000000000000000000e+00 2.839999999999999747e-01 5.585585585585585155e-01 3.599999999999999728e-02 7.807807807807808087e-02
0.000000000000000000e+00 1.900000000000000022e-01 5.060060060060059817e-01 3.599999999999999728e-02 3.303303303303303101e-02
0.000000000000000000e+00 3.629999999999999893e-01 6.351351351351350871e-01 1.059999999999999970e-01 5.105105105105105234e-02
0.000000000000000000e+00 4.149999999999999800e-01 4.969969969969970092e-01 1.140000000000000041e-01 5.705705705705705483e-02
0.000000000000000000e+00 4.369999999999999996e-01 4.414414414414414289e-01 4.200000000000000261e-02 6.606606606606606202e-02
0.000000000000000000e+00 3.960000000000000187e-01 1.396396396396396289e-01 5.999999999999999778e-02 3.903903903903904044e-02
0.000000000000000000e+00 4.139999999999999791e-01 9.159159159159159513e-02 4.000000000000000083e-02 3.903903903903904044e-02
0.000000000000000000e+00 4.309999999999999942e-01 4.804804804804804763e-02 2.999999999999999889e-02 3.003003003003002977e-02
0.000000000000000000e+00 4.079999999999999738e-01 1.996996996996996954e-01 5.600000000000000117e-02 8.708708708708708113e-02
0.000000000000000000e+00 4.040000000000000258e-01 3.228228228228228192e-01 9.199999999999999845e-02 1.351351351351351426e-01
0.000000000000000000e+00 5.080000000000000071e-01 3.243243243243243423e-01 5.199999999999999761e-02 9.609609609609609526e-02
0.000000000000000000e+00 3.930000000000000160e-01 4.399399399399399613e-01 5.399999999999999939e-02 5.705705705705705483e-02
0.000000000000000000e+00 4.749999999999999778e-01 4.399399399399399613e-01 2.599999999999999881e-02 6.906906906906906674e-02
0.000000000000000000e+00 3.099999999999999978e-01 8.768768768768768762e-01 4.399999999999999745e-02 4.804804804804804763e-02
0.000000000000000000e+00 1.799999999999999933e-01 9.339339339339339796e-01 2.800000000000000058e-02 2.402402402402402382e-02
0.000000000000000000e+00 2.359999999999999876e-01 9.249249249249249516e-01 5.600000000000000117e-02 3.003003003003002977e-02
0.000000000000000000e+00 3.019999999999999907e-01 9.324324324324324564e-01 5.999999999999999778e-02 3.903903903903904044e-02
0.000000000000000000e+00 3.800000000000000044e-01 9.324324324324324564e-01 9.199999999999999845e-02 3.903903903903904044e-02
0.000000000000000000e+00 4.089999999999999747e-01 8.498498498498499032e-01 5.399999999999999939e-02 6.006006006006005954e-02
0.000000000000000000e+00 3.599999999999999867e-01 8.738738738738738299e-01 4.800000000000000100e-02 3.603603603603603572e-02
0.000000000000000000e+00 5.230000000000000204e-01 8.678678678678678482e-01 1.620000000000000051e-01 3.603603603603603572e-02
0.000000000000000000e+00 5.220000000000000195e-01 8.123123123123122680e-01 1.680000000000000104e-01 6.306306306306305731e-02
0.000000000000000000e+00 5.210000000000000187e-01 9.279279279279278869e-01 1.620000000000000051e-01 3.603603603603603572e-02
0.000000000000000000e+00 6.340000000000000080e-01 9.369369369369369149e-01 4.800000000000000100e-02 3.603603603603603572e-02
0.000000000000000000e+00 6.780000000000000471e-01 8.798798798798799226e-01 7.199999999999999456e-02 3.603603603603603572e-02
0.000000000000000000e+00 6.710000000000000409e-01 8.333333333333333703e-01 9.400000000000000022e-02 5.105105105105105234e-02
0.000000000000000000e+00 5.090000000000000080e-01 7.432432432432432012e-01 6.600000000000000311e-02 6.306306306306305731e-02
0.000000000000000000e+00 6.239999999999999991e-01 7.372372372372372196e-01 1.640000000000000069e-01 1.051051051051051094e-01
0.000000000000000000e+00 6.600000000000000311e-01 6.171171171171171421e-01 1.439999999999999891e-01 1.351351351351351426e-01
0.000000000000000000e+00 6.740000000000000435e-01 5.090090090090090280e-01 9.600000000000000200e-02 8.708708708708708113e-02
0.000000000000000000e+00 6.959999999999999520e-01 3.993993993993993907e-01 1.680000000000000104e-01 1.261261261261261146e-01
0.000000000000000000e+00 7.520000000000000018e-01 4.954954954954954860e-01 5.199999999999999761e-02 6.006006006006005954e-02
0.000000000000000000e+00 6.440000000000000169e-01 3.048048048048048186e-01 1.719999999999999862e-01 6.906906906906906674e-02
0.000000000000000000e+00 6.290000000000000036e-01 2.297297297297297425e-01 1.100000000000000006e-01 8.708708708708708113e-02
0.000000000000000000e+00 7.369999999999999885e-01 2.537537537537537524e-01 1.019999999999999934e-01 7.507507507507507616e-02
0.000000000000000000e+00 7.339999999999999858e-01 1.801801801801801717e-01 4.000000000000000083e-02 7.207207207207207145e-02
0.000000000000000000e+00 7.820000000000000284e-01 1.726726726726726668e-01 4.800000000000000100e-02 4.504504504504504292e-02
0.000000000000000000e+00 8.319999999999999618e-01 2.492492492492492384e-01 3.200000000000000067e-02 6.606606606606606202e-02
0.000000000000000000e+00 9.519999999999999574e-01 6.546546546546546663e-01 4.800000000000000100e-02 5.405405405405405705e-02
0.000000000000000000e+00 2.610000000000000098e-01 4.474474474474474661e-01 2.999999999999999889e-02 1.141141141141141097e-01
0.000000000000000000e+00 3.920000000000000151e-01 5.495495495495495986e-01 8.000000000000000167e-02 4.204204204204204515e-02
0.000000000000000000e+00 3.400000000000000244e-01 3.123123123123123235e-01 2.800000000000000058e-02 3.603603603603603572e-02
