0.000000000000000000e+00 2.375000000000000028e-02 2.599277978339349926e-01 4.250000000000000305e-02 2.382671480144404330e-01
0.000000000000000000e+00 3.787499999999999756e-01 3.880866425992779978e-01 2.750000000000000014e-02 4.693140794223826795e-02
0.000000000000000000e+00 3.562500000000000111e-01 4.314079422382671725e-01 3.250000000000000111e-02 3.971119133574007448e-02
0.000000000000000000e+00 3.837499999999999800e-01 4.404332129963898779e-01 1.750000000000000167e-02 2.888086642599278081e-02
0.000000000000000000e+00 3.562500000000000111e-01 4.747292418772562916e-01 3.250000000000000111e-02 4.693140794223826795e-02
0.000000000000000000e+00 3.862499999999999822e-01 4.873646209386281458e-01 2.249999999999999917e-02 5.054151624548736121e-02
0.000000000000000000e+00 4.512499999999999845e-01 3.880866425992779978e-01 4.250000000000000305e-02 5.415162454873646142e-02
0.000000000000000000e+00 4.500000000000000111e-01 4.530685920577617321e-01 1.499999999999999944e-02 6.859205776173285529e-02
0.000000000000000000e+00 5.350000000000000311e-01 3.880866425992779978e-01 1.000000000000000056e-01 1.191335740072202165e-01
0.000000000000000000e+00 5.150000000000000133e-01 5.126353790613717987e-01 5.500000000000000028e-02 1.299638989169674963e-01
0.000000000000000000e+00 6.125000000000000444e-01 4.548736462093863064e-01 5.000000000000000278e-02 1.010830324909747224e-01
0.000000000000000000e+00 6.687499999999999556e-01 5.342960288808664693e-01 7.249999999999999500e-02 2.599277978339349926e-01
0.000000000000000000e+00 7.249999999999999778e-01 4.981949458483754256e-01 3.500000000000000333e-02 2.454873646209386195e-01
0.000000000000000000e+00 7.712499999999999911e-01 5.397111913357400814e-01 5.249999999999999806e-02 2.057761732851985659e-01
0.000000000000000000e+00 8.137499999999999734e-01 5.252707581227437084e-01 3.250000000000000111e-02 9.747292418772562916e-02
