0.000000000000000000e+00 1.677419354838709797e-01 8.166986564299424378e-01 4.086021505376344343e-02 5.950095969289827258e-02
0.000000000000000000e+00 2.053763440860215117e-01 8.291746641074856372e-01 4.086021505376344343e-02 7.677543186180421642e-02
0.000000000000000000e+00 2.381720430107526765e-01 7.821497120921304669e-01 4.623655913978494403e-02 7.101727447216890643e-02
0.000000000000000000e+00 2.758064516129032362e-01 7.207293666026871604e-01 3.333333333333333287e-02 8.253358925143954028e-02
0.000000000000000000e+00 4.080645161290322731e-01 8.023032629558540796e-01 5.053763440860215006e-02 5.758157389635316925e-02
0.000000000000000000e+00 4.779569892473118364e-01 7.610364683301343858e-01 3.548387096774193589e-02 7.101727447216890643e-02
0.000000000000000000e+00 5.435483870967742215e-01 7.715930902111324263e-01 7.419354838709676936e-02 1.190019193857965452e-01
0.000000000000000000e+00 6.026881720430107281e-01 7.927063339731286185e-01 2.903225806451613031e-02 6.525911708253358257e-02
0.000000000000000000e+00 6.306451612903225534e-01 7.783109404990402602e-01 2.258064516129032126e-02 7.485604606525911309e-02
0.000000000000000000e+00 6.596774193548387011e-01 7.850287907869482051e-01 3.978494623655914192e-02 9.213051823416507080e-02
0.000000000000000000e+00 6.951612903225806717e-01 7.994241842610364523e-01 2.903225806451613031e-02 5.950095969289827258e-02
0.000000000000000000e+00 7.301075268817204256e-01 8.013435700575816112e-01 3.225806451612903136e-02 5.950095969289827258e-02
0.000000000000000000e+00 7.311827956989247479e-02 4.808061420345489667e-01 1.505376344086021591e-02 7.101727447216890643e-02
0.000000000000000000e+00 8.978494623655913776e-02 6.381957773512475507e-01 1.612903225806451568e-02 7.869481765834933362e-02
