0.000000000000000000e+00 7.750000000000000222e-01 3.951310861423221188e-01 5.000000000000000278e-02 3.370786516853932491e-02
0.000000000000000000e+00 8.362500000000000488e-01 3.913857677902621846e-01 5.750000000000000250e-02 3.370786516853932491e-02
0.000000000000000000e+00 7.737500000000000488e-01 4.438202247191010974e-01 5.249999999999999806e-02 4.119850187265917257e-02
0.000000000000000000e+00 7.299999999999999822e-01 4.400749063670412187e-01 2.000000000000000042e-02 4.119850187265917257e-02
0.000000000000000000e+00 7.325000000000000400e-01 3.895131086142322174e-01 1.499999999999999944e-02 3.745318352059925221e-02
0.000000000000000000e+00 5.937500000000000000e-01 4.325842696629213502e-01 5.750000000000000250e-02 2.621722846441947724e-02
0.000000000000000000e+00 8.325000000000000178e-01 4.588014981273408344e-01 5.000000000000000278e-02 7.116104868913857018e-02
0.000000000000000000e+00 8.974999999999999645e-01 4.531835205992509330e-01 5.999999999999999778e-02 5.243445692883895448e-02
0.000000000000000000e+00 9.625000000000000222e-01 4.513108614232209659e-01 5.999999999999999778e-02 4.868913857677902718e-02
0.000000000000000000e+00 8.912499999999999867e-01 3.951310861423221188e-01 3.749999999999999861e-02 4.119850187265917257e-02
0.000000000000000000e+00 5.899999999999999689e-01 3.932584269662921517e-01 5.500000000000000028e-02 3.745318352059925221e-02
0.000000000000000000e+00 6.512499999999999956e-01 3.951310861423221188e-01 4.750000000000000056e-02 4.119850187265917257e-02
0.000000000000000000e+00 8.299999999999999600e-01 5.973782771535580682e-01 5.000000000000000278e-02 4.119850187265917257e-02
0.000000000000000000e+00 8.275000000000000133e-01 6.704119850187265639e-01 5.000000000000000278e-02 6.741573033707864981e-02
