0.000000000000000000e+00 5.312500000000000000e-01 2.421296296296296391e-01 2.916666666666666713e-02 5.648148148148147973e-02
0.000000000000000000e+00 5.856770833333333481e-01 2.388888888888889006e-01 7.864583333333333148e-02 9.814814814814815103e-02
0.000000000000000000e+00 6.098958333333333037e-01 1.171296296296296252e-01 5.208333333333333565e-02 1.435185185185185175e-01
0.000000000000000000e+00 5.736979166666666963e-01 1.615740740740740644e-01 2.135416666666666713e-02 5.833333333333333426e-02
0.000000000000000000e+00 5.492187499999999778e-01 2.995370370370370461e-01 5.677083333333333287e-02 2.870370370370370350e-02
0.000000000000000000e+00 5.747395833333333037e-01 3.472222222222222099e-01 5.468750000000000000e-02 3.888888888888888951e-02
0.000000000000000000e+00 5.330729166666666741e-01 3.546296296296296280e-01 2.343750000000000000e-02 3.888888888888888951e-02
0.000000000000000000e+00 5.127604166666667185e-01 4.296296296296296391e-01 3.906250000000000000e-02 2.962962962962963076e-02
0.000000000000000000e+00 4.835937499999999889e-01 5.050925925925925375e-01 1.614583333333333495e-02 3.240740740740740561e-02
0.000000000000000000e+00 4.742187500000000222e-01 3.064814814814814659e-01 2.968749999999999861e-02 6.851851851851852027e-02
0.000000000000000000e+00 4.742187500000000222e-01 2.324074074074073959e-01 2.343750000000000000e-02 2.777777777777777624e-02
0.000000000000000000e+00 4.927083333333333592e-01 2.203703703703703831e-01 1.458333333333333356e-02 4.074074074074074403e-02
0.000000000000000000e+00 4.171874999999999889e-01 3.273148148148148362e-01 2.604166666666666782e-02 4.351851851851851888e-02
0.000000000000000000e+00 4.411458333333333481e-01 3.129629629629629428e-01 2.500000000000000139e-02 6.481481481481481122e-02
0.000000000000000000e+00 4.075520833333333148e-01 3.564814814814814548e-01 2.968749999999999861e-02 1.296296296296296259e-02
0.000000000000000000e+00 3.973958333333333370e-01 3.870370370370370128e-01 2.916666666666666713e-02 1.666666666666666644e-02
0.000000000000000000e+00 3.703124999999999889e-01 4.060185185185185008e-01 2.395833333333333495e-02 2.685185185185185244e-02
0.000000000000000000e+00 3.398437500000000000e-01 4.222222222222222210e-01 3.177083333333333148e-02 2.407407407407407413e-02
0.000000000000000000e+00 3.427083333333333370e-01 3.351851851851851971e-01 1.874999999999999931e-02 3.888888888888888951e-02
0.000000000000000000e+00 3.419270833333333259e-01 3.875000000000000111e-01 3.072916666666666505e-02 2.685185185185185244e-02
0.000000000000000000e+00 2.606770833333333370e-01 3.726851851851851749e-01 1.927083333333333426e-02 8.425925925925925597e-02
0.000000000000000000e+00 2.833333333333333259e-01 3.833333333333333592e-01 2.604166666666666782e-02 4.259259259259259162e-02
0.000000000000000000e+00 2.760416666666666852e-01 4.240740740740740478e-01 2.812500000000000069e-02 1.851851851851851749e-02
0.000000000000000000e+00 2.867187500000000222e-01 4.546296296296296058e-01 3.281250000000000139e-02 2.222222222222222307e-02
0.000000000000000000e+00 2.294270833333333370e-01 4.291666666666666408e-01 1.927083333333333426e-02 2.870370370370370350e-02
0.000000000000000000e+00 1.888020833333333426e-01 4.476851851851851860e-01 3.385416666666666435e-02 5.648148148148147973e-02
0.000000000000000000e+00 1.434895833333333370e-01 4.782407407407407440e-01 2.239583333333333356e-02 4.907407407407407551e-02
0.000000000000000000e+00 1.622395833333333259e-01 4.694444444444444420e-01 1.510416666666666678e-02 3.148148148148147835e-02
0.000000000000000000e+00 1.223958333333333287e-01 5.027777777777777679e-01 1.770833333333333287e-02 4.259259259259259162e-02
0.000000000000000000e+00 1.328124999999999965e-02 5.504629629629629317e-01 2.552083333333333287e-02 8.425925925925925597e-02
0.000000000000000000e+00 4.192708333333333010e-02 5.629629629629629983e-01 3.385416666666666435e-02 3.333333333333333287e-02
0.000000000000000000e+00 7.031250000000000000e-02 5.467592592592592782e-01 2.604166666666666782e-02 2.870370370370370350e-02
0.000000000000000000e+00 9.192708333333333981e-02 5.254629629629629095e-01 1.093749999999999931e-02 1.944444444444444475e-02
0.000000000000000000e+00 1.229166666666666602e-01 5.486111111111111605e-01 2.395833333333333495e-02 3.796296296296296224e-02
0.000000000000000000e+00 1.434895833333333370e-01 5.439814814814815103e-01 1.406250000000000035e-02 2.500000000000000139e-02
0.000000000000000000e+00 9.765625000000000000e-02 5.643518518518518823e-01 2.447916666666666644e-02 1.759259259259259370e-02
0.000000000000000000e+00 7.552083333333332871e-02 5.847222222222222543e-01 2.187499999999999861e-02 2.870370370370370350e-02
0.000000000000000000e+00 5.000000000000000278e-02 5.981481481481480955e-01 3.229166666666666990e-02 2.407407407407407413e-02
