0.000000000000000000e+00 4.689999999999999725e-01 5.465465465465465522e-01 2.599999999999999881e-02 3.603603603603603572e-02
0.000000000000000000e+00 5.669999999999999485e-01 4.369369369369369149e-01 1.799999999999999864e-02 2.702702702702702853e-02
0.000000000000000000e+00 5.869999999999999662e-01 4.399399399399399613e-01 1.400000000000000029e-02 2.102102102102102257e-02
0.000000000000000000e+00 6.049999999999999822e-01 4.264264264264264193e-01 2.199999999999999872e-02 5.405405405405405705e-02
0.000000000000000000e+00 7.109999999999999654e-01 5.105105105105105512e-01 7.799999999999999989e-02 4.204204204204204515e-02
0.000000000000000000e+00 8.219999999999999529e-01 5.255255255255255609e-01 5.600000000000000117e-02 7.207207207207207145e-02
0.000000000000000000e+00 6.610000000000000320e-01 4.804804804804804763e-01 2.599999999999999881e-02 2.402402402402402382e-02
0.000000000000000000e+00 6.840000000000000524e-01 5.540540540540540571e-01 1.600000000000000033e-02 3.303303303303303101e-02
0.000000000000000000e+00 7.019999999999999574e-01 5.690690690690690667e-01 2.400000000000000050e-02 1.501501501501501488e-02
0.000000000000000000e+00 7.309999999999999831e-01 5.570570570570571034e-01 2.599999999999999881e-02 2.102102102102102257e-02
