0.000000000000000000e+00 8.502415458937198078e-01 8.059006211180124168e-01 5.797101449275362389e-02 1.552795031055900499e-01
0.000000000000000000e+00 7.608695652173913526e-01 2.003105590062111696e-01 1.980676328502415373e-01 8.074534161490683204e-02
0.000000000000000000e+00 3.623188405797101441e-01 2.965838509316769955e-01 5.797101449275362389e-02 4.037267080745341602e-02
0.000000000000000000e+00 2.874396135265700480e-01 3.967391304347825942e-01 2.898550724637681195e-02 4.503105590062111974e-02
0.000000000000000000e+00 3.502415458937198078e-01 4.712732919254658537e-01 5.314009661835748799e-02 2.950310559006211197e-02
0.000000000000000000e+00 2.198067632850241593e-01 8.307453416149068737e-01 3.381642512077294438e-02 9.316770186335403270e-02
0.000000000000000000e+00 1.533816425120772819e-01 8.812111801242236142e-01 3.140096618357487990e-02 7.298136645962732816e-02
0.000000000000000000e+00 3.514492753623188470e-01 8.680124223602484479e-01 5.072463768115942351e-02 2.484472049689440826e-02
0.000000000000000000e+00 3.538647342995169254e-01 7.950310559006210642e-01 4.106280193236715170e-02 1.863354037267080793e-02
0.000000000000000000e+00 2.886473429951690872e-01 6.816770186335403547e-01 2.657004830917874399e-02 3.105590062111801206e-02
0.000000000000000000e+00 7.246376811594202882e-01 6.149068322981366963e-01 4.830917874396135209e-02 3.416149068322981569e-02
0.000000000000000000e+00 5.809178743961352920e-01 8.664596273291925721e-01 3.140096618357487990e-02 2.173913043478260809e-02
0.000000000000000000e+00 5.905797101449274944e-01 9.736024844720496674e-01 3.140096618357487990e-02 1.863354037267080793e-02
0.000000000000000000e+00 3.393719806763285107e-01 6.878881987577639689e-01 2.173913043478260809e-02 2.484472049689440826e-02
