0.000000000000000000e+00 3.662500000000000200e-01 4.661654135338345606e-01 4.750000000000000056e-02 1.052631578947368363e-01
0.000000000000000000e+00 4.949999999999999956e-01 5.620300751879698797e-01 2.200000000000000011e-01 2.067669172932330712e-01
0.000000000000000000e+00 6.324999999999999512e-01 6.296992481203007586e-01 5.000000000000000278e-02 6.390977443609022202e-02
0.000000000000000000e+00 6.925000000000000044e-01 6.127819548872180944e-01 5.999999999999999778e-02 6.015037593984962072e-02
0.000000000000000000e+00 7.099999999999999645e-01 4.417293233082706938e-01 9.500000000000000111e-02 8.646616541353382979e-02
0.000000000000000000e+00 7.937499999999999556e-01 4.436090225563909528e-01 6.250000000000000000e-02 9.022556390977443108e-02
0.000000000000000000e+00 7.437500000000000222e-01 3.383458646616541166e-01 5.249999999999999806e-02 1.278195488721804440e-01
0.000000000000000000e+00 5.837499999999999911e-01 1.071428571428571369e-01 9.249999999999999889e-02 1.466165413533834505e-01
0.000000000000000000e+00 5.350000000000000311e-01 3.383458646616541166e-02 8.000000000000000167e-02 6.015037593984962072e-02
0.000000000000000000e+00 6.225000000000000533e-01 2.236842105263157909e-01 3.500000000000000333e-02 8.646616541353382979e-02
0.000000000000000000e+00 5.150000000000000133e-01 4.266917293233082886e-01 5.500000000000000028e-02 7.142857142857142461e-02
0.000000000000000000e+00 4.437499999999999778e-01 4.323308270676691767e-01 5.249999999999999806e-02 6.015037593984962072e-02
