0.000000000000000000e+00 1.301020408163265363e-01 2.572964669738863064e-01 7.448979591836735192e-02 1.766513056835637419e-01
0.000000000000000000e+00 6.239795918367346816e-01 9.062980030721966285e-02 4.387755102040816202e-02 9.523809523809523281e-02
0.000000000000000000e+00 6.551020408163265030e-01 1.904761904761904656e-01 5.102040816326530726e-02 1.781874039938556031e-01
0.000000000000000000e+00 6.346938775510203579e-01 2.956989247311828106e-01 4.693877551020408240e-02 5.069124423963133896e-02
0.000000000000000000e+00 7.056122448979591510e-01 6.213517665130567913e-01 5.408163265306122763e-02 6.605222734254992401e-02
0.000000000000000000e+00 7.392857142857143238e-01 5.668202764976958408e-01 3.163265306122448745e-02 6.451612903225806273e-02
0.000000000000000000e+00 7.658163265306122680e-01 4.185867895545314910e-01 2.551020408163265363e-02 5.376344086021505458e-02
0.000000000000000000e+00 7.372448979591836871e-01 7.012288786482334668e-01 4.591836734693877792e-02 9.062980030721966285e-02
0.000000000000000000e+00 7.683673469387755084e-01 6.528417818740399614e-01 4.489795918367346650e-02 8.294930875576037033e-02
0.000000000000000000e+00 7.637755102040816313e-01 7.918586789554531435e-01 3.163265306122448745e-02 1.336405529953917093e-01
0.000000000000000000e+00 7.933673469387755306e-01 7.304147465437788034e-01 4.591836734693877792e-02 1.121351766513056791e-01
0.000000000000000000e+00 8.112244897959183243e-01 6.582181259600614620e-01 3.469387755102040782e-02 5.683563748079877020e-02
0.000000000000000000e+00 8.244897959183673519e-01 9.262672811059907696e-01 4.489795918367346650e-02 9.831029185867895537e-02
0.000000000000000000e+00 8.566326530612244916e-01 8.863287250384024318e-01 3.979591836734693716e-02 8.909370199692780157e-02
0.000000000000000000e+00 7.923469387755102122e-01 8.725038402457757636e-01 1.938775510204081634e-02 1.013824884792626779e-01
0.000000000000000000e+00 8.193877551020408712e-01 8.302611367127495923e-01 4.285714285714285754e-02 8.755760368663594029e-02
