0.000000000000000000e+00 4.351562500000000222e-01 5.052083333333333703e-01 9.843749999999999722e-02 1.215277777777777762e-01
0.000000000000000000e+00 5.085937499999999556e-01 5.312500000000000000e-01 3.906250000000000000e-02 1.250000000000000000e-01
0.000000000000000000e+00 4.890625000000000111e-01 4.409722222222222099e-01 3.125000000000000000e-02 8.333333333333332871e-02
0.000000000000000000e+00 5.828124999999999556e-01 5.607638888888888395e-01 4.374999999999999722e-02 5.902777777777777624e-02
0.000000000000000000e+00 7.195312499999999556e-01 1.927083333333333426e-01 8.593750000000000000e-02 2.465277777777777901e-01
0.000000000000000000e+00 6.859374999999999778e-01 5.190972222222222099e-01 5.000000000000000278e-02 9.375000000000000000e-02
0.000000000000000000e+00 7.648437500000000444e-01 5.451388888888888395e-01 2.968749999999999861e-02 6.250000000000000000e-02
0.000000000000000000e+00 8.273437500000000444e-01 5.399305555555555802e-01 4.531249999999999861e-02 7.986111111111110494e-02
0.000000000000000000e+00 9.015625000000000444e-01 5.607638888888888395e-01 1.031249999999999944e-01 7.291666666666667129e-02
0.000000000000000000e+00 8.734374999999999778e-01 4.392361111111111049e-01 8.749999999999999445e-02 1.423611111111111049e-01
