0.000000000000000000e+00 2.162499999999999978e-01 2.449392712550607365e-01 3.250000000000000111e-02 1.578947368421052544e-01
0.000000000000000000e+00 2.487499999999999989e-01 3.744939271255060542e-01 4.750000000000000056e-02 8.502024291497975450e-02
0.000000000000000000e+00 4.774999999999999800e-01 2.753036437246963453e-01 1.350000000000000089e-01 1.862348178137651911e-01
0.000000000000000000e+00 3.175000000000000044e-01 5.769230769230768718e-01 3.500000000000000333e-02 1.578947368421052544e-01
0.000000000000000000e+00 4.099999999999999756e-01 6.133603238866396357e-01 8.000000000000000167e-02 1.497975708502024272e-01
0.000000000000000000e+00 6.075000000000000400e-01 5.364372469635627638e-01 1.449999999999999900e-01 2.550607287449392913e-01
0.000000000000000000e+00 7.862500000000000044e-01 2.085020242914979727e-01 3.325000000000000178e-01 4.089068825910930904e-01
0.000000000000000000e+00 7.487500000000000266e-01 5.020242914979756721e-01 1.325000000000000067e-01 1.700404858299595090e-01
0.000000000000000000e+00 7.562499999999999778e-01 7.267206477732793823e-01 6.250000000000000000e-02 8.502024291497975450e-02
0.000000000000000000e+00 8.687500000000000222e-01 6.437246963562752722e-01 6.750000000000000444e-02 1.457489878542509998e-01
0.000000000000000000e+00 9.200000000000000400e-01 4.655870445344129638e-01 5.999999999999999778e-02 1.133603238866396773e-01
0.000000000000000000e+00 9.799999999999999822e-01 1.639676113360323817e-01 4.000000000000000083e-02 2.955465587044534548e-01
0.000000000000000000e+00 6.437500000000000444e-01 8.380566801619433459e-01 8.250000000000000389e-02 8.906882591093116808e-02
0.000000000000000000e+00 8.112500000000000266e-01 8.340080971659918907e-01 5.249999999999999806e-02 4.858299595141700455e-02
0.000000000000000000e+00 5.699999999999999512e-01 7.044534412955465452e-01 9.500000000000000111e-02 8.097165991902834092e-02
0.000000000000000000e+00 6.712500000000000133e-01 7.408906882591093090e-01 9.249999999999999889e-02 7.287449392712549989e-02
0.000000000000000000e+00 4.774999999999999800e-01 7.226720647773279271e-01 6.500000000000000222e-02 6.072874493927125222e-02
