0.000000000000000000e+00 3.499999999999999778e-01 5.124555160142348909e-01 4.800000000000000100e-02 2.064056939501779375e-01
0.000000000000000000e+00 4.000000000000000222e-01 5.177935943060498758e-01 5.199999999999999761e-02 1.957295373665480509e-01
0.000000000000000000e+00 3.529999999999999805e-01 6.939501779359430467e-01 3.400000000000000244e-02 1.209964412811387890e-01
0.000000000000000000e+00 4.289999999999999925e-01 7.669039145907473598e-01 3.400000000000000244e-02 1.886120996441281172e-01
0.000000000000000000e+00 4.909999999999999920e-01 5.658362989323842962e-01 6.600000000000000311e-02 2.989323843416369919e-01
0.000000000000000000e+00 5.809999999999999609e-01 5.160142348754448438e-01 4.200000000000000261e-02 1.138790035587188554e-01
0.000000000000000000e+00 4.799999999999999822e-01 7.544483985765124689e-01 4.800000000000000100e-02 7.117437722419929502e-02
0.000000000000000000e+00 4.759999999999999787e-01 8.078291814946618743e-01 3.599999999999999728e-02 4.982206405693950096e-02
0.000000000000000000e+00 4.979999999999999982e-01 8.469750889679715788e-01 4.399999999999999745e-02 2.846975088967971385e-02
0.000000000000000000e+00 9.799999999999999822e-01 6.565836298932384851e-01 4.000000000000000083e-02 8.896797153024911531e-02
