0.000000000000000000e+00 3.340000000000000191e-01 4.219219219219219053e-01 2.000000000000000042e-02 2.702702702702702853e-02
0.000000000000000000e+00 3.519999999999999796e-01 4.054054054054054279e-01 1.200000000000000025e-02 1.801801801801801786e-02
0.000000000000000000e+00 3.709999999999999964e-01 3.858858858858859042e-01 1.799999999999999864e-02 2.102102102102102257e-02
0.000000000000000000e+00 3.180000000000000049e-01 4.519519519519519246e-01 1.600000000000000033e-02 2.702702702702702853e-02
0.000000000000000000e+00 3.019999999999999907e-01 4.864864864864865135e-01 1.600000000000000033e-02 4.204204204204204515e-02
0.000000000000000000e+00 3.170000000000000040e-01 5.105105105105105512e-01 1.400000000000000029e-02 1.801801801801801786e-02
0.000000000000000000e+00 3.549999999999999822e-01 5.255255255255255609e-01 5.399999999999999939e-02 1.801801801801801786e-02
0.000000000000000000e+00 4.089999999999999747e-01 5.210210210210209913e-01 4.200000000000000261e-02 2.702702702702702853e-02
0.000000000000000000e+00 4.530000000000000138e-01 5.210210210210209913e-01 3.400000000000000244e-02 2.102102102102102257e-02
0.000000000000000000e+00 4.809999999999999831e-01 5.120120120120119633e-01 2.199999999999999872e-02 2.702702702702702853e-02
0.000000000000000000e+00 6.850000000000000533e-01 5.225225225225225145e-01 3.400000000000000244e-02 2.402402402402402382e-02
0.000000000000000000e+00 7.059999999999999609e-01 4.969969969969970092e-01 1.600000000000000033e-02 2.102102102102102257e-02
0.000000000000000000e+00 7.510000000000000009e-01 5.045045045045044585e-01 2.199999999999999872e-02 1.801801801801801786e-02
0.000000000000000000e+00 7.860000000000000320e-01 4.984984984984984768e-01 3.599999999999999728e-02 1.801801801801801786e-02
0.000000000000000000e+00 8.820000000000000062e-01 4.699699699699699806e-01 4.399999999999999745e-02 5.105105105105105234e-02
0.000000000000000000e+00 8.369999999999999662e-01 5.630630630630630851e-01 2.199999999999999872e-02 2.702702702702702853e-02
0.000000000000000000e+00 7.059999999999999609e-01 6.681681681681681528e-01 2.800000000000000058e-02 4.504504504504504292e-02
0.000000000000000000e+00 7.299999999999999822e-01 6.531531531531531432e-01 2.000000000000000042e-02 6.906906906906906674e-02
0.000000000000000000e+00 7.710000000000000187e-01 6.126126126126125726e-01 5.399999999999999939e-02 3.603603603603603572e-02
0.000000000000000000e+00 8.179999999999999494e-01 6.171171171171171421e-01 4.000000000000000083e-02 1.501501501501501488e-02
0.000000000000000000e+00 8.499999999999999778e-01 6.276276276276275823e-01 2.400000000000000050e-02 1.201201201201201191e-02
0.000000000000000000e+00 8.739999999999999991e-01 6.411411411411411798e-01 2.000000000000000042e-02 2.102102102102102257e-02
0.000000000000000000e+00 8.990000000000000213e-01 6.546546546546546663e-01 2.599999999999999881e-02 1.801801801801801786e-02
0.000000000000000000e+00 9.230000000000000426e-01 5.870870870870871228e-01 2.599999999999999881e-02 3.303303303303303101e-02
0.000000000000000000e+00 9.459999999999999520e-01 5.975975975975975629e-01 1.200000000000000025e-02 2.402402402402402382e-02
