0.000000000000000000e+00 3.802083333333333148e-01 5.000000000000000000e-01 2.708333333333333426e-02 3.518518518518518740e-02
0.000000000000000000e+00 2.932291666666666519e-01 5.416666666666666297e-01 1.250000000000000069e-02 3.518518518518518740e-02
0.000000000000000000e+00 2.843749999999999889e-01 5.648148148148147696e-01 2.083333333333333218e-02 2.222222222222222307e-02
0.000000000000000000e+00 3.526041666666666630e-01 4.564814814814814881e-01 1.874999999999999931e-02 1.666666666666666644e-02
0.000000000000000000e+00 3.677083333333333592e-01 5.388888888888888618e-01 2.395833333333333495e-02 1.481481481481481538e-02
0.000000000000000000e+00 4.195312500000000222e-01 4.865740740740740478e-01 1.406250000000000035e-02 3.425925925925926013e-02
0.000000000000000000e+00 4.895833333333333148e-01 4.268518518518518712e-01 7.291666666666666782e-03 4.444444444444444614e-02
0.000000000000000000e+00 6.218749999999999556e-01 6.958333333333333037e-01 1.354166666666666713e-02 5.833333333333333426e-02
0.000000000000000000e+00 6.252604166666666519e-01 6.449074074074073737e-01 2.239583333333333356e-02 3.055555555555555455e-02
0.000000000000000000e+00 9.283854166666666297e-01 7.203703703703703276e-01 2.135416666666666713e-02 2.037037037037037202e-02
0.000000000000000000e+00 2.617187500000000000e-01 2.222222222222222099e-01 1.406250000000000035e-02 3.703703703703703498e-02
