0.000000000000000000e+00 6.233333333333332948e-01 5.949999999999999734e-01 2.444444444444444572e-02 4.000000000000000083e-02
0.000000000000000000e+00 6.700000000000000400e-01 6.058333333333333348e-01 7.333333333333333370e-02 2.500000000000000139e-02
0.000000000000000000e+00 6.500000000000000222e-01 6.616666666666666252e-01 9.111111111111111494e-02 1.666666666666666644e-02
0.000000000000000000e+00 7.811111111111110894e-01 6.158333333333333437e-01 2.444444444444444572e-02 2.166666666666666741e-02
0.000000000000000000e+00 8.066666666666666430e-01 6.149999999999999911e-01 2.666666666666666838e-02 2.666666666666666838e-02
0.000000000000000000e+00 8.244444444444444242e-01 5.458333333333332815e-01 1.333333333333333419e-02 5.166666666666666630e-02
0.000000000000000000e+00 8.588888888888889239e-01 5.699999999999999512e-01 4.222222222222222349e-02 1.333333333333333419e-02
0.000000000000000000e+00 9.088888888888888573e-01 5.791666666666667185e-01 1.777777777777777776e-02 2.500000000000000139e-02
0.000000000000000000e+00 8.377777777777777324e-01 6.766666666666666385e-01 1.466666666666666674e-01 2.000000000000000042e-02
0.000000000000000000e+00 9.100000000000000311e-01 6.541666666666666741e-01 1.111111111111111154e-02 1.833333333333333343e-02
