0.000000000000000000e+00 4.408854166666666408e-01 3.875000000000000111e-01 3.489583333333333426e-02 1.324074074074074181e-01
0.000000000000000000e+00 4.674479166666666852e-01 4.754629629629629761e-01 4.635416666666666852e-02 1.712962962962963076e-01
0.000000000000000000e+00 4.721354166666666408e-01 3.708333333333333481e-01 3.072916666666666505e-02 5.462962962962963215e-02
0.000000000000000000e+00 5.124999999999999556e-01 5.430555555555555136e-01 3.437500000000000278e-02 7.129629629629630205e-02
0.000000000000000000e+00 5.247395833333333703e-01 6.282407407407407662e-01 3.906250000000000000e-02 9.722222222222222376e-02
0.000000000000000000e+00 4.888020833333333592e-01 6.449074074074073737e-01 3.385416666666666435e-02 4.537037037037037340e-02
0.000000000000000000e+00 4.770833333333333592e-01 7.115740740740740256e-01 4.270833333333333426e-02 6.574074074074073848e-02
0.000000000000000000e+00 4.591145833333333259e-01 8.421296296296296724e-01 1.302083333333333391e-02 1.027777777777777735e-01
0.000000000000000000e+00 3.940104166666666408e-01 7.703703703703703720e-01 2.968749999999999861e-02 5.370370370370370489e-02
0.000000000000000000e+00 3.718750000000000111e-01 8.069444444444444642e-01 2.291666666666666505e-02 4.537037037037037340e-02
0.000000000000000000e+00 3.968749999999999778e-01 8.375000000000000222e-01 2.812500000000000069e-02 4.907407407407407551e-02
0.000000000000000000e+00 4.317708333333333259e-01 9.027777777777777901e-01 3.854166666666666852e-02 5.000000000000000278e-02
0.000000000000000000e+00 4.291666666666666408e-01 8.462962962962963243e-01 2.500000000000000139e-02 5.370370370370370489e-02
0.000000000000000000e+00 4.046874999999999778e-01 4.245370370370370461e-01 1.562500000000000000e-02 6.203703703703703637e-02
