0.000000000000000000e+00 7.236842105263158187e-02 2.747035573122529883e-01 8.684210526315790102e-02 1.304347826086956486e-01
0.000000000000000000e+00 1.355263157894736892e-01 3.853754940711462407e-01 1.078947368421052655e-01 2.015810276679841917e-01
0.000000000000000000e+00 2.486842105263157854e-01 3.438735177865612780e-01 6.578947368421052266e-02 2.292490118577075187e-01
0.000000000000000000e+00 3.078947368421052766e-01 2.687747035573122556e-01 5.789473684210526272e-02 7.114624505928854314e-02
0.000000000000000000e+00 3.605263157894736947e-01 2.490118577075098871e-01 5.789473684210526272e-02 9.486166007905137698e-02
0.000000000000000000e+00 1.960526315789473673e-01 3.438735177865612780e-01 4.473684210526315819e-02 1.501976284584980170e-01
0.000000000000000000e+00 2.973684210526315597e-01 3.814229249011857892e-01 3.157894736842105365e-02 1.146245059288537593e-01
0.000000000000000000e+00 3.447368421052631748e-01 3.517786561264822365e-01 5.789473684210526272e-02 7.114624505928854314e-02
0.000000000000000000e+00 1.394736842105263053e-01 7.252964426877470672e-01 4.210526315789473589e-02 3.557312252964427157e-02
0.000000000000000000e+00 1.986842105263157965e-01 7.371541501976284216e-01 2.894736842105263136e-02 3.557312252964427157e-02
