0.000000000000000000e+00 6.777777777777778123e-01 8.361204013377926403e-02 1.866666666666666752e-01 1.605351170568561914e-01
0.000000000000000000e+00 6.655555555555555669e-01 2.307692307692307820e-01 1.044444444444444509e-01 1.204013377926421435e-01
0.000000000000000000e+00 6.933333333333333570e-01 3.595317725752508187e-01 1.333333333333333315e-01 1.571906354515050230e-01
0.000000000000000000e+00 7.155555555555555003e-01 5.100334448160535050e-01 1.066666666666666735e-01 1.505016722408026864e-01
0.000000000000000000e+00 7.688888888888888440e-01 6.237458193979933396e-01 5.777777777777777513e-02 7.023411371237457679e-02
0.000000000000000000e+00 4.477777777777777746e-01 7.090301003344481323e-01 5.111111111111111410e-02 1.270903010033444802e-01
0.000000000000000000e+00 3.777777777777777679e-01 8.193979933110367986e-01 8.000000000000000167e-02 1.003344481605351196e-01
0.000000000000000000e+00 4.066666666666666763e-01 7.140468227424748848e-01 3.111111111111111022e-02 9.698996655518395127e-02
0.000000000000000000e+00 2.944444444444444531e-01 7.842809364548495310e-01 3.777777777777777818e-02 9.030100334448160071e-02
0.000000000000000000e+00 3.522222222222222143e-01 6.939799331103678748e-01 2.444444444444444572e-02 4.347826086956521618e-02
0.000000000000000000e+00 4.544444444444444287e-01 8.193979933110367986e-01 2.888888888888888756e-02 7.357859531772575901e-02
0.000000000000000000e+00 8.444444444444444420e-01 7.140468227424748848e-01 4.444444444444444614e-02 5.685618729096989649e-02
