0.000000000000000000e+00 4.245454545454545592e-01 4.075067024128686266e-01 1.290909090909090895e-01 1.876675603217158039e-01
0.000000000000000000e+00 3.709090909090909105e-01 5.482573726541555281e-01 4.727272727272727182e-02 1.152815013404825673e-01
0.000000000000000000e+00 4.372727272727272574e-01 5.509383378016086130e-01 5.636363636363636576e-02 9.919571045576407176e-02
0.000000000000000000e+00 2.054545454545454453e-01 6.367292225201072187e-01 5.818181818181818177e-02 1.260053619302949068e-01
0.000000000000000000e+00 1.100000000000000006e-01 6.260053619302948791e-01 2.000000000000000042e-02 7.774798927613940647e-02
0.000000000000000000e+00 2.963636363636363846e-01 7.868632707774798618e-01 6.545454545454545969e-02 4.021447721179624568e-02
0.000000000000000000e+00 3.272727272727272707e-01 7.560321715817693855e-01 1.818181818181818094e-02 3.753351206434316079e-02
0.000000000000000000e+00 3.790909090909090895e-01 7.560321715817693855e-01 3.454545454545454586e-02 8.042895442359249136e-02
0.000000000000000000e+00 4.636363636363636243e-01 7.520107238605897582e-01 1.018181818181818216e-01 8.847184986595174605e-02
0.000000000000000000e+00 5.172727272727272174e-01 6.970509383378016288e-01 3.454545454545454586e-02 8.579088471849866115e-02
0.000000000000000000e+00 5.590909090909090828e-01 6.420911528150133885e-01 5.999999999999999778e-02 4.021447721179624568e-02
0.000000000000000000e+00 5.627272727272727426e-01 7.278820375335121051e-01 6.727272727272727570e-02 2.412868632707774671e-02
0.000000000000000000e+00 5.472727272727272441e-01 7.855227882037533194e-01 5.090909090909091078e-02 2.144772117962466529e-02
0.000000000000000000e+00 6.609090909090908905e-01 7.211796246648793929e-01 2.363636363636363591e-02 1.501340482573726431e-01
0.000000000000000000e+00 7.336363636363636420e-01 7.680965147453082675e-01 2.727272727272727140e-02 5.630026809651474812e-02
0.000000000000000000e+00 7.736363636363636775e-01 7.895442359249329467e-01 2.727272727272727140e-02 5.093833780160857833e-02
0.000000000000000000e+00 9.072727272727272307e-01 8.270777479892761352e-01 5.454545454545454281e-02 8.310991957104557626e-02
0.000000000000000000e+00 8.509090909090909483e-01 8.029490616621983712e-01 3.272727272727272985e-02 5.630026809651474812e-02
0.000000000000000000e+00 6.881818181818182278e-01 7.386058981233244447e-01 1.272727272727272770e-02 1.260053619302949068e-01
0.000000000000000000e+00 7.063636363636364157e-01 7.546916890080428431e-01 9.090909090909090468e-03 7.774798927613940647e-02
0.000000000000000000e+00 5.618181818181817722e-01 6.916890080428954590e-01 2.545454545454545539e-02 3.217158176943699793e-02
