0.000000000000000000e+00 8.179999999999999494e-01 3.360000000000000209e-01 2.400000000000000050e-02 1.600000000000000033e-01
0.000000000000000000e+00 8.449999999999999734e-01 5.879999999999999671e-01 3.400000000000000244e-02 1.626666666666666539e-01
0.000000000000000000e+00 8.519999999999999796e-01 7.600000000000000089e-01 2.400000000000000050e-02 1.013333333333333308e-01
0.000000000000000000e+00 8.509999999999999787e-01 8.653333333333332877e-01 1.799999999999999864e-02 8.799999999999999489e-02
0.000000000000000000e+00 3.270000000000000129e-01 9.386666666666666492e-01 4.200000000000000261e-02 1.120000000000000023e-01
0.000000000000000000e+00 3.619999999999999885e-01 9.053333333333333233e-01 2.800000000000000058e-02 5.066666666666666541e-02
0.000000000000000000e+00 4.959999999999999964e-01 9.240000000000000435e-01 2.800000000000000058e-02 4.000000000000000083e-02
0.000000000000000000e+00 5.809999999999999609e-01 9.080000000000000293e-01 8.599999999999999312e-02 4.000000000000000083e-02
0.000000000000000000e+00 5.240000000000000213e-01 9.253333333333333410e-01 2.400000000000000050e-02 1.600000000000000033e-02
0.000000000000000000e+00 5.869999999999999662e-01 9.706666666666666776e-01 8.200000000000000344e-02 5.866666666666666557e-02
0.000000000000000000e+00 6.870000000000000551e-01 9.786666666666666847e-01 4.200000000000000261e-02 4.266666666666666524e-02
