0.000000000000000000e+00 4.327272727272727382e-01 8.789346246973365195e-01 4.000000000000000083e-02 8.716707021791766929e-02
0.000000000000000000e+00 4.690909090909091139e-01 8.292978208232445470e-01 4.727272727272727182e-02 8.474576271186440302e-02
0.000000000000000000e+00 4.963636363636363402e-01 9.564164648910411515e-01 4.000000000000000083e-02 5.811138014527845314e-02
0.000000000000000000e+00 4.690909090909091139e-01 9.854721549636803468e-01 3.636363636363636187e-02 2.905569007263922657e-02
0.000000000000000000e+00 5.481818181818182145e-01 8.292978208232445470e-01 1.636363636363636492e-02 9.443099273607748201e-02
0.000000000000000000e+00 5.618181818181817722e-01 8.958837772397094668e-01 3.272727272727272985e-02 4.842615012106537414e-02
0.000000000000000000e+00 8.863636363636363535e-01 6.815980629539951652e-01 1.363636363636363535e-01 2.251815980629539860e-01
0.000000000000000000e+00 9.090909090909090606e-01 8.837772397094431076e-01 7.636363636363636964e-02 1.791767554479418989e-01
0.000000000000000000e+00 8.454545454545454586e-01 4.891041162227602879e-01 3.636363636363636187e-02 5.811138014527845314e-02
0.000000000000000000e+00 9.063636363636363713e-01 5.338983050847457834e-01 3.454545454545454586e-02 7.990314769975787046e-02
