0.000000000000000000e+00 5.799999999999999600e-01 5.255255255255255609e-01 7.199999999999999456e-02 1.681681681681681806e-01
0.000000000000000000e+00 5.000000000000000000e-01 3.228228228228228192e-01 3.599999999999999728e-02 7.507507507507507616e-02
0.000000000000000000e+00 5.310000000000000275e-01 2.687687687687687621e-01 2.599999999999999881e-02 4.504504504504504292e-02
0.000000000000000000e+00 5.300000000000000266e-01 4.039039039039039047e-01 2.000000000000000042e-02 8.108108108108108558e-02
0.000000000000000000e+00 5.520000000000000462e-01 4.189189189189189144e-01 1.600000000000000033e-02 5.105105105105105234e-02
0.000000000000000000e+00 5.540000000000000480e-01 6.516516516516516200e-01 3.599999999999999728e-02 1.081081081081081141e-01
0.000000000000000000e+00 5.649999999999999467e-01 7.717717717717718084e-01 3.400000000000000244e-02 1.261261261261261146e-01
0.000000000000000000e+00 5.390000000000000346e-01 7.837837837837837718e-01 3.400000000000000244e-02 1.441441441441441429e-01
0.000000000000000000e+00 5.949999999999999734e-01 7.582582582582582109e-01 1.799999999999999864e-02 5.105105105105105234e-02
0.000000000000000000e+00 4.309999999999999942e-01 8.423423423423422873e-01 2.199999999999999872e-02 5.105105105105105234e-02
0.000000000000000000e+00 4.869999999999999885e-01 8.438438438438438105e-01 2.999999999999999889e-02 4.204204204204204515e-02
0.000000000000000000e+00 6.290000000000000036e-01 8.513513513513513153e-01 3.400000000000000244e-02 5.105105105105105234e-02
0.000000000000000000e+00 6.610000000000000320e-01 8.408408408408408752e-01 1.400000000000000029e-02 4.204204204204204515e-02
