0.000000000000000000e+00 2.918660287081339955e-01 6.600000000000000311e-01 3.827751196172248654e-02 6.666666666666666574e-02
0.000000000000000000e+00 3.409090909090908839e-01 6.416666666666667185e-01 4.545454545454545581e-02 5.666666666666666380e-02
0.000000000000000000e+00 3.995215311004784442e-01 6.250000000000000000e-01 5.263157894736841813e-02 7.000000000000000666e-02
0.000000000000000000e+00 4.569377990430621983e-01 6.066666666666666874e-01 5.263157894736841813e-02 6.666666666666666574e-02
0.000000000000000000e+00 4.306220095693780170e-01 7.199999999999999734e-01 2.870813397129186664e-02 7.333333333333333370e-02
0.000000000000000000e+00 4.665071770334928147e-01 4.766666666666666829e-01 1.913875598086124327e-02 5.333333333333333676e-02
0.000000000000000000e+00 4.748803827751196249e-01 5.316666666666666208e-01 2.631578947368420907e-02 4.333333333333333481e-02
0.000000000000000000e+00 5.251196172248804306e-01 4.183333333333333348e-01 5.502392344497607918e-02 7.666666666666666075e-02
0.000000000000000000e+00 5.035885167464114742e-01 5.250000000000000222e-01 2.153110047846890085e-02 2.999999999999999889e-02
0.000000000000000000e+00 5.059808612440190867e-01 6.116666666666666918e-01 3.588516746411483244e-02 1.100000000000000006e-01
0.000000000000000000e+00 5.622009569377990346e-01 6.166666666666666963e-01 5.741626794258373329e-02 7.333333333333333370e-02
0.000000000000000000e+00 6.686602870813397326e-01 4.633333333333333193e-01 5.980861244019138739e-02 1.333333333333333315e-01
0.000000000000000000e+00 7.356459330143541031e-01 5.250000000000000222e-01 7.894736842105262720e-02 9.666666666666666463e-02
0.000000000000000000e+00 7.691387559808612329e-01 5.683333333333333570e-01 4.545454545454545581e-02 7.666666666666666075e-02
0.000000000000000000e+00 6.650717703349282584e-01 3.183333333333333570e-01 3.827751196172248654e-02 1.633333333333333304e-01
0.000000000000000000e+00 7.380382775119617156e-01 6.966666666666666563e-01 6.937799043062201076e-02 1.400000000000000133e-01
0.000000000000000000e+00 8.026315789473684736e-01 6.833333333333333481e-01 5.023923444976076402e-02 8.666666666666666963e-02
0.000000000000000000e+00 8.552631578947368363e-01 7.199999999999999734e-01 4.066985645933014065e-02 5.999999999999999778e-02
0.000000000000000000e+00 8.552631578947368363e-01 7.816666666666666208e-01 3.110047846889952075e-02 3.666666666666666685e-02
0.000000000000000000e+00 6.459330143540670255e-01 6.116666666666666918e-01 8.612440191387560340e-02 9.666666666666666463e-02
