0.000000000000000000e+00 4.291666666666666408e-01 4.864048338368580082e-01 3.333333333333333287e-02 4.833836858006042292e-02
0.000000000000000000e+00 4.572916666666666519e-01 5.317220543806646660e-01 1.062499999999999972e-01 3.625377643504532066e-02
0.000000000000000000e+00 4.916666666666666408e-01 3.444108761329305324e-01 3.333333333333333287e-02 6.646525679758308325e-02
0.000000000000000000e+00 5.020833333333333259e-01 4.063444108761329332e-01 7.916666666666666297e-02 4.531722054380664388e-02
0.000000000000000000e+00 5.083333333333333037e-01 4.712990936555891408e-01 4.166666666666666435e-02 7.854984894259818551e-02
0.000000000000000000e+00 5.229166666666666963e-01 5.347432024169184173e-01 2.083333333333333218e-02 3.625377643504532066e-02
0.000000000000000000e+00 5.635416666666667185e-01 5.392749244712990997e-01 3.541666666666666574e-02 5.135951661631420195e-02
0.000000000000000000e+00 5.572916666666666297e-01 4.592145015105740247e-01 5.625000000000000139e-02 6.646525679758308325e-02
0.000000000000000000e+00 5.791666666666667185e-01 3.519637462235649661e-01 5.416666666666666852e-02 6.344410876132930421e-02
0.000000000000000000e+00 6.031250000000000222e-01 4.199395770392749250e-01 7.291666666666667129e-02 7.250755287009064132e-02
0.000000000000000000e+00 6.010416666666666963e-01 4.939577039274924419e-01 3.541666666666666574e-02 7.552870090634440647e-02
