0.000000000000000000e+00 1.671656686626746546e-01 2.941176470588235392e-01 1.367265469061876293e-01 2.910216718266253610e-01
0.000000000000000000e+00 2.994011976047903922e-01 3.684210526315789269e-01 1.217564870259481014e-01 1.981424148606811264e-01
0.000000000000000000e+00 4.146706586826347518e-01 4.195046439628483115e-01 1.067864271457085873e-01 2.012383900928792491e-01
0.000000000000000000e+00 5.284431137724551197e-01 5.061919504643962453e-01 1.027944111776447067e-01 8.049535603715170240e-02
0.000000000000000000e+00 3.258483033932135786e-01 1.021671826625386997e-01 7.485029940119759806e-02 5.572755417956656160e-02
0.000000000000000000e+00 5.938123752495010343e-01 3.854489164086687403e-01 1.097804391217564873e-01 1.362229102167182571e-01
0.000000000000000000e+00 6.501996007984032211e-01 4.868421052631579093e-01 7.884231536926147865e-02 1.191950464396284853e-01
0.000000000000000000e+00 7.305389221556886081e-01 5.278637770897832704e-01 7.385229540918163138e-02 1.021671826625386997e-01
0.000000000000000000e+00 8.023952095808383200e-01 5.487616099071207509e-01 6.387225548902195071e-02 9.752321981424148800e-02
0.000000000000000000e+00 8.532934131736527039e-01 5.696594427244582315e-01 3.393213572854291565e-02 4.643962848297213813e-02
