0.000000000000000000e+00 3.310000000000000164e-01 4.968051118210862760e-01 7.799999999999999989e-02 7.987220447284344715e-02
0.000000000000000000e+00 3.729999999999999982e-01 5.702875399361022613e-01 3.799999999999999906e-02 1.054313099041533502e-01
0.000000000000000000e+00 4.779999999999999805e-01 6.597444089456868666e-01 2.400000000000000050e-02 8.626198083067092293e-02
0.000000000000000000e+00 7.139999999999999680e-01 6.549520766773162528e-01 4.399999999999999745e-02 9.584664536741213658e-02
0.000000000000000000e+00 8.649999999999999911e-01 5.575079872204472542e-01 2.999999999999999889e-02 7.348242811501597138e-02
0.000000000000000000e+00 9.739999999999999769e-01 7.523961661341852514e-01 2.400000000000000050e-02 2.236421725239616520e-02
0.000000000000000000e+00 1.390000000000000124e-01 7.316293929712459621e-01 3.799999999999999906e-02 4.472843450479233041e-02
0.000000000000000000e+00 1.360000000000000098e-01 7.811501597444089340e-01 2.400000000000000050e-02 2.875399361022364098e-02
0.000000000000000000e+00 1.849999999999999978e-01 8.578274760383386432e-01 2.999999999999999889e-02 2.875399361022364098e-02
0.000000000000000000e+00 3.170000000000000040e-01 8.162939297124600646e-01 2.999999999999999889e-02 4.153354632587859252e-02
0.000000000000000000e+00 2.449999999999999956e-01 9.376996805111821320e-01 1.799999999999999864e-02 6.070287539936101984e-02
0.000000000000000000e+00 2.230000000000000038e-01 7.012779552715654452e-01 3.400000000000000244e-02 3.514376996805111675e-02
0.000000000000000000e+00 2.419999999999999929e-01 7.252396166134185140e-01 3.599999999999999728e-02 1.916932907348242732e-02
0.000000000000000000e+00 2.670000000000000151e-01 7.476038338658147486e-01 1.799999999999999864e-02 2.555910543130990309e-02
0.000000000000000000e+00 2.489999999999999991e-01 7.747603833865814860e-01 1.400000000000000029e-02 2.875399361022364098e-02
