0.000000000000000000e+00 4.122222222222222121e-01 4.703557312252964473e-01 2.000000000000000042e-02 3.557312252964427157e-02
0.000000000000000000e+00 5.250000000000000222e-01 3.972332015810276507e-01 2.111111111111111174e-02 4.347826086956521618e-02
0.000000000000000000e+00 5.561111111111111116e-01 4.209486166007905261e-01 3.222222222222222154e-02 6.324110671936758465e-02
0.000000000000000000e+00 5.999999999999999778e-01 4.130434782608695676e-01 2.888888888888888756e-02 4.347826086956521618e-02
0.000000000000000000e+00 6.383333333333333082e-01 4.298418972332015975e-01 2.999999999999999889e-02 6.126482213438735197e-02
0.000000000000000000e+00 7.205555555555555047e-01 4.239130434782608647e-01 9.444444444444444198e-02 1.561264822134387220e-01
0.000000000000000000e+00 3.161111111111111205e-01 6.778656126482213162e-01 2.333333333333333440e-02 2.766798418972332002e-02
0.000000000000000000e+00 3.616666666666666918e-01 6.630434782608695121e-01 2.555555555555555705e-02 5.335968379446640042e-02
0.000000000000000000e+00 3.905555555555555447e-01 6.729249011857707519e-01 2.333333333333333440e-02 3.754940711462450426e-02
0.000000000000000000e+00 3.833333333333333592e-01 6.027667984189722938e-01 2.000000000000000042e-02 2.371541501976284425e-02
0.000000000000000000e+00 3.916666666666666630e-01 6.373517786561264664e-01 2.777777777777777624e-02 3.359683794466403195e-02
0.000000000000000000e+00 3.416666666666666741e-01 5.958498023715415037e-01 5.222222222222222543e-02 4.545454545454545581e-02
0.000000000000000000e+00 6.644444444444443931e-01 1.254940711462450564e-01 3.555555555555555552e-02 1.284584980237154228e-01
0.000000000000000000e+00 6.538888888888888529e-01 2.766798418972332002e-02 4.555555555555555747e-02 5.138339920948616774e-02
0.000000000000000000e+00 6.344444444444444775e-01 2.697628458498023685e-01 6.222222222222222043e-02 1.126482213438735197e-01
