0.000000000000000000e+00 4.419270833333333592e-01 2.754629629629629650e-01 4.531249999999999861e-02 1.138888888888888867e-01
0.000000000000000000e+00 4.869791666666666852e-01 2.805555555555555580e-01 4.374999999999999722e-02 1.185185185185185230e-01
0.000000000000000000e+00 5.250000000000000222e-01 3.976851851851851971e-01 2.812500000000000069e-02 1.379629629629629539e-01
0.000000000000000000e+00 5.502604166666666963e-01 4.046296296296296169e-01 2.760416666666666574e-02 8.888888888888889228e-02
0.000000000000000000e+00 5.072916666666666963e-01 4.550925925925926041e-01 1.770833333333333287e-02 9.907407407407407829e-02
0.000000000000000000e+00 4.260416666666666519e-01 6.388888888888888395e-01 4.062500000000000139e-02 5.185185185185185036e-02
0.000000000000000000e+00 4.286458333333333370e-01 6.884259259259258856e-01 3.645833333333333565e-02 2.500000000000000139e-02
0.000000000000000000e+00 3.976562499999999889e-01 7.157407407407407884e-01 2.031250000000000069e-02 2.962962962962963076e-02
0.000000000000000000e+00 4.158854166666666741e-01 7.472222222222222321e-01 2.864583333333333218e-02 4.259259259259259162e-02
0.000000000000000000e+00 4.289062499999999889e-01 8.342592592592592560e-01 2.447916666666666644e-02 5.370370370370370489e-02
0.000000000000000000e+00 4.572916666666666519e-01 8.981481481481481399e-01 4.062500000000000139e-02 7.777777777777777901e-02
