0.000000000000000000e+00 6.083333333333333648e-02 5.024999999999999467e-01 1.183333333333333320e-01 2.349999999999999867e-01
0.000000000000000000e+00 1.633333333333333304e-01 5.137500000000000400e-01 8.333333333333332871e-02 1.774999999999999911e-01
0.000000000000000000e+00 2.233333333333333282e-01 4.287500000000000200e-01 4.666666666666666879e-02 8.749999999999999445e-02
0.000000000000000000e+00 2.908333333333333326e-01 3.950000000000000178e-01 7.499999999999999722e-02 1.350000000000000089e-01
0.000000000000000000e+00 3.841666666666666563e-01 3.512500000000000067e-01 1.150000000000000050e-01 7.249999999999999500e-02
0.000000000000000000e+00 3.841666666666666563e-01 4.162500000000000089e-01 1.116666666666666641e-01 2.750000000000000014e-02
0.000000000000000000e+00 4.766666666666666829e-01 3.175000000000000044e-01 7.333333333333333370e-02 1.499999999999999944e-01
0.000000000000000000e+00 5.250000000000000222e-01 4.012499999999999956e-01 6.666666666666666574e-02 6.750000000000000444e-02
0.000000000000000000e+00 5.858333333333333171e-01 3.712500000000000244e-01 7.833333333333333814e-02 1.074999999999999983e-01
0.000000000000000000e+00 6.541666666666666741e-01 4.074999999999999734e-01 5.166666666666666630e-02 1.000000000000000056e-01
0.000000000000000000e+00 6.991666666666667140e-01 4.025000000000000244e-01 3.166666666666666935e-02 5.000000000000000278e-02
0.000000000000000000e+00 7.116666666666666696e-01 3.437500000000000000e-01 1.000000000000000056e-01 1.024999999999999939e-01
0.000000000000000000e+00 8.341666666666666119e-01 3.212499999999999800e-01 4.499999999999999833e-02 1.024999999999999939e-01
