0.000000000000000000e+00 7.399999999999999634e-02 3.980000000000000204e-01 1.439999999999999891e-01 2.680000000000000160e-01
0.000000000000000000e+00 1.160000000000000059e-01 5.799999999999999600e-01 2.280000000000000082e-01 9.866666666666666641e-02
0.000000000000000000e+00 2.700000000000000178e-01 5.600000000000000533e-01 9.199999999999999845e-02 1.093333333333333379e-01
0.000000000000000000e+00 8.599999999999999312e-02 6.526666666666666172e-01 1.120000000000000023e-01 3.066666666666666499e-02
0.000000000000000000e+00 2.169999999999999984e-01 6.899999999999999467e-01 1.219999999999999973e-01 4.399999999999999745e-02
0.000000000000000000e+00 3.360000000000000209e-01 6.633333333333333304e-01 1.199999999999999956e-01 3.866666666666666863e-02
0.000000000000000000e+00 3.599999999999999867e-01 7.173333333333333783e-01 1.719999999999999862e-01 4.800000000000000100e-02
0.000000000000000000e+00 3.890000000000000124e-01 4.600000000000000200e-01 1.739999999999999880e-01 2.346666666666666623e-01
0.000000000000000000e+00 4.689999999999999725e-01 2.839999999999999747e-01 1.179999999999999938e-01 1.146666666666666667e-01
0.000000000000000000e+00 5.410000000000000364e-01 4.353333333333333499e-01 1.260000000000000009e-01 1.799999999999999933e-01
0.000000000000000000e+00 7.960000000000000409e-01 3.380000000000000226e-01 1.680000000000000104e-01 2.466666666666666730e-01
0.000000000000000000e+00 8.900000000000000133e-01 4.306666666666666421e-01 1.199999999999999956e-01 1.306666666666666532e-01
0.000000000000000000e+00 9.589999999999999636e-01 4.919999999999999929e-01 8.200000000000000344e-02 6.666666666666666574e-02
0.000000000000000000e+00 7.760000000000000231e-01 5.286666666666666181e-01 1.439999999999999891e-01 1.053333333333333344e-01
0.000000000000000000e+00 6.939999999999999503e-01 6.939999999999999503e-01 2.800000000000000266e-01 8.133333333333332693e-02
0.000000000000000000e+00 6.149999999999999911e-01 6.006666666666666821e-01 2.220000000000000029e-01 8.133333333333332693e-02
0.000000000000000000e+00 9.499999999999999556e-01 6.753333333333333410e-01 1.000000000000000056e-01 1.266666666666666774e-01
0.000000000000000000e+00 8.080000000000000515e-01 6.166666666666666963e-01 7.599999999999999811e-02 6.533333333333332660e-02
