0.000000000000000000e+00 3.220000000000000084e-01 1.291291291291291332e-01 1.960000000000000075e-01 2.522522522522522292e-01
0.000000000000000000e+00 4.030000000000000249e-01 3.648648648648648574e-01 1.779999999999999916e-01 2.432432432432432567e-01
0.000000000000000000e+00 5.300000000000000266e-01 5.195195195195194682e-01 7.199999999999999456e-02 1.261261261261261146e-01
0.000000000000000000e+00 4.199999999999999845e-01 6.486486486486486847e-01 4.800000000000000100e-02 2.402402402402402382e-01
0.000000000000000000e+00 5.140000000000000124e-01 6.621621621621621712e-01 1.239999999999999991e-01 1.051051051051051094e-01
0.000000000000000000e+00 2.230000000000000038e-01 5.090090090090090280e-01 3.799999999999999906e-02 1.291291291291291332e-01
0.000000000000000000e+00 7.720000000000000195e-01 5.600600600600600387e-01 4.399999999999999745e-02 1.051051051051051094e-01
0.000000000000000000e+00 7.560000000000000053e-01 3.243243243243243423e-01 6.800000000000000488e-02 1.321321321321321240e-01
0.000000000000000000e+00 7.069999999999999618e-01 3.663663663663663805e-01 3.799999999999999906e-02 6.006006006006005954e-02
0.000000000000000000e+00 7.600000000000000089e-01 1.381381381381381335e-01 6.400000000000000133e-02 2.642642642642642481e-01
0.000000000000000000e+00 6.320000000000000062e-01 6.891891891891891442e-01 4.000000000000000083e-02 7.507507507507507616e-02
0.000000000000000000e+00 5.300000000000000266e-01 2.927927927927927998e-01 8.000000000000000167e-02 6.906906906906906674e-02
