0.000000000000000000e+00 1.703125000000000056e-01 3.536299765807962570e-01 8.125000000000000278e-02 1.545667447306791620e-01
0.000000000000000000e+00 2.382812500000000000e-01 3.126463700234192178e-01 4.531249999999999861e-02 1.100702576112412151e-01
0.000000000000000000e+00 1.148437499999999944e-01 4.929742388758782123e-01 2.656249999999999931e-02 8.665105386416861732e-02
0.000000000000000000e+00 7.890624999999999722e-02 5.644028103044496092e-01 1.406250000000000035e-02 9.836065573770491621e-02
0.000000000000000000e+00 1.421874999999999944e-01 5.526932084309132964e-01 2.187499999999999861e-02 7.494145199063231844e-02
0.000000000000000000e+00 2.476562499999999944e-01 6.018735362997658100e-01 4.218750000000000278e-02 3.747072599531615922e-02
0.000000000000000000e+00 3.179687500000000222e-01 4.449648711943793855e-01 9.218750000000000555e-02 8.430913348946135477e-02
0.000000000000000000e+00 3.429687499999999889e-01 3.676814988290398323e-01 7.656250000000000555e-02 7.962529274004684354e-02
0.000000000000000000e+00 3.976562499999999889e-01 3.243559718969555306e-01 7.031250000000000000e-02 4.918032786885245811e-02
0.000000000000000000e+00 4.367187499999999889e-01 3.430913348946135755e-01 7.031250000000000000e-02 1.756440281030444972e-01
0.000000000000000000e+00 4.968750000000000111e-01 1.932084309133489386e-01 8.437500000000000555e-02 1.147540983606557402e-01
0.000000000000000000e+00 4.929687500000000111e-01 3.290398126463700001e-01 4.531249999999999861e-02 1.569086651053864245e-01
0.000000000000000000e+00 4.281249999999999778e-01 4.730679156908665361e-01 2.187499999999999861e-02 8.430913348946135477e-02
0.000000000000000000e+00 3.976562499999999889e-01 4.988290398126463687e-01 4.531249999999999861e-02 4.683840749414520249e-02
