0.000000000000000000e+00 4.622395833333333148e-01 4.041666666666666741e-01 1.406250000000000035e-02 5.462962962962963215e-02
0.000000000000000000e+00 4.755208333333333370e-01 5.171296296296296058e-01 9.374999999999999653e-03 3.055555555555555455e-02
0.000000000000000000e+00 4.872395833333333370e-01 5.921296296296296724e-01 2.447916666666666644e-02 2.685185185185185244e-02
0.000000000000000000e+00 5.346354166666666963e-01 6.319444444444444198e-01 1.822916666666666782e-02 1.574074074074073917e-02
0.000000000000000000e+00 5.953125000000000222e-01 5.671296296296296502e-01 2.187499999999999861e-02 6.388888888888888395e-02
0.000000000000000000e+00 6.158854166666666297e-01 5.912037037037036757e-01 1.510416666666666678e-02 6.388888888888888395e-02
0.000000000000000000e+00 6.119791666666666297e-01 6.763888888888889284e-01 1.354166666666666713e-02 4.351851851851851888e-02
0.000000000000000000e+00 6.239583333333332815e-01 6.962962962962963021e-01 1.979166666666666574e-02 3.148148148148147835e-02
0.000000000000000000e+00 6.182291666666667185e-01 7.648148148148148362e-01 4.270833333333333426e-02 6.481481481481481122e-02
0.000000000000000000e+00 5.893229166666666963e-01 4.740740740740740922e-01 1.927083333333333426e-02 1.851851851851851749e-02
