0.000000000000000000e+00 1.583333333333333259e-01 2.902813299232736566e-01 9.666666666666666463e-02 1.969309462915601050e-01
0.000000000000000000e+00 2.200000000000000011e-01 3.644501278772378505e-01 8.333333333333332871e-02 8.439897698209718191e-02
0.000000000000000000e+00 3.750000000000000000e-01 3.772378516624040889e-01 2.200000000000000011e-01 2.378516624040920846e-01
0.000000000000000000e+00 3.541666666666666852e-01 1.624040920716112446e-01 9.500000000000000111e-02 1.815856777493606022e-01
0.000000000000000000e+00 4.858333333333333393e-01 2.276214833759590828e-01 1.049999999999999961e-01 9.718670076726342033e-02
0.000000000000000000e+00 4.691666666666666763e-01 6.086956521739130821e-01 1.283333333333333270e-01 2.199488491048593453e-01
0.000000000000000000e+00 5.741666666666667140e-01 6.739130434782608647e-01 8.166666666666666519e-02 1.355498721227621495e-01
0.000000000000000000e+00 5.233333333333333171e-01 8.695652173913043237e-01 3.466666666666666785e-01 1.176470588235294101e-01
0.000000000000000000e+00 6.450000000000000178e-01 6.982097186700767510e-01 7.000000000000000666e-02 2.199488491048593453e-01
0.000000000000000000e+00 5.533333333333333437e-01 3.452685421994884929e-01 4.000000000000000083e-02 7.672634271099744441e-02
0.000000000000000000e+00 6.125000000000000444e-01 4.104859335038363310e-01 6.166666666666666824e-02 1.202046035805626606e-01
0.000000000000000000e+00 6.458333333333333703e-01 4.795396419437339963e-01 4.499999999999999833e-02 1.202046035805626606e-01
0.000000000000000000e+00 7.674999999999999600e-01 2.621483375959079432e-01 1.716666666666666619e-01 2.429667519181585578e-01
0.000000000000000000e+00 8.258333333333333082e-01 5.971867007672634342e-01 2.500000000000000139e-02 1.202046035805626606e-01
