0.000000000000000000e+00 2.687499999999999889e-01 6.700000000000000400e-01 6.083333333333333648e-02 7.000000000000000666e-02
0.000000000000000000e+00 3.466666666666666785e-01 6.474999999999999645e-01 8.166666666666666519e-02 1.325000000000000067e-01
0.000000000000000000e+00 4.183333333333333348e-01 6.281250000000000444e-01 2.166666666666666741e-02 1.812499999999999944e-01
0.000000000000000000e+00 4.466666666666666563e-01 5.931250000000000133e-01 4.166666666666666435e-02 1.087499999999999994e-01
0.000000000000000000e+00 4.595833333333333437e-01 6.781249999999999778e-01 3.416666666666666463e-02 6.375000000000000111e-02
0.000000000000000000e+00 5.304166666666666474e-01 5.587499999999999689e-01 4.750000000000000056e-02 2.775000000000000244e-01
0.000000000000000000e+00 5.683333333333333570e-01 6.031250000000000222e-01 2.666666666666666838e-02 2.012500000000000122e-01
0.000000000000000000e+00 6.137500000000000178e-01 5.725000000000000089e-01 6.916666666666666796e-02 2.250000000000000056e-01
0.000000000000000000e+00 6.770833333333333703e-01 6.199999999999999956e-01 4.750000000000000056e-02 1.325000000000000067e-01
0.000000000000000000e+00 6.220833333333333215e-01 3.950000000000000178e-01 9.249999999999999889e-02 1.074999999999999983e-01
