0.000000000000000000e+00 4.114583333333333148e-01 4.476851851851851860e-01 4.479166666666666713e-02 1.527777777777777901e-01
0.000000000000000000e+00 4.166666666666666852e-01 5.467592592592592782e-01 3.645833333333333565e-02 6.203703703703703637e-02
0.000000000000000000e+00 4.539062500000000111e-01 4.115740740740740922e-01 2.656249999999999931e-02 1.250000000000000000e-01
0.000000000000000000e+00 4.848958333333333592e-01 3.486111111111110938e-01 3.437500000000000278e-02 7.314814814814814270e-02
0.000000000000000000e+00 5.354166666666666519e-01 2.944444444444444531e-01 5.625000000000000139e-02 1.592592592592592671e-01
0.000000000000000000e+00 4.520833333333333370e-01 5.287037037037036757e-01 1.874999999999999931e-02 9.444444444444444198e-02
0.000000000000000000e+00 4.703125000000000222e-01 5.439814814814815103e-01 2.500000000000000139e-02 6.388888888888888395e-02
0.000000000000000000e+00 5.039062500000000000e-01 5.638888888888888840e-01 4.114583333333333287e-02 3.333333333333333287e-02
0.000000000000000000e+00 5.445312500000000222e-01 5.537037037037036979e-01 4.114583333333333287e-02 4.814814814814814825e-02
0.000000000000000000e+00 6.289062500000000000e-01 2.439814814814814936e-01 1.510416666666666678e-02 2.870370370370370350e-02
