0.000000000000000000e+00 3.890186915887850483e-01 3.473684210526316041e-01 1.565420560747663448e-01 2.070175438596491280e-01
0.000000000000000000e+00 4.742990654205607726e-01 1.000000000000000056e-01 1.074766355140186896e-01 1.052631578947368363e-01
0.000000000000000000e+00 4.404205607476635587e-01 2.228070175438596479e-01 6.308411214953270341e-02 5.614035087719298350e-02
0.000000000000000000e+00 4.988317757009345654e-01 3.754385964912280715e-01 7.242990654205606893e-02 1.543859649122807098e-01
0.000000000000000000e+00 5.700934579439251859e-01 3.684210526315789269e-01 7.476635514018691031e-02 8.421052631578947179e-02
0.000000000000000000e+00 3.750000000000000000e-01 4.982456140350877138e-01 1.051401869158878483e-01 9.122807017543860253e-02
0.000000000000000000e+00 4.544392523364486070e-01 5.184210526315788936e-01 5.373831775700934482e-02 4.385964912280701511e-02
0.000000000000000000e+00 4.626168224299065379e-01 4.719298245614035325e-01 6.074766355140186896e-02 3.508771929824561209e-02
0.000000000000000000e+00 5.175233644859813520e-01 5.008771929824561431e-01 6.308411214953270341e-02 7.894736842105262720e-02
0.000000000000000000e+00 6.670560747663550893e-01 2.982456140350877027e-01 9.579439252336448274e-02 9.473684210526316096e-02
0.000000000000000000e+00 7.021028037383177933e-01 4.456140350877192957e-01 1.799065420560747586e-01 1.894736842105263219e-01
0.000000000000000000e+00 5.806074766355140415e-01 4.789473684210526216e-01 5.841121495327102758e-02 1.228070175438596423e-01
