0.000000000000000000e+00 3.536363636363636376e-01 2.019328585961342737e-01 2.054545454545454453e-01 1.617497456765004948e-01
0.000000000000000000e+00 4.081818181818182012e-01 4.140386571719226749e-01 8.545454545454544970e-02 5.696846388606307404e-02
0.000000000000000000e+00 2.045454545454545581e-01 4.796541200406917449e-01 2.563636363636363491e-01 4.984740590030518892e-02
0.000000000000000000e+00 4.090909090909091161e-01 4.684638860630722101e-01 9.818181818181817566e-02 2.950152594099694769e-02
0.000000000000000000e+00 6.718181818181818699e-01 4.720244150559511631e-01 2.563636363636363491e-01 2.238046795523906257e-02
0.000000000000000000e+00 1.527272727272727393e-01 5.600203458799593026e-01 4.727272727272727182e-02 4.374364191251271794e-02
0.000000000000000000e+00 1.554545454545454564e-01 6.429298067141403505e-01 4.545454545454545581e-02 5.086469989827060306e-02
0.000000000000000000e+00 2.690909090909091028e-01 5.615462868769074412e-01 4.000000000000000083e-02 4.883011190233977478e-02
0.000000000000000000e+00 2.690909090909091028e-01 6.444557477110884891e-01 4.000000000000000083e-02 4.781281790437436757e-02
0.000000000000000000e+00 3.836363636363636087e-01 5.635808748728382556e-01 4.363636363636363980e-02 4.476093591047812514e-02
0.000000000000000000e+00 3.818181818181818343e-01 6.469989827060019794e-01 4.000000000000000083e-02 5.086469989827060306e-02
0.000000000000000000e+00 1.454545454545454475e-01 9.018311291963377885e-01 4.363636363636363980e-02 3.967446592065106831e-02
0.000000000000000000e+00 5.109090909090908683e-01 7.299084435401831383e-01 4.727272727272727182e-02 5.188199389623601027e-02
0.000000000000000000e+00 5.145454545454545281e-01 6.378433367243133700e-01 4.727272727272727182e-02 4.679552390640895343e-02
0.000000000000000000e+00 6.227272727272726849e-01 5.590030518819939509e-01 4.909090909090908783e-02 4.577822990844353929e-02
0.000000000000000000e+00 7.336363636363636420e-01 5.610376398779247653e-01 5.272727272727272679e-02 4.984740590030518892e-02
0.000000000000000000e+00 7.327272727272727826e-01 6.429298067141403505e-01 4.727272727272727182e-02 4.679552390640895343e-02
0.000000000000000000e+00 6.263636363636363447e-01 6.393692777212613976e-01 5.636363636363636576e-02 4.781281790437436757e-02
