0.000000000000000000e+00 5.182352941176470162e-01 1.062745098039215713e-01 1.070588235294117618e-01 1.043137254901960742e-01
0.000000000000000000e+00 6.147058823529412130e-01 1.894117647058823628e-01 1.423529411764705987e-01 1.309803921568627461e-01
0.000000000000000000e+00 4.117647058823529216e-01 4.392156862745097978e-01 9.647058823529411353e-02 2.980392156862745126e-02
0.000000000000000000e+00 5.205882352941176849e-01 4.674509803921568785e-01 8.823529411764706454e-02 4.549019607843136914e-02
0.000000000000000000e+00 5.894117647058823017e-01 4.486274509803921395e-01 6.352941176470587592e-02 4.705882352941176405e-02
0.000000000000000000e+00 4.035294117647058587e-01 3.870588235294117885e-01 7.529411764705881693e-02 4.784313725490196151e-02
0.000000000000000000e+00 5.329411764705882515e-01 3.596078431372549122e-01 1.505882352941176339e-01 5.882352941176470507e-02
0.000000000000000000e+00 5.905882352941176361e-01 2.921568627450980560e-01 1.223529411764705949e-01 6.352941176470587592e-02
0.000000000000000000e+00 6.817647058823529393e-01 3.376470588235294112e-01 1.541176470588235259e-01 6.823529411764706065e-02
0.000000000000000000e+00 6.588235294117646967e-01 4.286274509803921773e-01 7.529411764705881693e-02 4.941176470588234948e-02
0.000000000000000000e+00 8.100000000000000533e-01 2.733333333333333171e-01 5.764705882352941235e-02 5.254901960784313930e-02
