0.000000000000000000e+00 9.897828863346104511e-02 5.609523809523809801e-01 9.323116219667944293e-02 1.238095238095238138e-01
0.000000000000000000e+00 6.704980842911877070e-02 7.819047619047618802e-01 1.915708812260536256e-02 5.142857142857142766e-02
0.000000000000000000e+00 1.845466155810983333e-01 5.685714285714286165e-01 4.725415070242656307e-02 1.161904761904761912e-01
0.000000000000000000e+00 2.286079182630906814e-01 6.123809523809523592e-01 3.831417624521072512e-02 4.000000000000000083e-02
0.000000000000000000e+00 2.203065134099616851e-01 7.361904761904761729e-01 3.959131545338442221e-02 2.476190476190476275e-02
0.000000000000000000e+00 2.183908045977011603e-01 7.704761904761904256e-01 2.809706257982120051e-02 3.238095238095237832e-02
0.000000000000000000e+00 3.020434227330778820e-01 6.895238095238095388e-01 4.469987228607918278e-02 2.666666666666666838e-02
0.000000000000000000e+00 3.071519795657726704e-01 7.304761904761905011e-01 5.491698595146871087e-02 4.380952380952381209e-02
0.000000000000000000e+00 4.450830140485312891e-01 5.504761904761904523e-01 8.556832694763728819e-02 7.238095238095237915e-02
0.000000000000000000e+00 1.098339719029374217e-01 4.571428571428571286e-01 6.385696040868454881e-02 4.571428571428571425e-02
0.000000000000000000e+00 3.014048531289910682e-01 6.380952380952380487e-01 4.342273307790549264e-02 5.714285714285714107e-02
0.000000000000000000e+00 3.659003831417624308e-01 6.428571428571429047e-01 5.236270753512133058e-02 6.285714285714286143e-02
0.000000000000000000e+00 5.485312899106002948e-01 6.380952380952380487e-01 2.426564495530012661e-02 5.333333333333333676e-02
0.000000000000000000e+00 5.344827586206896131e-01 6.961904761904761374e-01 1.660280970625798228e-02 5.523809523809523891e-02
0.000000000000000000e+00 5.038314176245211051e-01 5.638095238095237605e-01 2.426564495530012661e-02 3.428571428571428742e-02
0.000000000000000000e+00 4.936143039591315285e-01 6.038095238095237960e-01 2.681992337164751036e-02 3.047619047619047616e-02
