0.000000000000000000e+00 1.789062499999999889e-01 7.907407407407407440e-01 6.406249999999999445e-02 7.777777777777777901e-02
0.000000000000000000e+00 2.960937499999999889e-01 6.777777777777778123e-01 5.156249999999999722e-02 9.629629629629629650e-02
0.000000000000000000e+00 3.289062500000000111e-01 7.111111111111111382e-01 4.218750000000000278e-02 4.259259259259259162e-02
0.000000000000000000e+00 3.351562499999999889e-01 6.254629629629629983e-01 2.343750000000000000e-02 5.648148148148147973e-02
0.000000000000000000e+00 3.684895833333333148e-01 6.310185185185185341e-01 3.177083333333333148e-02 4.166666666666666435e-02
0.000000000000000000e+00 3.645833333333333148e-01 2.587962962962963021e-01 4.270833333333333426e-02 8.240740740740740145e-02
0.000000000000000000e+00 6.080729166666666297e-01 4.847222222222222210e-01 3.489583333333333426e-02 9.351851851851851471e-02
0.000000000000000000e+00 4.713541666666666852e-01 2.759259259259259078e-01 6.250000000000000000e-02 6.481481481481481122e-02
0.000000000000000000e+00 4.039062500000000222e-01 8.231481481481481843e-01 2.239583333333333356e-02 4.259259259259259162e-02
0.000000000000000000e+00 4.682291666666666408e-01 8.347222222222222543e-01 1.052083333333333343e-01 3.611111111111110772e-02
0.000000000000000000e+00 2.768229166666666408e-01 7.583333333333333037e-01 1.927083333333333426e-02 4.629629629629629373e-02
0.000000000000000000e+00 2.999999999999999889e-01 7.972222222222222765e-01 3.541666666666666574e-02 6.296296296296295669e-02
0.000000000000000000e+00 3.479166666666666519e-01 8.157407407407407662e-01 5.104166666666666574e-02 5.185185185185185036e-02
0.000000000000000000e+00 2.359374999999999944e-01 7.939814814814815103e-01 5.625000000000000139e-02 7.129629629629630205e-02
0.000000000000000000e+00 3.513020833333333481e-01 4.361111111111111160e-01 1.098958333333333315e-01 1.185185185185185230e-01
0.000000000000000000e+00 4.606770833333333481e-01 3.842592592592592449e-01 1.296875000000000111e-01 1.425925925925926041e-01
