0.000000000000000000e+00 4.756097560975609817e-02 7.685185185185184897e-01 9.024390243902438713e-02 2.925925925925925708e-01
0.000000000000000000e+00 1.170731707317073239e-01 8.851851851851851860e-01 5.365853658536585274e-02 7.407407407407406996e-02
0.000000000000000000e+00 1.963414634146341542e-01 8.777777777777777679e-01 9.512195121951219634e-02 8.888888888888889228e-02
0.000000000000000000e+00 2.756097560975609984e-01 9.037037037037036757e-01 6.829268292682927344e-02 5.185185185185185036e-02
0.000000000000000000e+00 4.024390243902439268e-01 8.777777777777777679e-01 1.268292682926829285e-01 8.888888888888889228e-02
0.000000000000000000e+00 1.548780487804878037e-01 6.925925925925925375e-01 7.560975609756097338e-02 8.148148148148148806e-02
0.000000000000000000e+00 9.792682926829268109e-01 6.907407407407407662e-01 4.146341463414634360e-02 1.222222222222222182e-01
0.000000000000000000e+00 8.829268292682926900e-01 8.722222222222222321e-01 1.170731707317073239e-01 7.037037037037037479e-02
0.000000000000000000e+00 9.719512195121950970e-01 8.962962962962962576e-01 4.634146341463414587e-02 7.407407407407406996e-02
0.000000000000000000e+00 7.463414634146341431e-01 7.148148148148147918e-01 4.390243902439024126e-02 6.666666666666666574e-02
