0.000000000000000000e+00 5.661458333333333481e-01 2.435185185185185230e-01 7.812500000000000000e-02 1.203703703703703637e-01
0.000000000000000000e+00 6.083333333333332815e-01 1.212962962962962910e-01 8.229166666666666574e-02 1.277777777777777679e-01
0.000000000000000000e+00 6.169270833333333481e-01 2.180555555555555580e-01 3.802083333333333010e-02 7.685185185185185175e-02
0.000000000000000000e+00 5.158854166666666519e-01 5.013888888888888840e-01 5.677083333333333287e-02 9.351851851851851471e-02
0.000000000000000000e+00 5.450520833333333259e-01 4.217592592592592782e-01 3.802083333333333010e-02 9.537037037037036924e-02
0.000000000000000000e+00 5.065104166666666297e-01 3.245370370370370128e-01 5.156249999999999722e-02 6.388888888888888395e-02
0.000000000000000000e+00 5.570312499999999778e-01 5.060185185185185341e-01 2.447916666666666644e-02 5.277777777777777762e-02
0.000000000000000000e+00 5.557291666666667185e-01 6.083333333333332815e-01 2.187499999999999861e-02 4.814814814814814825e-02
0.000000000000000000e+00 5.664062500000000000e-01 6.476851851851851416e-01 2.031250000000000069e-02 3.055555555555555455e-02
0.000000000000000000e+00 5.710937499999999556e-01 6.949074074074074181e-01 1.510416666666666678e-02 3.240740740740740561e-02
0.000000000000000000e+00 5.859375000000000000e-01 7.134259259259259078e-01 1.041666666666666609e-02 3.240740740740740561e-02
0.000000000000000000e+00 6.059895833333333037e-01 7.379629629629629317e-01 2.031250000000000069e-02 4.629629629629629373e-02
0.000000000000000000e+00 6.260416666666667185e-01 7.652777777777777235e-01 1.354166666666666713e-02 3.240740740740740561e-02
0.000000000000000000e+00 6.406250000000000000e-01 7.750000000000000222e-01 8.333333333333333218e-03 2.037037037037037202e-02
