0.000000000000000000e+00 3.237847222222222099e-01 8.130341880341880323e-01 3.993055555555555247e-02 5.341880341880341637e-02
0.000000000000000000e+00 3.958333333333333148e-01 7.948717948717948234e-01 9.375000000000000000e-02 5.555555555555555247e-02
0.000000000000000000e+00 4.218750000000000000e-01 7.446581196581196771e-01 2.430555555555555594e-02 4.059829059829059977e-02
0.000000000000000000e+00 4.592013888888888951e-01 8.012820512820513219e-01 2.951388888888888812e-02 4.700854700854700807e-02
0.000000000000000000e+00 4.696180555555555802e-01 7.574786324786324521e-01 2.951388888888888812e-02 5.341880341880341637e-02
0.000000000000000000e+00 8.177083333333333703e-01 5.170940170940171443e-01 6.944444444444444753e-02 5.555555555555555247e-02
0.000000000000000000e+00 8.593750000000000000e-01 5.833333333333333703e-01 8.333333333333332871e-02 5.128205128205128027e-02
0.000000000000000000e+00 8.776041666666666297e-01 3.354700854700854440e-01 5.729166666666666435e-02 4.700854700854700807e-02
0.000000000000000000e+00 6.727430555555555802e-01 6.100427350427350959e-01 5.034722222222222376e-02 1.175213675213675202e-01
0.000000000000000000e+00 8.133680555555555802e-01 3.066239316239316448e-01 5.034722222222222376e-02 3.632478632478632757e-02
