0.000000000000000000e+00 3.260000000000000120e-01 2.462462462462462476e-01 8.400000000000000522e-02 1.741741741741741623e-01
0.000000000000000000e+00 3.679999999999999938e-01 1.021021021021021047e-01 7.599999999999999811e-02 7.207207207207207145e-02
0.000000000000000000e+00 4.319999999999999951e-01 1.576576576576576572e-01 4.399999999999999745e-02 8.108108108108108558e-02
0.000000000000000000e+00 4.020000000000000240e-01 2.642642642642642481e-01 6.800000000000000488e-02 9.609609609609609526e-02
0.000000000000000000e+00 2.510000000000000009e-01 3.138138138138137911e-01 7.000000000000000666e-02 1.231231231231231238e-01
0.000000000000000000e+00 3.200000000000000067e-01 3.543543543543543617e-01 6.800000000000000488e-02 4.804804804804804763e-02
0.000000000000000000e+00 4.540000000000000147e-01 3.378378378378378288e-01 6.400000000000000133e-02 1.111111111111111049e-01
0.000000000000000000e+00 4.069999999999999729e-01 4.009009009009009139e-01 8.599999999999999312e-02 8.108108108108108558e-02
0.000000000000000000e+00 4.380000000000000004e-01 4.849849849849849903e-01 6.800000000000000488e-02 1.051051051051051094e-01
0.000000000000000000e+00 3.099999999999999978e-01 4.954954954954954860e-01 9.600000000000000200e-02 2.162162162162162282e-01
0.000000000000000000e+00 3.810000000000000053e-01 5.150150150150150097e-01 5.399999999999999939e-02 8.108108108108108558e-02
0.000000000000000000e+00 3.940000000000000169e-01 6.171171171171171421e-01 2.280000000000000082e-01 1.651651651651651620e-01
0.000000000000000000e+00 4.069999999999999729e-01 7.882882882882883413e-01 2.020000000000000129e-01 1.831831831831831903e-01
0.000000000000000000e+00 4.670000000000000262e-01 9.144144144144144004e-01 8.599999999999999312e-02 6.906906906906906674e-02
