0.000000000000000000e+00 3.916015625000000000e-01 9.355300859598854046e-01 2.207031250000000000e-01 6.590257879656159778e-02
0.000000000000000000e+00 3.330078125000000000e-01 8.531518624641833970e-01 2.246093750000000000e-01 9.885386819484240362e-02
0.000000000000000000e+00 3.242187500000000000e-01 7.571633237822349427e-01 1.054687500000000000e-01 9.312320916905443557e-02
0.000000000000000000e+00 3.520507812500000000e-01 6.812320916905444390e-01 4.003906250000000000e-02 6.160458452722063216e-02
0.000000000000000000e+00 4.072265625000000000e-01 7.843839541547278360e-01 6.054687500000000000e-02 3.295128939828079889e-02
0.000000000000000000e+00 4.619140625000000000e-01 5.007163323782235498e-01 5.078125000000000000e-02 1.074498567335243487e-01
0.000000000000000000e+00 5.195312500000000000e-01 2.557306590257879542e-01 1.054687500000000000e-01 1.160458452722063077e-01
0.000000000000000000e+00 4.326171875000000000e-01 1.755014326647564571e-01 3.710937500000000000e-02 7.020057306590257729e-02
0.000000000000000000e+00 5.620117187500000000e-01 3.717765042979942480e-01 8.300781250000000000e-02 1.017191977077363946e-01
0.000000000000000000e+00 5.146484375000000000e-01 4.297994269340973950e-01 6.835937500000000000e-02 1.060171919770773602e-01
0.000000000000000000e+00 4.916992187500000000e-01 5.852435530085959847e-01 5.761718750000000000e-02 1.103151862464183397e-01
0.000000000000000000e+00 5.419921875000000000e-01 6.482808022922635915e-01 5.468750000000000000e-02 1.762177650429799514e-01
0.000000000000000000e+00 5.498046875000000000e-01 7.893982808022922404e-01 4.101562500000000000e-02 1.432664756446991317e-01
0.000000000000000000e+00 5.859375000000000000e-01 8.280802292263610420e-01 3.906250000000000000e-02 5.444126074498567558e-02
0.000000000000000000e+00 6.552734375000000000e-01 8.316618911174784579e-01 6.445312500000000000e-02 1.532951289398280792e-01
