0.000000000000000000e+00 1.580000000000000016e-01 7.560240963855421326e-01 8.000000000000000167e-02 9.036144578313252962e-02
0.000000000000000000e+00 2.270000000000000073e-01 7.469879518072288782e-01 3.400000000000000244e-02 9.638554216867470381e-02
0.000000000000000000e+00 4.109999999999999765e-01 6.234939759036144391e-01 3.400000000000000244e-02 1.084337349397590383e-01
0.000000000000000000e+00 2.620000000000000107e-01 8.704819277108434283e-01 2.800000000000000058e-02 4.819277108433735191e-02
0.000000000000000000e+00 2.780000000000000249e-01 6.611445783132530174e-01 5.199999999999999761e-02 7.530120481927711495e-02
0.000000000000000000e+00 1.749999999999999889e-01 8.253012048192771566e-01 1.400000000000000029e-02 5.421686746987951916e-02
0.000000000000000000e+00 1.729999999999999871e-01 8.870481927710843761e-01 2.199999999999999872e-02 4.518072289156626481e-02
0.000000000000000000e+00 2.089999999999999913e-01 8.207831325301204739e-01 2.199999999999999872e-02 5.722891566265059932e-02
0.000000000000000000e+00 3.970000000000000195e-01 6.927710843373493521e-01 2.199999999999999872e-02 4.819277108433735191e-02
0.000000000000000000e+00 9.829999999999999849e-01 9.322289156626506479e-01 3.400000000000000244e-02 8.734939759036144946e-02
