0.000000000000000000e+00 5.374999999999999778e-01 4.408866995073891792e-01 7.222222222222221544e-02 1.133004926108374388e-01
0.000000000000000000e+00 6.812500000000000222e-01 4.371921182266009787e-01 2.916666666666666713e-02 1.256157635467980427e-01
0.000000000000000000e+00 7.201388888888888840e-01 4.532019704433497553e-01 3.194444444444444198e-02 1.083743842364532084e-01
0.000000000000000000e+00 7.527777777777777679e-01 4.827586206896551935e-01 3.055555555555555455e-02 3.448275862068965469e-02
0.000000000000000000e+00 8.458333333333333259e-01 3.940886699507389346e-01 3.888888888888888951e-02 8.866995073891625889e-02
0.000000000000000000e+00 9.236111111111111605e-01 3.645320197044334964e-01 4.166666666666666435e-02 8.374384236453201458e-02
0.000000000000000000e+00 5.777777777777777235e-01 8.004926108374383897e-01 1.944444444444444475e-02 3.448275862068965469e-02
0.000000000000000000e+00 5.562500000000000222e-01 8.041871921182266458e-01 1.805555555555555386e-02 2.709359605911330210e-02
0.000000000000000000e+00 6.020833333333333037e-01 8.115763546798029360e-01 2.361111111111111049e-02 2.709359605911330210e-02
0.000000000000000000e+00 6.909722222222222099e-01 8.288177339901477980e-01 1.805555555555555386e-02 3.201970443349753948e-02
0.000000000000000000e+00 7.340277777777777235e-01 7.967980295566502447e-01 6.527777777777778179e-02 4.679802955665024466e-02
0.000000000000000000e+00 7.604166666666666297e-01 8.337438423645320285e-01 4.027777777777778040e-02 4.679802955665024466e-02
0.000000000000000000e+00 8.326388888888889284e-01 8.029556650246305605e-01 4.305555555555555525e-02 5.911330049261083464e-02
0.000000000000000000e+00 8.840277777777777457e-01 8.546798029556650356e-01 6.250000000000000000e-02 9.852216748768473364e-02
0.000000000000000000e+00 9.569444444444444864e-01 8.879310344827586743e-01 7.499999999999999722e-02 6.650246305418719417e-02
