0.000000000000000000e+00 1.393939393939394034e-01 5.023752969121140222e-01 2.727272727272727071e-01 2.494061757719714945e-01
0.000000000000000000e+00 2.696969696969697128e-01 6.270783847980997416e-01 1.030303030303030276e-01 1.520190023752969188e-01
0.000000000000000000e+00 9.545454545454545858e-02 7.612826603325415498e-01 1.787878787878788012e-01 4.038004750593824493e-02
0.000000000000000000e+00 7.878787878787878451e-01 8.432304038004750923e-01 1.515151515151515194e-01 1.425178147268408579e-01
0.000000000000000000e+00 7.621212121212120882e-01 7.363420427553444281e-01 8.181818181818181768e-02 6.650831353919239852e-02
0.000000000000000000e+00 8.393939393939393590e-01 7.434679334916864946e-01 6.666666666666666574e-02 4.275534441805225322e-02
0.000000000000000000e+00 9.818181818181818121e-01 9.038004750593824355e-01 3.636363636363636187e-02 8.313539192399049815e-02
0.000000000000000000e+00 4.030303030303030165e-01 8.954869358669833579e-01 6.060606060606060774e-02 8.551068883610450644e-02
0.000000000000000000e+00 9.681818181818181435e-01 5.035629453681710332e-01 6.363636363636362980e-02 2.850356294536817228e-02
0.000000000000000000e+00 3.787878787878787845e-01 8.135391923990499263e-01 3.636363636363636187e-02 3.562945368171021449e-02
0.000000000000000000e+00 5.757575757575758013e-01 8.099762470308788931e-01 4.848484848484848481e-02 2.850356294536817228e-02
0.000000000000000000e+00 5.954545454545454586e-01 8.657957244655581919e-01 2.727272727272727140e-02 4.513064133016626844e-02
0.000000000000000000e+00 2.500000000000000000e-01 8.871733966745842803e-01 4.545454545454545581e-02 7.838479809976246770e-02
