0.000000000000000000e+00 4.342592592592592338e-01 5.413650465356774077e-01 1.222222222222222182e-01 2.119958634953464371e-01
0.000000000000000000e+00 3.370370370370370239e-01 6.194415718717684038e-01 7.407407407407406996e-02 5.791106514994829452e-02
0.000000000000000000e+00 3.810185185185185341e-01 7.052740434332989139e-01 4.722222222222222099e-02 6.411582213029989874e-02
0.000000000000000000e+00 3.467592592592592671e-01 6.980351602895553675e-01 2.129629629629629581e-02 3.929679420889348185e-02
0.000000000000000000e+00 4.296296296296296391e-01 7.135470527404342844e-01 4.074074074074074403e-02 6.204756980351602835e-02
0.000000000000000000e+00 4.662037037037037313e-01 6.985522233712513351e-01 3.425925925925926013e-02 3.826266804550155359e-02
0.000000000000000000e+00 4.620370370370370239e-01 3.867631851085832628e-01 3.074074074074074070e-01 1.447776628748707328e-01
0.000000000000000000e+00 4.916666666666666408e-01 2.704239917269907201e-01 2.296296296296296280e-01 9.824198552223371850e-02
0.000000000000000000e+00 4.101851851851852082e-01 1.602895553257497330e-01 1.277777777777777679e-01 1.220268872802481863e-01
0.000000000000000000e+00 4.560185185185185452e-01 8.324715615305067207e-02 9.907407407407407829e-02 7.549120992761117199e-02
0.000000000000000000e+00 5.805555555555556024e-01 2.099276111685625668e-01 4.259259259259259162e-02 5.997931747673215797e-02
