0.000000000000000000e+00 3.280000000000000138e-01 6.074626865671641784e-01 2.000000000000000042e-02 8.656716417910448325e-02
0.000000000000000000e+00 4.000000000000000222e-01 5.761194029850745801e-01 4.800000000000000100e-02 3.582089552238806179e-02
0.000000000000000000e+00 3.930000000000000160e-01 5.223880597014924909e-01 1.799999999999999864e-02 5.970149253731343170e-02
0.000000000000000000e+00 4.119999999999999774e-01 6.268656716417910779e-01 4.000000000000000083e-02 4.776119402985074675e-02
0.000000000000000000e+00 4.560000000000000164e-01 6.402985074626865725e-01 3.599999999999999728e-02 6.865671641791044888e-02
0.000000000000000000e+00 4.949999999999999956e-01 6.477611940298507731e-01 3.400000000000000244e-02 7.761194029850745912e-02
0.000000000000000000e+00 4.660000000000000253e-01 5.865671641791044832e-01 2.400000000000000050e-02 2.686567164179104461e-02
0.000000000000000000e+00 4.899999999999999911e-01 5.686567164179104905e-01 1.600000000000000033e-02 6.268656716417909947e-02
0.000000000000000000e+00 4.879999999999999893e-01 5.194029850746268995e-01 3.200000000000000067e-02 2.985074626865671585e-02
0.000000000000000000e+00 5.300000000000000266e-01 5.253731343283581934e-01 4.000000000000000083e-02 2.985074626865671585e-02
0.000000000000000000e+00 5.310000000000000275e-01 5.716417910447760820e-01 2.599999999999999881e-02 5.671641791044776393e-02
0.000000000000000000e+00 5.580000000000000515e-01 6.492537313432835688e-01 6.800000000000000488e-02 7.462686567164178442e-02
0.000000000000000000e+00 5.699999999999999512e-01 5.835820895522387808e-01 4.800000000000000100e-02 3.880597014925372956e-02
0.000000000000000000e+00 5.999999999999999778e-01 5.522388059701492935e-01 2.400000000000000050e-02 6.567164179104477417e-02
0.000000000000000000e+00 6.219999999999999973e-01 5.238805970149253977e-01 2.400000000000000050e-02 3.283582089552238709e-02
0.000000000000000000e+00 6.310000000000000053e-01 5.522388059701492935e-01 1.400000000000000029e-02 2.985074626865671585e-02
0.000000000000000000e+00 6.159999999999999920e-01 5.850746268656716875e-01 2.400000000000000050e-02 3.582089552238806179e-02
0.000000000000000000e+00 6.520000000000000240e-01 5.940298507462686839e-01 4.000000000000000083e-02 2.985074626865671585e-02
0.000000000000000000e+00 6.209999999999999964e-01 6.477611940298507731e-01 4.200000000000000261e-02 7.164179104477612359e-02
0.000000000000000000e+00 6.610000000000000320e-01 6.522388059701492713e-01 3.799999999999999906e-02 6.865671641791044888e-02
0.000000000000000000e+00 7.119999999999999662e-01 6.134328358208954723e-01 3.599999999999999728e-02 7.462686567164178442e-02
0.000000000000000000e+00 7.500000000000000000e-01 6.134328358208954723e-01 3.200000000000000067e-02 7.462686567164178442e-02
0.000000000000000000e+00 7.770000000000000240e-01 5.597014925373133831e-01 2.599999999999999881e-02 4.477611940298507204e-02
0.000000000000000000e+00 7.910000000000000364e-01 6.194029850746268773e-01 2.599999999999999881e-02 5.671641791044776393e-02
0.000000000000000000e+00 8.279999999999999583e-01 6.179104477611940816e-01 3.200000000000000067e-02 7.164179104477612359e-02
0.000000000000000000e+00 8.459999999999999742e-01 5.626865671641790856e-01 2.800000000000000058e-02 5.671641791044776393e-02
0.000000000000000000e+00 8.639999999999999902e-01 6.208955223880596730e-01 2.800000000000000058e-02 5.970149253731343170e-02
0.000000000000000000e+00 8.800000000000000044e-01 5.820895522388059851e-01 3.200000000000000067e-02 6.567164179104477417e-02
0.000000000000000000e+00 8.110000000000000542e-01 5.358208955223880965e-01 2.999999999999999889e-02 2.686567164179104461e-02
