0.000000000000000000e+00 3.571428571428571508e-01 3.964646464646464641e-01 3.193277310924369505e-02 1.414141414141414088e-01
0.000000000000000000e+00 3.823529411764705621e-01 4.520202020202020443e-01 3.529411764705882304e-02 7.575757575757575968e-02
0.000000000000000000e+00 3.798319327731092265e-01 5.719696969696970168e-01 3.361344537815125905e-02 1.186868686868686878e-01
0.000000000000000000e+00 3.857142857142857317e-01 7.260101010101009944e-01 8.235294117647058709e-02 1.590909090909090884e-01
0.000000000000000000e+00 2.268907563025210072e-01 7.373737373737373479e-01 3.025210084033613453e-02 5.050505050505050414e-02
0.000000000000000000e+00 4.630252100840336338e-01 6.287878787878787845e-01 6.890756302521008902e-02 2.878787878787879007e-01
0.000000000000000000e+00 5.058823529411764497e-01 4.078282828282828176e-01 5.714285714285714107e-02 1.540404040404040331e-01
0.000000000000000000e+00 5.630252100840336116e-01 3.686868686868686740e-01 5.042016806722689204e-02 1.212121212121212155e-01
0.000000000000000000e+00 5.840336134453781858e-01 5.467171717171717127e-01 3.529411764705882304e-02 2.348484848484848619e-01
0.000000000000000000e+00 5.495798319327731551e-01 7.424242424242424310e-01 1.075630252100840401e-01 2.070707070707070718e-01
0.000000000000000000e+00 6.352941176470587870e-01 7.992424242424241987e-01 6.386554621848739011e-02 1.287878787878787845e-01
0.000000000000000000e+00 5.134453781512604564e-01 5.694444444444444198e-01 3.193277310924369505e-02 5.303030303030303177e-02
