0.000000000000000000e+00 5.541666666666666963e-02 6.305555555555555358e-01 6.583333333333332704e-02 2.055555555555555469e-01
0.000000000000000000e+00 1.133333333333333276e-01 3.888888888888888951e-01 6.833333333333332926e-02 8.222222222222222432e-02
0.000000000000000000e+00 1.024999999999999939e-01 5.205555555555555491e-01 3.333333333333333287e-02 8.999999999999999667e-02
0.000000000000000000e+00 2.750000000000000222e-01 6.144444444444444597e-01 1.049999999999999961e-01 1.111111111111111049e-01
0.000000000000000000e+00 1.570833333333333248e-01 7.127777777777777324e-01 1.091666666666666619e-01 8.333333333333332871e-02
0.000000000000000000e+00 3.720833333333333215e-01 4.038888888888889084e-01 5.583333333333333204e-02 9.666666666666666463e-02
0.000000000000000000e+00 4.562499999999999889e-01 3.077777777777777612e-01 7.749999999999999944e-02 7.111111111111111105e-02
0.000000000000000000e+00 2.795833333333333504e-01 4.483333333333333059e-01 7.249999999999999500e-02 9.222222222222221932e-02
0.000000000000000000e+00 2.741666666666666696e-01 5.255555555555555536e-01 7.499999999999999722e-02 5.555555555555555247e-02
0.000000000000000000e+00 2.279166666666666563e-01 5.216666666666666119e-01 3.749999999999999861e-02 8.333333333333332871e-02
0.000000000000000000e+00 1.820833333333333470e-01 6.133333333333332860e-01 7.083333333333333148e-02 1.133333333333333276e-01
0.000000000000000000e+00 8.041666666666666408e-02 7.822222222222222632e-01 2.750000000000000014e-02 4.444444444444444614e-02
