0.000000000000000000e+00 1.110000000000000014e-01 9.324324324324324842e-02 5.399999999999999939e-02 1.756756756756756854e-01
0.000000000000000000e+00 1.829999999999999960e-01 2.094594594594594572e-01 3.400000000000000244e-02 1.594594594594594683e-01
0.000000000000000000e+00 2.109999999999999931e-01 1.418918918918918859e-01 3.400000000000000244e-02 8.918918918918919414e-02
0.000000000000000000e+00 2.899999999999999800e-01 3.202702702702702742e-01 5.600000000000000117e-02 1.594594594594594683e-01
0.000000000000000000e+00 3.330000000000000182e-01 2.986486486486486513e-01 3.799999999999999906e-02 1.486486486486486569e-01
0.000000000000000000e+00 3.699999999999999956e-01 3.810810810810810745e-01 5.999999999999999778e-02 1.675675675675675769e-01
0.000000000000000000e+00 4.169999999999999818e-01 4.000000000000000222e-01 4.200000000000000261e-02 6.486486486486486847e-02
0.000000000000000000e+00 4.789999999999999813e-01 4.054054054054054279e-01 3.400000000000000244e-02 9.729729729729730270e-02
0.000000000000000000e+00 5.340000000000000302e-01 4.486486486486486736e-01 4.800000000000000100e-02 1.081081081081081141e-01
0.000000000000000000e+00 5.610000000000000542e-01 3.391891891891891664e-01 7.000000000000000666e-02 1.162162162162162227e-01
0.000000000000000000e+00 6.139999999999999902e-01 4.486486486486486736e-01 4.800000000000000100e-02 2.324324324324324453e-01
0.000000000000000000e+00 6.440000000000000169e-01 3.027027027027027195e-01 4.800000000000000100e-02 7.027027027027027417e-02
