0.000000000000000000e+00 3.403645833333333592e-01 5.083333333333333037e-01 3.385416666666666435e-02 1.851851851851851749e-02
0.000000000000000000e+00 3.976562499999999889e-01 5.064814814814815325e-01 7.968749999999999445e-02 1.481481481481481538e-02
0.000000000000000000e+00 4.604166666666666408e-01 5.027777777777777679e-01 4.166666666666666435e-02 2.222222222222222307e-02
0.000000000000000000e+00 5.005208333333333037e-01 5.037037037037036535e-01 3.958333333333333148e-02 3.518518518518518740e-02
0.000000000000000000e+00 5.502604166666666963e-01 4.990740740740740589e-01 6.197916666666666852e-02 4.814814814814814825e-02
0.000000000000000000e+00 6.054687500000000000e-01 4.921296296296296391e-01 4.843750000000000139e-02 5.277777777777777762e-02
0.000000000000000000e+00 6.101562499999999556e-01 4.532407407407407218e-01 2.760416666666666574e-02 3.055555555555555455e-02
0.000000000000000000e+00 6.515625000000000444e-01 4.810185185185185119e-01 4.270833333333333426e-02 6.574074074074073848e-02
0.000000000000000000e+00 6.596354166666666963e-01 4.328703703703703498e-01 2.343750000000000000e-02 3.055555555555555455e-02
0.000000000000000000e+00 7.494791666666666963e-01 4.722222222222222099e-01 1.541666666666666741e-01 7.962962962962963354e-02
0.000000000000000000e+00 7.166666666666666741e-01 4.111111111111110938e-01 4.895833333333333287e-02 4.629629629629629373e-02
0.000000000000000000e+00 7.791666666666666741e-01 4.162037037037036868e-01 6.041666666666666713e-02 3.611111111111110772e-02
0.000000000000000000e+00 8.356770833333333481e-01 4.847222222222222210e-01 1.718750000000000139e-02 5.833333333333333426e-02
0.000000000000000000e+00 8.541666666666666297e-01 5.018518518518518823e-01 1.874999999999999931e-02 3.888888888888888951e-02
0.000000000000000000e+00 8.674479166666666519e-01 5.143518518518518379e-01 8.854166666666666435e-03 6.574074074074073848e-02
0.000000000000000000e+00 8.651041666666666741e-01 4.083333333333333259e-01 1.458333333333333356e-02 5.000000000000000278e-02
0.000000000000000000e+00 8.679687499999999556e-01 4.578703703703703720e-01 8.854166666666666435e-03 5.092592592592592310e-02
