0.000000000000000000e+00 2.343750000000000000e-01 4.764705882352940902e-01 4.062500000000000139e-02 8.823529411764706454e-02
0.000000000000000000e+00 2.906250000000000222e-01 4.088235294117646967e-01 7.499999999999999722e-02 2.058823529411764608e-01
0.000000000000000000e+00 4.156250000000000222e-01 3.411764705882353033e-01 8.749999999999999445e-02 1.235294117647058876e-01
0.000000000000000000e+00 4.046874999999999778e-01 2.470588235294117752e-01 4.374999999999999722e-02 6.470588235294118251e-02
0.000000000000000000e+00 3.671875000000000000e-01 1.911764705882352811e-01 3.749999999999999861e-02 4.705882352941176405e-02
0.000000000000000000e+00 1.921875000000000111e-01 2.926470588235294268e-01 5.312499999999999861e-02 5.588235294117647328e-02
0.000000000000000000e+00 2.046874999999999944e-01 7.941176470588234837e-02 2.812500000000000069e-02 7.647058823529412352e-02
0.000000000000000000e+00 3.828125000000000000e-01 4.338235294117647189e-01 1.062499999999999972e-01 4.411764705882353227e-02
0.000000000000000000e+00 2.273437500000000111e-01 7.455882352941176627e-01 5.781250000000000278e-02 9.117647058823528938e-02
0.000000000000000000e+00 3.242187500000000000e-01 7.058823529411765163e-01 9.531249999999999445e-02 1.000000000000000056e-01
0.000000000000000000e+00 3.515625000000000000e-01 7.720588235294117974e-01 7.187499999999999445e-02 5.000000000000000278e-02
0.000000000000000000e+00 3.562500000000000111e-01 8.220588235294117307e-01 7.187499999999999445e-02 3.823529411764706176e-02
0.000000000000000000e+00 3.984375000000000000e-01 8.632352941176471006e-01 2.812500000000000069e-02 2.647058823529411728e-02
0.000000000000000000e+00 1.437499999999999889e-01 6.558823529411764719e-01 4.374999999999999722e-02 8.823529411764706454e-02
0.000000000000000000e+00 6.046875000000000444e-01 3.661764705882352700e-01 8.749999999999999445e-02 5.000000000000000278e-02
0.000000000000000000e+00 5.937500000000000000e-01 3.044117647058823262e-01 2.500000000000000139e-02 7.352941176470588480e-02
0.000000000000000000e+00 6.304687500000000222e-01 3.014705882352941013e-01 2.968749999999999861e-02 6.764705882352940736e-02
0.000000000000000000e+00 6.671875000000000444e-01 3.294117647058823484e-01 4.062500000000000139e-02 7.058823529411764608e-02
0.000000000000000000e+00 7.242187500000000222e-01 2.529411764705882248e-01 7.343750000000000278e-02 1.588235294117646967e-01
0.000000000000000000e+00 7.867187500000000222e-01 2.676470588235294046e-01 4.843750000000000139e-02 1.529411764705882470e-01
0.000000000000000000e+00 8.117187500000000444e-01 4.544117647058823484e-01 3.906250000000000000e-02 1.441176470588235170e-01
0.000000000000000000e+00 7.859374999999999556e-01 3.750000000000000000e-01 2.500000000000000139e-02 4.411764705882353227e-02
0.000000000000000000e+00 6.796875000000000000e-01 4.235294117647058765e-01 9.062499999999999722e-02 7.058823529411764608e-02
0.000000000000000000e+00 6.812500000000000222e-01 4.867647058823529327e-01 6.875000000000000555e-02 6.176470588235294379e-02
0.000000000000000000e+00 3.578124999999999778e-01 5.691176470588235059e-01 1.874999999999999931e-02 1.147058823529411714e-01
0.000000000000000000e+00 3.992187500000000111e-01 5.205882352941176849e-01 6.406249999999999445e-02 5.882352941176470507e-02
0.000000000000000000e+00 4.468750000000000222e-01 5.397058823529411464e-01 4.062500000000000139e-02 1.029411764705882304e-01
0.000000000000000000e+00 4.765625000000000000e-01 6.529411764705882470e-01 3.437500000000000278e-02 1.058823529411764691e-01
0.000000000000000000e+00 4.328124999999999889e-01 9.294117647058823817e-01 2.500000000000000139e-02 8.235294117647058709e-02
0.000000000000000000e+00 4.765625000000000000e-01 9.014705882352941346e-01 5.000000000000000278e-02 1.029411764705882304e-01
0.000000000000000000e+00 5.828124999999999556e-01 8.750000000000000000e-01 1.312500000000000056e-01 8.529411764705882582e-02
0.000000000000000000e+00 5.320312499999999556e-01 6.235294117647058876e-01 5.468750000000000000e-02 1.000000000000000056e-01
0.000000000000000000e+00 5.257812499999999778e-01 5.382352941176470340e-01 5.781250000000000278e-02 6.470588235294118251e-02
0.000000000000000000e+00 5.828124999999999556e-01 5.161764705882353477e-01 2.187499999999999861e-02 6.176470588235294379e-02
0.000000000000000000e+00 5.820312500000000000e-01 5.926470588235294157e-01 3.593749999999999722e-02 6.176470588235294379e-02
0.000000000000000000e+00 7.281250000000000222e-01 5.794117647058824039e-01 5.937499999999999722e-02 5.294117647058823456e-02
0.000000000000000000e+00 6.999999999999999556e-01 6.720588235294118196e-01 3.125000000000000000e-02 7.352941176470588480e-02
0.000000000000000000e+00 7.398437500000000222e-01 6.720588235294118196e-01 3.593749999999999722e-02 4.411764705882353227e-02
0.000000000000000000e+00 7.851562500000000000e-01 6.044117647058823151e-01 4.218750000000000278e-02 3.823529411764706176e-02
0.000000000000000000e+00 1.335937500000000111e-01 4.852941176470588203e-01 5.468750000000000000e-02 4.117647058823529355e-02
0.000000000000000000e+00 4.124999999999999778e-01 8.029411764705882693e-01 2.500000000000000139e-02 5.294117647058823456e-02
0.000000000000000000e+00 4.078125000000000222e-01 7.500000000000000000e-01 2.812500000000000069e-02 4.117647058823529355e-02
0.000000000000000000e+00 4.804687500000000000e-01 7.308823529411764275e-01 2.968749999999999861e-02 3.823529411764706176e-02
0.000000000000000000e+00 6.296874999999999556e-01 7.397058823529412130e-01 5.000000000000000278e-02 9.117647058823528938e-02
0.000000000000000000e+00 5.414062499999999778e-01 7.838235294117646967e-01 4.531249999999999861e-02 8.529411764705882582e-02
0.000000000000000000e+00 5.351562500000000000e-01 7.029411764705881804e-01 4.218750000000000278e-02 4.117647058823529355e-02
