0.000000000000000000e+00 3.308823529411764747e-02 7.837301587301587213e-01 6.323529411764705621e-02 1.190476190476190410e-01
0.000000000000000000e+00 1.176470588235294101e-01 6.765873015873016261e-01 5.000000000000000278e-02 5.555555555555555247e-02
0.000000000000000000e+00 1.522058823529411631e-01 5.714285714285713969e-01 5.735294117647058570e-02 8.730158730158729674e-02
0.000000000000000000e+00 2.397058823529411853e-01 4.742063492063491870e-01 8.529411764705882582e-02 1.150793650793650730e-01
0.000000000000000000e+00 2.882352941176470340e-01 6.309523809523809312e-01 5.000000000000000278e-02 5.555555555555555247e-02
0.000000000000000000e+00 3.198529411764705621e-01 5.714285714285713969e-01 6.029411764705882443e-02 6.349206349206348854e-02
0.000000000000000000e+00 3.713235294117647189e-01 4.801587301587301737e-01 3.676470588235294240e-02 7.142857142857142461e-02
0.000000000000000000e+00 4.463235294117647300e-01 4.553571428571428492e-01 4.852941176470588341e-02 6.944444444444444753e-02
0.000000000000000000e+00 4.977941176470588314e-01 3.958333333333333148e-01 3.676470588235294240e-02 3.769841269841269632e-02
0.000000000000000000e+00 4.838235294117647078e-01 1.438492063492063378e-01 2.647058823529411728e-02 1.785714285714285615e-02
0.000000000000000000e+00 3.654411764705882137e-01 2.063492063492063378e-01 2.794117647058823664e-02 2.380952380952380820e-02
0.000000000000000000e+00 1.897058823529411686e-01 8.025793650793651146e-01 3.235294117647059126e-02 4.960317460317460042e-02
0.000000000000000000e+00 1.176470588235294101e-02 9.057539682539682557e-01 2.058823529411764677e-02 3.373015873015872829e-02
0.000000000000000000e+00 1.323529411764705864e-02 9.841269841269840724e-01 2.352941176470588203e-02 3.174603174603174427e-02
