0.000000000000000000e+00 6.484375000000000000e-01 6.412037037037037202e-01 8.020833333333333981e-02 3.981481481481481677e-02
0.000000000000000000e+00 6.059895833333333037e-01 6.111111111111111605e-01 3.072916666666666505e-02 6.481481481481481122e-02
0.000000000000000000e+00 5.614583333333332815e-01 6.203703703703703498e-01 5.625000000000000139e-02 5.000000000000000278e-02
0.000000000000000000e+00 5.171875000000000222e-01 6.092592592592592782e-01 3.541666666666666574e-02 3.148148148148147835e-02
0.000000000000000000e+00 4.885416666666666519e-01 5.990740740740740922e-01 2.291666666666666505e-02 2.592592592592592518e-02
0.000000000000000000e+00 4.653645833333333592e-01 5.935185185185185563e-01 2.552083333333333287e-02 1.851851851851851749e-02
0.000000000000000000e+00 4.986979166666666852e-01 4.995370370370370572e-01 2.447916666666666644e-02 3.240740740740740561e-02
0.000000000000000000e+00 5.242187499999999556e-01 4.879629629629629872e-01 2.656249999999999931e-02 3.333333333333333287e-02
0.000000000000000000e+00 5.638020833333333703e-01 4.583333333333333148e-01 4.947916666666666435e-02 5.555555555555555247e-02
0.000000000000000000e+00 5.916666666666666741e-01 4.361111111111111160e-01 5.520833333333333148e-02 6.666666666666666574e-02
0.000000000000000000e+00 6.354166666666666297e-01 4.370370370370370572e-01 3.541666666666666574e-02 4.444444444444444614e-02
