0.000000000000000000e+00 3.322916666666666519e-01 4.333333333333333481e-01 4.895833333333333287e-02 1.407407407407407496e-01
0.000000000000000000e+00 3.643229166666666630e-01 4.564814814814814881e-01 7.812500000000000000e-03 7.407407407407406996e-02
0.000000000000000000e+00 3.776041666666666852e-01 4.870370370370370461e-01 1.458333333333333356e-02 2.037037037037037202e-02
0.000000000000000000e+00 3.726562500000000222e-01 3.898148148148148362e-01 2.760416666666666574e-02 4.259259259259259162e-02
0.000000000000000000e+00 4.627604166666666741e-01 3.356481481481481399e-01 2.447916666666666644e-02 9.907407407407407829e-02
0.000000000000000000e+00 4.864583333333333259e-01 4.087962962962962687e-01 3.125000000000000000e-02 1.694444444444444531e-01
0.000000000000000000e+00 5.242187499999999556e-01 4.273148148148148140e-01 4.218750000000000278e-02 1.416666666666666630e-01
0.000000000000000000e+00 5.677083333333333703e-01 4.712962962962962687e-01 4.791666666666666990e-02 1.944444444444444475e-01
0.000000000000000000e+00 5.273437500000000000e-01 5.222222222222222543e-01 3.072916666666666505e-02 4.629629629629629373e-02
0.000000000000000000e+00 6.083333333333332815e-01 4.699074074074073848e-01 3.437500000000000278e-02 6.388888888888888395e-02
