0.000000000000000000e+00 6.307692307692307210e-02 2.260273972602739601e-01 8.000000000000000167e-02 1.963470319634703087e-01
0.000000000000000000e+00 1.830769230769230815e-01 2.500000000000000000e-01 8.307692307692307598e-02 1.940639269406392586e-01
0.000000000000000000e+00 1.238461538461538419e-01 2.819634703196347014e-01 4.769230769230769357e-02 1.210045662100456554e-01
0.000000000000000000e+00 2.107692307692307643e-01 8.105022831050227861e-02 7.384615384615385303e-02 1.575342465753424570e-01
0.000000000000000000e+00 2.692307692307692180e-01 1.484018264840182566e-01 4.000000000000000083e-02 1.050228310502283047e-01
0.000000000000000000e+00 2.692307692307692180e-01 3.207762557077625809e-01 7.384615384615385303e-02 1.164383561643835552e-01
0.000000000000000000e+00 3.384615384615384526e-02 6.449771689497716398e-01 4.000000000000000083e-02 7.990867579908675356e-02
0.000000000000000000e+00 8.692307692307692235e-02 6.358447488584474394e-01 4.153846153846153799e-02 6.164383561643835274e-02
0.000000000000000000e+00 2.384615384615384678e-02 9.257990867579908301e-01 4.153846153846153799e-02 4.337899543378995193e-02
0.000000000000000000e+00 8.153846153846153189e-02 9.269406392694063967e-01 4.307692307692307515e-02 5.479452054794520244e-02
0.000000000000000000e+00 1.338461538461538369e-01 9.383561643835616195e-01 5.538461538461538630e-02 3.196347031963470142e-02
0.000000000000000000e+00 1.930769230769230904e-01 7.591324200913242004e-01 2.307692307692307820e-02 1.164383561643835552e-01
0.000000000000000000e+00 2.184615384615384570e-01 9.200913242009132187e-01 4.923076923076923073e-02 6.392694063926940284e-02
0.000000000000000000e+00 3.061538461538461653e-01 9.212328767123287854e-01 1.261538461538461442e-01 3.424657534246575152e-02
0.000000000000000000e+00 2.992307692307692446e-01 7.168949771689497874e-01 1.369230769230769251e-01 2.328767123287671104e-01
0.000000000000000000e+00 4.423076923076922906e-01 9.029680365296803846e-01 3.230769230769230810e-02 7.077625570776255315e-02
0.000000000000000000e+00 4.861538461538461586e-01 9.132420091324200406e-01 2.153846153846153758e-02 3.196347031963470142e-02
0.000000000000000000e+00 5.384615384615384359e-01 7.682648401826484008e-01 1.015384615384615358e-01 3.310502283105022925e-01
0.000000000000000000e+00 6.153846153846154188e-01 9.121004566210045850e-01 4.615384615384615641e-02 6.164383561643835274e-02
0.000000000000000000e+00 6.507692307692307665e-01 7.671232876712328341e-01 1.846153846153846326e-02 6.849315068493150305e-02
0.000000000000000000e+00 6.669230769230769518e-01 8.447488584474885931e-01 3.538461538461538242e-02 9.589041095890410427e-02
0.000000000000000000e+00 6.684615384615384404e-01 9.337899543378995748e-01 5.692307692307692346e-02 4.566210045662100203e-02
0.000000000000000000e+00 7.892307692307691802e-01 7.168949771689497874e-01 1.569230769230769151e-01 2.374429223744292106e-01
0.000000000000000000e+00 8.823076923076923483e-01 5.821917808219178037e-01 1.030769230769230799e-01 4.566210045662100203e-02
0.000000000000000000e+00 9.107692307692307754e-01 6.289954337899543724e-01 4.615384615384615641e-02 5.707762557077625254e-02
0.000000000000000000e+00 8.861538461538461808e-01 7.214611872146118321e-01 3.384615384615384526e-02 1.232876712328767055e-01
0.000000000000000000e+00 9.499999999999999556e-01 5.753424657534246256e-01 2.923076923076923031e-02 4.566210045662100203e-02
0.000000000000000000e+00 9.692307692307692291e-01 6.267123287671232390e-01 3.384615384615384526e-02 4.794520547945205213e-02
0.000000000000000000e+00 6.323076923076923483e-01 6.061643835616438158e-01 8.923076923076922462e-02 2.511415525114155112e-02
0.000000000000000000e+00 6.953846153846153788e-01 6.312785388127853947e-01 3.384615384615384526e-02 6.621004566210045295e-02
0.000000000000000000e+00 4.038461538461538547e-01 5.057077625570776114e-01 1.092307692307692285e-01 6.621004566210045295e-02
0.000000000000000000e+00 3.546153846153846101e-01 2.888127853881278795e-01 7.846153846153845757e-02 1.986301369863013588e-01
0.000000000000000000e+00 4.376923076923077138e-01 2.659817351598173785e-01 8.153846153846153189e-02 7.077625570776255315e-02
0.000000000000000000e+00 5.807692307692308153e-01 1.986301369863013588e-01 1.953846153846153788e-01 1.461187214611872065e-01
0.000000000000000000e+00 8.684615384615385070e-01 1.678082191780821963e-01 5.076923076923076789e-02 6.621004566210045295e-02
0.000000000000000000e+00 2.861538461538461475e-01 5.262557077625570345e-01 4.923076923076923073e-02 2.511415525114155112e-02
