0.000000000000000000e+00 1.127929687500000000e-01 6.713554987212275726e-01 8.300781250000000000e-02 8.184143222506394533e-02
0.000000000000000000e+00 2.055664062500000000e-01 6.962915601023017542e-01 9.863281250000000000e-02 1.010230179028133030e-01
0.000000000000000000e+00 4.174804687500000000e-01 7.301790281329922916e-01 3.154296875000000000e-01 9.974424552429667079e-02
0.000000000000000000e+00 6.308593750000000000e-01 7.423273657289002347e-01 1.191406250000000000e-01 1.163682864450127918e-01
0.000000000000000000e+00 7.563476562500000000e-01 7.103580562659846942e-01 1.318359375000000000e-01 1.291560102301790303e-01
0.000000000000000000e+00 9.023437500000000000e-01 7.448849104859335268e-01 1.054687500000000000e-01 6.521739130434782428e-02
0.000000000000000000e+00 8.120117187500000000e-01 6.189258312020460284e-01 7.128906250000000000e-02 6.393861892583120599e-02
0.000000000000000000e+00 5.117187500000000000e-01 6.240409207161125016e-01 4.394531250000000000e-01 1.253196930946291476e-01
0.000000000000000000e+00 4.799804687500000000e-01 4.968030690537084126e-01 1.552734375000000000e-01 1.291560102301790303e-01
0.000000000000000000e+00 6.152343750000000000e-01 4.782608695652174058e-01 5.078125000000000000e-02 1.918158567774936041e-01
0.000000000000000000e+00 5.273437500000000000e-01 4.060102301790281532e-01 4.687500000000000000e-02 5.498721227621483632e-02
0.000000000000000000e+00 2.309570312500000000e-01 5.626598465473146016e-01 4.980468750000000000e-02 5.882352941176470507e-02
