0.000000000000000000e+00 1.066666666666666735e-01 7.073732718894009119e-01 7.000000000000000666e-02 1.013824884792626779e-01
0.000000000000000000e+00 1.983333333333333337e-01 7.338709677419354982e-01 1.199999999999999956e-01 1.175115207373271936e-01
0.000000000000000000e+00 3.383333333333333193e-01 7.580645161290322509e-01 1.600000000000000033e-01 8.755760368663594029e-02
0.000000000000000000e+00 3.674999999999999933e-01 6.509216589861751556e-01 6.500000000000000222e-02 1.313364055299539035e-01
0.000000000000000000e+00 5.625000000000000000e-01 7.868663594470045597e-01 2.716666666666666674e-01 1.082949308755760398e-01
0.000000000000000000e+00 6.949999999999999512e-01 7.315668202764976646e-01 1.533333333333333215e-01 1.589861751152073788e-01
0.000000000000000000e+00 9.066666666666666208e-01 7.845622119815668372e-01 8.666666666666666963e-02 7.142857142857142461e-02
0.000000000000000000e+00 4.791666666666666852e-01 5.564516129032257563e-01 1.316666666666666541e-01 1.912442396313364101e-01
0.000000000000000000e+00 5.300000000000000266e-01 6.877880184331797153e-01 1.600000000000000033e-01 9.447004608294930217e-02
0.000000000000000000e+00 4.166666666666666852e-01 6.635944700460829626e-01 5.999999999999999778e-02 1.013824884792626779e-01
0.000000000000000000e+00 6.141666666666666385e-01 5.817972350230414813e-01 4.499999999999999833e-02 8.986175115207373221e-02
0.000000000000000000e+00 8.225000000000000089e-01 6.831797235023041592e-01 3.500000000000000333e-02 1.036866359447004560e-01
