0.000000000000000000e+00 6.244444444444444686e-01 4.378698224852071164e-01 1.777777777777777846e-01 1.775147928994082747e-01
0.000000000000000000e+00 5.011111111111110628e-01 6.168639053254437732e-01 1.266666666666666774e-01 1.686390532544378706e-01
0.000000000000000000e+00 6.722222222222222765e-01 6.227810650887574129e-01 1.622222222222222121e-01 1.804733727810650945e-01
0.000000000000000000e+00 8.733333333333332948e-01 5.902366863905325056e-01 2.533333333333333548e-01 1.863905325443787064e-01
0.000000000000000000e+00 9.622222222222222010e-01 3.846153846153846367e-01 7.555555555555555636e-02 2.248520710059171701e-01
0.000000000000000000e+00 3.011111111111111072e-01 7.248520710059171979e-01 2.888888888888888756e-02 6.508875739644970349e-02
0.000000000000000000e+00 2.611111111111111271e-01 7.307692307692307265e-01 2.888888888888888756e-02 5.325443786982248656e-02
0.000000000000000000e+00 4.633333333333333193e-01 7.396449704142011861e-01 4.222222222222222349e-02 7.692307692307692735e-02
0.000000000000000000e+00 6.977777777777778301e-01 7.588757396449704595e-01 9.777777777777778290e-02 5.621301775147929253e-02
0.000000000000000000e+00 9.222222222222222765e-01 7.973372781065088954e-01 8.000000000000000167e-02 6.213017751479289752e-02
0.000000000000000000e+00 9.033333333333333215e-01 7.248520710059171979e-01 1.933333333333333293e-01 8.284023668639053928e-02
0.000000000000000000e+00 5.744444444444444242e-01 8.002958579881657153e-01 3.777777777777777818e-02 9.171597633136094330e-02
0.000000000000000000e+00 3.300000000000000155e-01 8.210059171597633432e-01 4.222222222222222349e-02 5.029585798816568060e-02
