0.000000000000000000e+00 1.859375000000000056e-01 4.518518518518518379e-01 7.916666666666666297e-02 1.666666666666666644e-02
0.000000000000000000e+00 2.591145833333333148e-01 4.495370370370370128e-01 6.197916666666666852e-02 3.055555555555555455e-02
0.000000000000000000e+00 3.255208333333333148e-01 4.310185185185185230e-01 7.083333333333333148e-02 9.722222222222222376e-02
0.000000000000000000e+00 3.828125000000000000e-01 4.412037037037037090e-01 4.791666666666666990e-02 8.055555555555556080e-02
0.000000000000000000e+00 4.395833333333333259e-01 4.023148148148147918e-01 6.145833333333333010e-02 1.509259259259259356e-01
0.000000000000000000e+00 4.906249999999999778e-01 4.152777777777778012e-01 3.854166666666666852e-02 1.212962962962962910e-01
0.000000000000000000e+00 5.294270833333333259e-01 4.319444444444444642e-01 3.802083333333333010e-02 8.796296296296296502e-02
0.000000000000000000e+00 5.861979166666666519e-01 4.328703703703703498e-01 7.239583333333333981e-02 7.499999999999999722e-02
0.000000000000000000e+00 6.419270833333333703e-01 4.458333333333333592e-01 4.010416666666666990e-02 6.759259259259259300e-02
0.000000000000000000e+00 6.773437500000000222e-01 4.597222222222221988e-01 3.281250000000000139e-02 5.277777777777777762e-02
0.000000000000000000e+00 7.033854166666666519e-01 4.662037037037037313e-01 2.239583333333333356e-02 3.425925925925926013e-02
0.000000000000000000e+00 7.234374999999999556e-01 4.685185185185185008e-01 2.187499999999999861e-02 2.222222222222222307e-02
0.000000000000000000e+00 5.736979166666666963e-01 4.949074074074074070e-01 2.135416666666666713e-02 4.537037037037037340e-02
0.000000000000000000e+00 6.815104166666666741e-01 4.097222222222222099e-01 2.656249999999999931e-02 4.351851851851851888e-02
0.000000000000000000e+00 7.161458333333333703e-01 4.342592592592592338e-01 3.020833333333333356e-02 2.962962962962963076e-02
