0.000000000000000000e+00 3.573333333333333361e-01 5.150000000000000133e-01 4.000000000000000083e-02 1.219999999999999973e-01
0.000000000000000000e+00 3.933333333333333126e-01 5.360000000000000320e-01 3.466666666666666508e-02 6.800000000000000488e-02
0.000000000000000000e+00 4.179999999999999827e-01 5.130000000000000115e-01 1.733333333333333254e-02 6.199999999999999956e-02
0.000000000000000000e+00 4.520000000000000129e-01 5.470000000000000417e-01 5.066666666666666541e-02 5.000000000000000278e-02
0.000000000000000000e+00 4.986666666666666470e-01 5.260000000000000231e-01 7.466666666666667285e-02 8.000000000000000167e-02
0.000000000000000000e+00 5.446666666666666323e-01 4.630000000000000226e-01 1.106666666666666632e-01 1.059999999999999970e-01
0.000000000000000000e+00 5.540000000000000480e-01 3.430000000000000271e-01 8.133333333333332693e-02 1.300000000000000044e-01
0.000000000000000000e+00 6.480000000000000204e-01 4.610000000000000209e-01 3.466666666666666508e-02 4.599999999999999922e-02
0.000000000000000000e+00 6.600000000000000311e-01 5.410000000000000364e-01 3.733333333333333642e-02 4.599999999999999922e-02
0.000000000000000000e+00 5.046666666666667078e-01 3.770000000000000018e-01 2.533333333333333270e-02 5.800000000000000294e-02
