0.000000000000000000e+00 6.918238993710691398e-01 6.004601226993865337e-01 1.163522012578616371e-01 1.088957055214723885e-01
0.000000000000000000e+00 8.144654088050314877e-01 5.598159509202453865e-01 1.037735849056603821e-01 6.441717791411043226e-02
0.000000000000000000e+00 7.727987421383647471e-01 7.415644171779141036e-01 1.147798742138364803e-01 1.088957055214723885e-01
0.000000000000000000e+00 6.092767295597484312e-01 8.305214723926380715e-01 9.591194968553459765e-02 8.128834355828221114e-02
0.000000000000000000e+00 7.146226415094339979e-01 8.657975460122699918e-01 8.647798742138364247e-02 7.515337423312883069e-02
0.000000000000000000e+00 6.705974842767296051e-01 7.845092024539876974e-01 8.018867924528301494e-02 6.901840490797546412e-02
0.000000000000000000e+00 9.575471698113207086e-01 7.776073619631901357e-01 8.490566037735848559e-02 6.134969325153374203e-02
0.000000000000000000e+00 7.932389937106918421e-01 8.773006134969325576e-01 7.075471698113207364e-02 7.668711656441717928e-02
0.000000000000000000e+00 2.838050314465409008e-01 8.075153374233128289e-01 5.503144654088050480e-02 4.754601226993865337e-02
0.000000000000000000e+00 6.761006289308175710e-01 6.955521472392638405e-01 6.918238993710691676e-02 4.447852760736196315e-02
