0.000000000000000000e+00 1.022727272727272790e-01 5.525830258302583120e-01 9.090909090909091161e-02 1.162361623616236100e-01
0.000000000000000000e+00 1.659090909090909227e-01 5.276752767527674859e-01 8.636363636363636465e-02 1.402214022140221283e-01
0.000000000000000000e+00 2.340909090909090995e-01 5.664206642066420549e-01 5.000000000000000278e-02 5.535055350553505504e-02
0.000000000000000000e+00 2.670454545454545303e-01 5.350553505535055043e-01 4.318181818181818232e-02 5.904059040590405733e-02
0.000000000000000000e+00 2.465909090909090828e-01 6.199261992619926609e-01 3.409090909090908839e-02 5.166051660516605276e-02
0.000000000000000000e+00 3.068181818181818163e-02 5.571955719557195597e-01 5.681818181818181629e-02 4.428044280442804126e-02
0.000000000000000000e+00 1.250000000000000069e-02 6.143911439114391193e-01 2.045454545454545442e-02 5.904059040590405733e-02
0.000000000000000000e+00 2.272727272727272790e-02 6.669741697416974313e-01 2.272727272727272790e-02 3.874538745387454131e-02
0.000000000000000000e+00 7.272727272727272374e-02 6.872693726937268988e-01 2.727272727272727140e-02 3.505535055350553209e-02
0.000000000000000000e+00 1.045454545454545386e-01 6.817343173431734682e-01 1.818181818181818094e-02 1.660516605166051721e-02
0.000000000000000000e+00 1.272727272727272596e-01 6.789667896678966974e-01 1.818181818181818094e-02 1.845018450184501835e-02
0.000000000000000000e+00 1.522727272727272818e-01 6.743542435424354498e-01 2.272727272727272790e-02 2.029520295202951949e-02
0.000000000000000000e+00 1.772727272727272763e-01 6.669741697416974313e-01 3.636363636363636187e-02 2.398523985239852524e-02
0.000000000000000000e+00 2.090909090909090773e-01 6.632841328413283666e-01 1.818181818181818094e-02 2.029520295202951949e-02
0.000000000000000000e+00 1.397727272727272707e-01 7.011070110701107527e-01 3.409090909090908839e-02 1.845018450184501835e-02
0.000000000000000000e+00 2.170454545454545414e-01 6.863468634686347158e-01 2.045454545454545442e-02 1.845018450184501835e-02
0.000000000000000000e+00 2.295454545454545525e-01 7.038745387453874125e-01 1.818181818181818094e-02 1.291512915129151319e-02
0.000000000000000000e+00 2.534090909090909172e-01 6.752767527675276327e-01 2.500000000000000139e-02 2.214022140221402063e-02
0.000000000000000000e+00 2.795454545454545414e-01 6.706642066420663850e-01 3.636363636363636187e-02 1.660516605166051721e-02
0.000000000000000000e+00 2.795454545454545414e-01 6.512915129151291005e-01 1.818181818181818094e-02 1.845018450184501835e-02
0.000000000000000000e+00 3.136363636363636576e-01 6.420664206642066052e-01 1.818181818181818094e-02 1.476014760147601433e-02
0.000000000000000000e+00 3.397727272727272818e-01 5.784132841328413210e-01 5.227272727272726932e-02 3.505535055350553209e-02
0.000000000000000000e+00 3.579545454545454697e-01 6.070110701107011009e-01 2.954545454545454489e-02 1.845018450184501835e-02
0.000000000000000000e+00 4.068181818181818010e-01 5.996309963099630824e-01 5.454545454545454281e-02 2.214022140221402063e-02
0.000000000000000000e+00 4.227272727272727293e-01 5.590405904059040365e-01 3.181818181818181490e-02 4.428044280442804126e-02
0.000000000000000000e+00 3.227272727272727515e-01 5.405904059040590459e-01 4.090909090909090884e-02 2.583025830258302638e-02
0.000000000000000000e+00 3.340909090909091050e-01 5.110701107011069722e-01 5.909090909090908977e-02 1.845018450184501835e-02
0.000000000000000000e+00 4.034090909090908839e-01 4.870848708487084955e-01 5.681818181818181629e-02 3.690036900369003670e-02
0.000000000000000000e+00 4.874999999999999889e-01 5.138376383763837429e-01 5.681818181818181629e-02 7.564575645756457800e-02
0.000000000000000000e+00 4.954545454545454808e-01 5.645756457564575781e-01 4.090909090909090884e-02 2.583025830258302638e-02
0.000000000000000000e+00 5.977272727272727737e-01 4.990774907749077616e-01 5.454545454545454281e-02 5.350553505535055043e-02
0.000000000000000000e+00 6.386363636363636687e-01 5.212177121771217614e-01 5.000000000000000278e-02 4.981549815498154815e-02
0.000000000000000000e+00 6.750000000000000444e-01 4.732472324723246970e-01 4.090909090909090884e-02 7.933579335793357334e-02
0.000000000000000000e+00 7.102272727272727071e-01 4.280442804428044035e-01 5.227272727272726932e-02 4.797047970479705048e-02
0.000000000000000000e+00 7.465909090909090828e-01 4.012915129151291560e-01 4.318181818181818232e-02 4.612546125461254587e-02
0.000000000000000000e+00 5.670454545454545192e-01 5.894833948339482932e-01 1.590909090909090745e-02 2.029520295202951949e-02
0.000000000000000000e+00 5.795454545454545858e-01 6.088560885608855777e-01 1.818181818181818094e-02 2.214022140221402063e-02
0.000000000000000000e+00 5.852272727272727071e-01 6.282287822878228623e-01 1.590909090909090745e-02 1.660516605166051721e-02
0.000000000000000000e+00 5.704545454545454364e-01 6.549815498154981652e-01 7.727272727272727071e-02 1.845018450184501835e-02
0.000000000000000000e+00 6.500000000000000222e-01 5.922509225092250640e-01 5.000000000000000278e-02 2.214022140221402063e-02
0.000000000000000000e+00 4.863636363636363869e-01 6.273062730627306793e-01 1.818181818181818094e-02 1.476014760147601433e-02
0.000000000000000000e+00 5.170454545454545858e-01 6.171586715867158901e-01 3.409090909090908839e-02 2.029520295202951949e-02
0.000000000000000000e+00 4.545454545454545303e-01 6.789667896678966974e-01 6.363636363636362980e-02 1.845018450184501835e-02
