0.000000000000000000e+00 3.183333333333333570e-01 7.992518703241895395e-01 6.199999999999999956e-01 4.014962593516209211e-01
0.000000000000000000e+00 6.841666666666667007e-01 9.401496259351620477e-01 9.500000000000000111e-02 1.197007481296758075e-01
0.000000000000000000e+00 7.883333333333333304e-01 9.725685785536160033e-01 1.133333333333333276e-01 5.486284289276807669e-02
0.000000000000000000e+00 1.633333333333333304e-01 5.548628428927681044e-01 2.200000000000000011e-01 8.229426433915211503e-02
0.000000000000000000e+00 2.158333333333333215e-01 3.316708229426433840e-01 1.783333333333333437e-01 3.690773067331670765e-01
0.000000000000000000e+00 3.775000000000000022e-01 4.962593516209476419e-01 3.500000000000000333e-02 2.044887780548628464e-01
0.000000000000000000e+00 3.883333333333333082e-01 3.142144638403990275e-01 2.666666666666666838e-02 1.147132169576059874e-01
0.000000000000000000e+00 4.224999999999999867e-01 5.660847880299252344e-01 5.166666666666666630e-02 6.982543640897755088e-02
0.000000000000000000e+00 5.258333333333333748e-01 4.937655860349127179e-01 2.016666666666666607e-01 2.094763092269326665e-01
0.000000000000000000e+00 6.566666666666666208e-01 6.620947630922693339e-01 5.999999999999999778e-02 1.521197007481296659e-01
0.000000000000000000e+00 5.124999999999999556e-01 2.842892768079800514e-01 5.833333333333333426e-02 2.044887780548628464e-01
0.000000000000000000e+00 5.833333333333333703e-01 3.541147132169575884e-01 7.333333333333333370e-02 7.980049875311720498e-02
0.000000000000000000e+00 8.441666666666666208e-01 6.546134663341646176e-01 2.916666666666666852e-01 1.521197007481296659e-01
0.000000000000000000e+00 8.408333333333333215e-01 4.825436408977555880e-01 2.316666666666666596e-01 2.019950124688279225e-01
0.000000000000000000e+00 8.974999999999999645e-01 2.805486284289276933e-01 1.183333333333333320e-01 1.920199501246882823e-01
0.000000000000000000e+00 9.116666666666666252e-01 1.359102244389027436e-01 7.333333333333333370e-02 9.226932668329176912e-02
0.000000000000000000e+00 8.091666666666667007e-01 3.603491271820448705e-01 6.833333333333332926e-02 5.236907730673316663e-02
