0.000000000000000000e+00 1.841145833333333315e-01 4.013888888888889062e-01 8.177083333333333426e-02 1.342592592592592726e-01
0.000000000000000000e+00 2.158854166666666630e-01 5.291666666666666741e-01 4.010416666666666990e-02 1.101851851851851916e-01
0.000000000000000000e+00 1.604166666666666796e-01 5.439814814814815103e-01 1.458333333333333356e-02 1.324074074074074181e-01
0.000000000000000000e+00 4.187500000000000111e-01 5.231481481481481399e-01 4.270833333333333426e-02 1.092592592592592643e-01
0.000000000000000000e+00 4.526041666666666408e-01 5.162037037037037202e-01 1.666666666666666644e-02 9.351851851851851471e-02
0.000000000000000000e+00 4.679687499999999889e-01 4.861111111111111049e-01 2.864583333333333218e-02 3.333333333333333287e-02
0.000000000000000000e+00 4.682291666666666408e-01 4.412037037037037090e-01 3.541666666666666574e-02 3.611111111111110772e-02
0.000000000000000000e+00 5.010416666666667185e-01 4.412037037037037090e-01 2.083333333333333218e-02 2.870370370370370350e-02
0.000000000000000000e+00 5.098958333333333259e-01 4.837962962962962798e-01 3.333333333333333287e-02 3.796296296296296224e-02
0.000000000000000000e+00 5.161458333333333037e-01 5.365740740740740922e-01 2.916666666666666713e-02 8.796296296296296502e-02
0.000000000000000000e+00 5.515624999999999556e-01 5.643518518518518823e-01 2.708333333333333426e-02 6.388888888888888395e-02
0.000000000000000000e+00 5.526041666666666741e-01 3.569444444444444531e-01 4.062500000000000139e-02 1.916666666666666796e-01
0.000000000000000000e+00 7.622395833333333037e-01 5.018518518518518823e-01 3.802083333333333010e-02 8.518518518518518323e-02
0.000000000000000000e+00 8.049479166666666519e-01 4.893518518518518712e-01 4.114583333333333287e-02 4.722222222222222099e-02
0.000000000000000000e+00 8.544270833333332815e-01 5.129629629629629539e-01 4.322916666666666574e-02 1.000000000000000056e-01
0.000000000000000000e+00 5.684895833333333259e-01 5.328703703703703276e-01 1.510416666666666678e-02 1.268518518518518545e-01
