0.000000000000000000e+00 3.266666666666666607e-01 4.238451935081148370e-01 1.799999999999999933e-01 1.136079900124843944e-01
0.000000000000000000e+00 3.995833333333333459e-01 2.921348314606741492e-01 1.125000000000000028e-01 1.573033707865168496e-01
0.000000000000000000e+00 3.195833333333333304e-01 3.227215980024968900e-01 5.083333333333333454e-02 8.614232209737827939e-02
0.000000000000000000e+00 2.712499999999999911e-01 5.674157303370787053e-01 6.583333333333332704e-02 8.114856429463171428e-02
0.000000000000000000e+00 4.358333333333333504e-01 6.429463171036204905e-01 2.700000000000000178e-01 1.498127340823970088e-01
0.000000000000000000e+00 4.558333333333333126e-01 5.243445692883894615e-01 2.500000000000000000e-01 8.988764044943819975e-02
0.000000000000000000e+00 5.120833333333333348e-01 4.207240948813982251e-01 1.791666666666666685e-01 1.098626716604244741e-01
0.000000000000000000e+00 6.304166666666666252e-01 6.485642946317103918e-01 1.125000000000000028e-01 1.685393258426966245e-01
0.000000000000000000e+00 6.529166666666667007e-01 5.268414481897627510e-01 6.083333333333333648e-02 9.488139825218476486e-02
0.000000000000000000e+00 4.962500000000000244e-01 7.702871410736579216e-01 1.258333333333333248e-01 1.023720349563046195e-01
0.000000000000000000e+00 6.304166666666666252e-01 7.796504369538077572e-01 1.491666666666666696e-01 8.863920099875155501e-02
0.000000000000000000e+00 7.587500000000000355e-01 8.252184769038701795e-01 9.750000000000000333e-02 6.991260923845193931e-02
0.000000000000000000e+00 8.679166666666666696e-01 8.701622971285892794e-01 9.583333333333333981e-02 1.073657927590511846e-01
0.000000000000000000e+00 7.895833333333333037e-01 6.367041198501872667e-01 5.916666666666666602e-02 6.741573033707864981e-02
0.000000000000000000e+00 9.562500000000000444e-01 8.651685393258427004e-01 7.916666666666666297e-02 6.741573033707864981e-02
0.000000000000000000e+00 8.270833333333332815e-01 7.615480649188514084e-01 3.083333333333333412e-02 5.243445692883895448e-02
0.000000000000000000e+00 9.799999999999999822e-01 9.481897627965043540e-01 4.000000000000000083e-02 7.116104868913857018e-02
0.000000000000000000e+00 2.120833333333333459e-01 3.626716604244694109e-01 5.416666666666666852e-02 3.870162297128589002e-02
