0.000000000000000000e+00 3.674479166666666519e-01 8.453703703703703276e-01 4.322916666666666574e-02 1.296296296296296224e-01
0.000000000000000000e+00 4.000000000000000222e-01 8.060185185185184675e-01 4.270833333333333426e-02 7.314814814814814270e-02
0.000000000000000000e+00 5.312500000000000000e-01 9.300925925925925819e-01 1.187499999999999944e-01 3.796296296296296224e-02
0.000000000000000000e+00 2.981770833333333148e-01 8.972222222222222543e-01 9.322916666666666852e-02 6.851851851851852027e-02
0.000000000000000000e+00 3.171875000000000111e-01 4.537037037037037202e-01 5.937499999999999722e-02 1.425925925925926041e-01
0.000000000000000000e+00 3.843750000000000222e-01 3.347222222222221988e-01 5.520833333333333148e-02 1.101851851851851916e-01
0.000000000000000000e+00 4.247395833333333370e-01 4.467592592592592449e-01 7.031250000000000000e-02 7.685185185185185175e-02
0.000000000000000000e+00 5.734375000000000444e-01 3.458333333333333259e-01 7.187499999999999445e-02 1.509259259259259356e-01
0.000000000000000000e+00 5.091145833333333703e-01 5.097222222222221877e-01 5.052083333333333426e-02 7.129629629629630205e-02
0.000000000000000000e+00 4.015624999999999889e-01 7.388888888888889284e-01 3.437500000000000278e-02 6.111111111111110911e-02
0.000000000000000000e+00 5.044270833333333037e-01 8.226851851851851860e-01 4.218750000000000278e-02 2.500000000000000139e-02
0.000000000000000000e+00 4.322916666666666852e-01 7.546296296296296502e-01 1.562500000000000000e-02 6.111111111111110911e-02
0.000000000000000000e+00 4.526041666666666408e-01 7.476851851851852304e-01 1.770833333333333287e-02 5.462962962962963215e-02
0.000000000000000000e+00 3.851562499999999778e-01 9.236111111111111605e-01 7.239583333333333981e-02 2.870370370370370350e-02
