0.000000000000000000e+00 5.297741273100615711e-01 4.597315436241610764e-01 9.445585215605749319e-02 1.610738255033556943e-01
0.000000000000000000e+00 5.102669404517453655e-01 6.728187919463086697e-01 3.901437371663244585e-02 5.704697986577181301e-02
0.000000000000000000e+00 4.887063655030801090e-01 8.372483221476509918e-01 2.053388090349075878e-02 3.691275167785235123e-02
0.000000000000000000e+00 5.143737166324435783e-01 8.859060402684564295e-01 2.258726899383983744e-02 1.275167785234899431e-01
0.000000000000000000e+00 5.462012320328542003e-01 9.110738255033556943e-01 3.285420944558521683e-02 5.704697986577181301e-02
0.000000000000000000e+00 5.893223819301848243e-01 9.161073825503355250e-01 5.338809034907597562e-02 6.040268456375839229e-02
0.000000000000000000e+00 8.726899383983573177e-02 9.093959731543623803e-01 3.490759753593428855e-02 4.026845637583892357e-02
0.000000000000000000e+00 1.622176591375769916e-01 9.127516778523490082e-01 2.053388090349075878e-02 4.026845637583892357e-02
0.000000000000000000e+00 2.268993839835728998e-01 8.624161073825503676e-01 3.080082135523613818e-02 2.013422818791946178e-02
0.000000000000000000e+00 3.932238193018480765e-01 9.060402684563758635e-01 3.080082135523613818e-02 7.382550335570470246e-02
