0.000000000000000000e+00 6.840796019900497599e-03 8.892156862745097534e-01 1.119402985074626801e-02 5.294117647058823456e-02
0.000000000000000000e+00 2.798507462686567263e-02 9.019607843137255054e-01 1.865671641791044610e-02 2.352941176470588203e-02
0.000000000000000000e+00 8.955223880597014408e-02 9.009803921568627638e-01 1.741293532338308511e-02 2.156862745098039186e-02
0.000000000000000000e+00 4.502487562189054771e-01 8.911764705882353477e-01 1.243781094527363247e-02 2.941176470588235253e-02
0.000000000000000000e+00 4.745024875621890459e-01 8.882352941176470118e-01 2.114427860696517503e-02 3.529411764705882304e-02
0.000000000000000000e+00 5.155472636815920939e-01 8.941176470588235725e-01 1.368159203980099520e-02 1.960784313725490169e-02
0.000000000000000000e+00 6.399253731343284013e-01 8.598039215686275050e-01 3.855721393034825667e-02 3.333333333333333287e-02
0.000000000000000000e+00 6.741293532338308303e-01 8.794117647058823373e-01 2.736318407960199039e-02 4.901960784313725422e-02
0.000000000000000000e+00 7.139303482587064931e-01 8.764705882352941124e-01 1.741293532338308511e-02 1.960784313725490169e-02
0.000000000000000000e+00 7.444029850746268773e-01 8.058823529411764941e-01 2.114427860696517503e-02 2.745098039215686236e-02
0.000000000000000000e+00 9.179104477611940149e-01 8.872549019607842702e-01 3.233830845771144130e-02 3.725490196078431321e-02
0.000000000000000000e+00 8.420398009950248452e-01 8.372549019607843368e-01 1.990049751243781057e-02 4.313725490196078372e-02
0.000000000000000000e+00 8.439054726368159232e-01 8.754901960784313708e-01 1.368159203980099520e-02 2.549019607843137220e-02
0.000000000000000000e+00 7.916666666666666297e-01 8.862745098039215286e-01 1.368159203980099520e-02 3.529411764705882304e-02
0.000000000000000000e+00 8.097014925373133831e-01 8.774509803921568540e-01 1.492537313432835792e-02 2.156862745098039186e-02
