0.000000000000000000e+00 4.533854166666666519e-01 5.532407407407406996e-01 2.760416666666666574e-02 3.240740740740740561e-02
0.000000000000000000e+00 4.799479166666666408e-01 5.527777777777778123e-01 2.447916666666666644e-02 2.777777777777777624e-02
0.000000000000000000e+00 3.783854166666666408e-01 5.976851851851852082e-01 1.822916666666666782e-02 4.351851851851851888e-02
0.000000000000000000e+00 4.822916666666666741e-01 5.972222222222222099e-01 1.562500000000000000e-02 4.259259259259259162e-02
0.000000000000000000e+00 4.591145833333333259e-01 4.967592592592592338e-01 1.718750000000000139e-02 2.129629629629629581e-02
0.000000000000000000e+00 3.726562500000000222e-01 5.402777777777777457e-01 1.093749999999999931e-02 3.240740740740740561e-02
0.000000000000000000e+00 8.572916666666666741e-01 5.754629629629629539e-01 2.500000000000000139e-02 4.351851851851851888e-02
0.000000000000000000e+00 8.539062499999999778e-01 6.226851851851852304e-01 2.864583333333333218e-02 5.092592592592592310e-02
0.000000000000000000e+00 5.049479166666667185e-01 6.106481481481481621e-01 2.447916666666666644e-02 2.685185185185185244e-02
0.000000000000000000e+00 4.562499999999999889e-01 6.171296296296295836e-01 2.604166666666666782e-02 2.314814814814814686e-02
