0.000000000000000000e+00 1.358333333333333337e-01 9.222222222222221932e-02 2.250000000000000056e-01 1.799999999999999933e-01
0.000000000000000000e+00 1.708333333333333370e-01 2.211111111111111194e-01 1.483333333333333448e-01 8.222222222222222432e-02
0.000000000000000000e+00 1.975000000000000089e-01 2.866666666666666807e-01 9.500000000000000111e-02 5.777777777777777513e-02
0.000000000000000000e+00 4.416666666666666519e-01 1.777777777777777846e-01 7.333333333333333370e-02 2.177777777777777646e-01
0.000000000000000000e+00 5.658333333333332993e-01 1.588888888888888851e-01 7.499999999999999722e-02 1.533333333333333215e-01
0.000000000000000000e+00 6.641666666666666829e-01 1.077777777777777779e-01 1.216666666666666730e-01 1.222222222222222182e-01
0.000000000000000000e+00 8.024999999999999911e-01 2.588888888888888906e-01 2.016666666666666607e-01 1.577777777777777668e-01
0.000000000000000000e+00 4.408333333333333548e-01 3.766666666666666496e-01 1.983333333333333337e-01 1.622222222222222121e-01
0.000000000000000000e+00 4.541666666666666630e-01 5.144444444444444819e-01 1.250000000000000000e-01 1.177777777777777729e-01
0.000000000000000000e+00 4.400000000000000022e-01 6.355555555555555403e-01 1.933333333333333293e-01 1.244444444444444409e-01
0.000000000000000000e+00 3.674999999999999933e-01 7.877777777777777990e-01 6.166666666666666824e-02 7.333333333333333370e-02
0.000000000000000000e+00 4.308333333333333459e-01 7.199999999999999734e-01 7.833333333333333814e-02 5.333333333333333676e-02
0.000000000000000000e+00 6.766666666666666385e-01 2.811111111111110894e-01 5.999999999999999778e-02 5.999999999999999778e-02
0.000000000000000000e+00 7.508333333333333526e-01 5.000000000000000278e-02 6.166666666666666824e-02 4.666666666666666879e-02
