0.000000000000000000e+00 3.663157894736842057e-01 7.124277456647398754e-01 4.842105263157894801e-02 8.959537572254334947e-02
0.000000000000000000e+00 4.057894736842105332e-01 6.893063583815028927e-01 3.052631578947368265e-02 6.936416184971097576e-02
0.000000000000000000e+00 4.105263157894736836e-01 7.572254335260115710e-01 3.368421052631578871e-02 3.179190751445086505e-02
0.000000000000000000e+00 4.405263157894737103e-01 7.817919075144508234e-01 2.000000000000000042e-02 6.358381502890173009e-02
0.000000000000000000e+00 4.710526315789473895e-01 7.377167630057803738e-01 3.894736842105263330e-02 5.057803468208092734e-02
0.000000000000000000e+00 4.436842105263157920e-01 6.914739884393064084e-01 4.105263157894736836e-02 3.901734104046242907e-02
0.000000000000000000e+00 4.684210526315789602e-01 7.752890173410404984e-01 2.736842105263158006e-02 2.456647398843930796e-02
0.000000000000000000e+00 4.947368421052631415e-01 7.861271676300578548e-01 2.947368421052631512e-02 2.601156069364161938e-02
0.000000000000000000e+00 5.457894736842104910e-01 7.608381502890173564e-01 4.736842105263158048e-02 1.054913294797687889e-01
0.000000000000000000e+00 5.552631578947367919e-01 8.352601156069364707e-01 2.421052631578947401e-02 5.202312138728323876e-02
