0.000000000000000000e+00 3.620923913043478382e-01 7.710843373493976305e-01 3.940217391304347977e-02 8.433734939759035543e-02
0.000000000000000000e+00 4.055706521739130266e-01 7.793674698795181044e-01 5.842391304347826358e-02 5.873493975903614633e-02
0.000000000000000000e+00 4.701086956521738913e-01 7.665662650602409478e-01 4.619565217391304046e-02 6.626506024096386060e-02
0.000000000000000000e+00 5.822010869565217295e-01 7.402108433734939652e-01 4.211956521739130405e-02 5.873493975903614633e-02
0.000000000000000000e+00 6.270380434782608647e-01 7.281626506024095891e-01 2.853260869565217225e-02 5.271084337349397908e-02
0.000000000000000000e+00 6.501358695652174058e-01 6.995481927710843761e-01 4.483695652173912832e-02 3.463855421686747038e-02
0.000000000000000000e+00 6.902173913043477826e-01 7.439759036144578674e-01 3.804347826086956763e-02 4.819277108433735191e-02
0.000000000000000000e+00 4.836956521739130266e-01 8.222891566265060348e-01 1.630434782608695607e-02 1.807228915662650523e-02
0.000000000000000000e+00 4.266304347826087029e-01 8.433734939759036653e-01 2.445652173913043584e-02 1.204819277108433798e-02
0.000000000000000000e+00 5.319293478260869179e-01 7.597891566265060348e-01 6.657608695652174335e-02 4.668674698795180489e-02
