0.000000000000000000e+00 2.304147465437788034e-01 5.931232091690544772e-01 3.686635944700460826e-02 5.157593123209169156e-02
0.000000000000000000e+00 1.970046082949308830e-01 6.103151862464183397e-01 1.612903225806451568e-02 5.730659025787965960e-02
0.000000000000000000e+00 2.188940092165898577e-01 6.461318051575931642e-01 2.764976958525345793e-02 4.297994269340973950e-02
0.000000000000000000e+00 2.488479262672811110e-01 6.776504297994269121e-01 4.147465437788018516e-02 3.151862464183381035e-02
0.000000000000000000e+00 2.857142857142856984e-01 6.446991404011461757e-01 2.764976958525345793e-02 4.011461318051576241e-02
0.000000000000000000e+00 2.995391705069124222e-01 6.991404011461318513e-01 4.147465437788018516e-02 7.449856733524355679e-02
0.000000000000000000e+00 2.580645161290322509e-01 7.134670487106017367e-01 4.147465437788018516e-02 3.438395415472779437e-02
0.000000000000000000e+00 2.223502304147465525e-01 7.091690544412607711e-01 2.534562211981566948e-02 2.578796561604584578e-02
0.000000000000000000e+00 4.619815668202765235e-01 6.575931232091690726e-01 2.073732718894009258e-02 1.117478510028653282e-01
0.000000000000000000e+00 4.815668202764977202e-01 7.106017191977077596e-01 2.304147465437788103e-02 5.157593123209169156e-02
0.000000000000000000e+00 4.861751152073732762e-01 6.174785100286532824e-01 2.304147465437788103e-02 9.455587392550143799e-02
0.000000000000000000e+00 8.513824884792626779e-01 4.871060171919771031e-01 4.377880184331797014e-02 1.318051575931231956e-01
0.000000000000000000e+00 9.112903225806451291e-01 5.200573065902578396e-01 4.838709677419354704e-02 7.736389684813753387e-02
0.000000000000000000e+00 9.735023041474654137e-01 4.455587392550143244e-01 5.299539170506912394e-02 2.148997134670486975e-01
