0.000000000000000000e+00 2.796296296296296169e-01 6.374999999999999556e-01 3.333333333333333287e-02 2.500000000000000139e-02
0.000000000000000000e+00 3.379629629629629650e-01 8.097222222222222321e-01 2.037037037037037202e-02 3.055555555555555455e-02
0.000000000000000000e+00 7.259259259259259744e-01 7.069444444444444864e-01 8.518518518518518323e-02 9.166666666666666019e-02
0.000000000000000000e+00 8.027777777777778123e-01 8.083333333333333481e-01 1.666666666666666644e-02 5.000000000000000278e-02
0.000000000000000000e+00 3.962962962962963132e-01 5.444444444444443976e-01 2.222222222222222307e-02 5.000000000000000278e-02
0.000000000000000000e+00 4.351851851851851749e-01 5.486111111111111605e-01 1.481481481481481538e-02 5.833333333333333426e-02
0.000000000000000000e+00 4.537037037037037202e-01 5.722222222222221877e-01 1.851851851851851749e-02 3.888888888888888951e-02
0.000000000000000000e+00 3.574074074074073959e-01 7.027777777777777235e-01 3.703703703703703498e-02 2.055555555555555469e-01
0.000000000000000000e+00 3.250000000000000111e-01 6.750000000000000444e-01 2.407407407407407413e-02 8.888888888888889228e-02
0.000000000000000000e+00 3.009259259259259300e-01 6.777777777777778123e-01 1.296296296296296259e-02 6.111111111111110911e-02
0.000000000000000000e+00 2.722222222222221988e-01 7.069444444444444864e-01 2.592592592592592518e-02 6.388888888888888395e-02
0.000000000000000000e+00 4.055555555555555580e-01 7.319444444444443976e-01 3.703703703703703498e-02 1.027777777777777735e-01
0.000000000000000000e+00 6.453703703703703720e-01 5.500000000000000444e-01 3.148148148148147835e-02 3.333333333333333287e-02
