0.000000000000000000e+00 2.846219201359388440e-01 3.801597869507323812e-01 8.326253186066270850e-02 5.992010652463382325e-02
0.000000000000000000e+00 3.130841121495326895e-01 3.195739014647137055e-01 6.372132540356839625e-02 5.858854860186418073e-02
0.000000000000000000e+00 3.368734069668649078e-01 4.487350199733688427e-01 2.973661852166525205e-02 9.587217043941410888e-02
0.000000000000000000e+00 5.259133389974511852e-01 3.888149134487350334e-01 3.908241291418861757e-02 6.924101198402130009e-02
0.000000000000000000e+00 5.318606627017842259e-01 3.249001331557923034e-01 2.888700084961767084e-02 6.657789613848202892e-02
0.000000000000000000e+00 5.679694137638062745e-01 4.540612516644473851e-01 1.784197111299914984e-02 1.864181091877496754e-02
0.000000000000000000e+00 5.887850467289719170e-01 4.986684420772303783e-01 1.529311809685641489e-02 3.328894806924101446e-02
0.000000000000000000e+00 6.032285471537808252e-01 5.266311584553927672e-01 1.189464740866610047e-02 2.263648468708388817e-02
0.000000000000000000e+00 6.295666949872557039e-01 6.145139813581891319e-01 9.345794392523364136e-02 6.790945406125166450e-02
0.000000000000000000e+00 7.017841971112999122e-01 6.677762982689746663e-01 7.816482582837723514e-02 7.589880159786950575e-02
0.000000000000000000e+00 7.090059473237043663e-01 7.736351531291610906e-01 7.221750212404418057e-02 3.195739014647137194e-02
0.000000000000000000e+00 6.559048428207306936e-01 8.322237017310253337e-01 5.777400169923534168e-02 6.391478029294274388e-02
0.000000000000000000e+00 5.998300764655905004e-01 9.374167776298268917e-01 2.718776550552251536e-02 6.657789613848202892e-02
