0.000000000000000000e+00 2.671875000000000222e-01 5.229591836734693855e-01 8.437500000000000555e-02 2.500000000000000000e-01
0.000000000000000000e+00 3.273437499999999889e-01 2.920918367346938549e-01 8.593750000000000000e-02 8.928571428571428770e-02
0.000000000000000000e+00 3.281250000000000000e-01 4.158163265306122347e-01 3.437500000000000278e-02 1.632653061224489666e-01
0.000000000000000000e+00 3.734374999999999778e-01 3.545918367346938549e-01 4.374999999999999722e-02 7.142857142857142461e-02
0.000000000000000000e+00 3.617187499999999778e-01 4.451530612244897767e-01 2.656249999999999931e-02 9.948979591836734637e-02
0.000000000000000000e+00 3.421874999999999778e-01 5.344387755102041337e-01 2.500000000000000139e-02 7.908163265306122902e-02
0.000000000000000000e+00 3.234374999999999889e-01 7.104591836734693855e-01 7.187499999999999445e-02 1.403061224489795811e-01
0.000000000000000000e+00 4.046874999999999778e-01 7.142857142857143016e-01 9.375000000000000000e-02 1.224489795918367319e-01
0.000000000000000000e+00 4.328124999999999889e-01 6.428571428571429047e-01 8.749999999999999445e-02 1.479591836734693855e-01
0.000000000000000000e+00 4.367187499999999889e-01 5.000000000000000000e-01 8.593750000000000000e-02 1.326530612244898044e-01
0.000000000000000000e+00 4.382812500000000111e-01 3.928571428571428492e-01 2.968749999999999861e-02 8.673469387755101956e-02
0.000000000000000000e+00 4.492187500000000000e-01 3.022959183673469274e-01 3.593749999999999722e-02 9.948979591836734637e-02
0.000000000000000000e+00 4.898437500000000222e-01 5.982142857142856984e-01 2.968749999999999861e-02 7.397959183673469274e-02
0.000000000000000000e+00 4.921875000000000000e-01 4.897959183673469274e-01 2.187499999999999861e-02 5.612244897959183659e-02
0.000000000000000000e+00 4.804687500000000000e-01 3.112244897959183798e-01 2.343750000000000000e-02 3.571428571428571230e-02
0.000000000000000000e+00 4.820312500000000222e-01 3.864795918367346927e-01 3.281250000000000139e-02 4.846938775510203912e-02
