0.000000000000000000e+00 3.383333333333333193e-01 2.562499999999999778e-01 1.133333333333333276e-01 1.150000000000000050e-01
0.000000000000000000e+00 2.099999999999999922e-01 7.212499999999999467e-01 4.000000000000000083e-02 5.750000000000000250e-02
0.000000000000000000e+00 5.537499999999999645e-01 3.449999999999999734e-01 8.250000000000000389e-02 2.250000000000000056e-01
0.000000000000000000e+00 5.787499999999999867e-01 1.625000000000000056e-01 6.083333333333333648e-02 1.424999999999999878e-01
0.000000000000000000e+00 5.933333333333333792e-01 5.381249999999999645e-01 1.250000000000000000e-01 2.937500000000000111e-01
0.000000000000000000e+00 7.275000000000000355e-01 6.099999999999999867e-01 1.400000000000000133e-01 1.774999999999999911e-01
0.000000000000000000e+00 8.808333333333333570e-01 6.125000000000000444e-01 1.533333333333333215e-01 3.300000000000000155e-01
0.000000000000000000e+00 9.350000000000000533e-01 4.375000000000000000e-01 1.300000000000000044e-01 1.600000000000000033e-01
0.000000000000000000e+00 6.154166666666666119e-01 7.199999999999999734e-01 2.916666666666666713e-02 7.000000000000000666e-02
0.000000000000000000e+00 6.350000000000000089e-01 7.750000000000000222e-01 3.500000000000000333e-02 7.749999999999999944e-02
0.000000000000000000e+00 4.595833333333333437e-01 7.287500000000000089e-01 3.083333333333333412e-02 3.250000000000000111e-02
0.000000000000000000e+00 5.320833333333333526e-01 7.162500000000000533e-01 3.083333333333333412e-02 4.499999999999999833e-02
0.000000000000000000e+00 3.833333333333333592e-01 7.831249999999999600e-01 4.000000000000000083e-02 5.625000000000000139e-02
0.000000000000000000e+00 2.466666666666666730e-01 7.287500000000000089e-01 2.666666666666666838e-02 3.749999999999999861e-02
0.000000000000000000e+00 6.729166666666667185e-01 4.843750000000000000e-01 3.416666666666666463e-02 8.125000000000000278e-02
