0.000000000000000000e+00 1.922348484848484806e-01 4.121725731895223288e-01 3.598484848484848758e-02 1.093990755007704097e-01
0.000000000000000000e+00 2.301136363636363535e-01 4.244992295839753460e-01 3.219696969696969613e-02 1.032357473035439149e-01
0.000000000000000000e+00 2.547348484848485084e-01 4.368258859784283632e-01 2.462121212121212016e-02 7.858243451463790830e-02
0.000000000000000000e+00 2.253787878787878729e-01 5.115562403697997418e-01 1.893939393939393992e-02 7.087827426810477949e-02
0.000000000000000000e+00 2.679924242424242542e-01 5.077041602465330872e-01 1.704545454545454419e-02 5.701078582434514902e-02
0.000000000000000000e+00 2.698863636363636465e-01 5.539291217257319433e-01 1.704545454545454419e-02 4.160246533127889140e-02
0.000000000000000000e+00 2.329545454545454419e-01 5.662557781201849050e-01 1.515151515151515194e-02 3.543913713405238974e-02
0.000000000000000000e+00 2.376893939393939503e-01 6.078582434514637756e-01 1.704545454545454419e-02 3.235747303543913544e-02
0.000000000000000000e+00 1.657196969696969613e-01 5.577812018489984869e-01 2.462121212121212016e-02 1.571648690292758166e-01
0.000000000000000000e+00 9.431818181818182323e-01 5.215716486902927107e-01 3.409090909090908839e-02 2.311248073959938296e-02
0.000000000000000000e+00 8.977272727272727071e-01 4.152542372881355970e-01 3.030303030303030387e-02 1.694915254237288130e-02
