0.000000000000000000e+00 4.413333333333333552e-01 2.682481751824817295e-01 1.600000000000000033e-01 1.386861313868613110e-01
0.000000000000000000e+00 6.393333333333333091e-01 4.041970802919708228e-01 1.239999999999999991e-01 1.624087591240875872e-01
0.000000000000000000e+00 7.513333333333332975e-01 4.406934306569342819e-01 7.866666666666666252e-02 1.733576642335766527e-01
0.000000000000000000e+00 5.180000000000000160e-01 6.459854014598540584e-01 7.066666666666666929e-02 1.058394160583941562e-01
0.000000000000000000e+00 6.280000000000000027e-01 6.578467153284671687e-01 6.133333333333332998e-02 1.368613138686131381e-01
0.000000000000000000e+00 5.593333333333333490e-01 5.164233576642335288e-01 2.800000000000000058e-02 1.131386861313868619e-01
0.000000000000000000e+00 6.006666666666666821e-01 5.538321167883211160e-01 5.199999999999999761e-02 5.656934306569343096e-02
0.000000000000000000e+00 7.093333333333333712e-01 6.231751824817518548e-01 4.533333333333333659e-02 7.846715328467153416e-02
0.000000000000000000e+00 3.360000000000000209e-01 6.277372262773722733e-01 7.466666666666667285e-02 7.664233576642336121e-02
0.000000000000000000e+00 3.300000000000000155e-01 2.390510948905109623e-01 5.999999999999999778e-02 8.759124087591241281e-02
0.000000000000000000e+00 4.560000000000000164e-01 4.023722627737226221e-01 1.093333333333333379e-01 1.222627737226277406e-01
0.000000000000000000e+00 4.433333333333333570e-01 5.328467153284671687e-01 1.133333333333333276e-01 1.313868613138686192e-01
