0.000000000000000000e+00 1.085937500000000028e-01 4.354005167958656108e-01 2.140624999999999889e-01 3.850129198966408262e-01
0.000000000000000000e+00 2.414062499999999889e-01 1.201550387596899278e-01 1.203125000000000028e-01 2.248062015503876077e-01
0.000000000000000000e+00 3.390624999999999889e-01 2.713178294573643234e-01 2.187500000000000000e-01 2.790697674418604612e-01
0.000000000000000000e+00 2.937500000000000111e-01 4.909560723514211911e-01 1.562500000000000000e-01 1.653746770025839863e-01
0.000000000000000000e+00 2.718749999999999778e-01 6.421188630490956006e-01 1.062499999999999972e-01 1.317829457364341206e-01
0.000000000000000000e+00 2.914062499999999778e-01 7.674418604651163101e-01 5.468750000000000000e-02 9.819121447028424099e-02
0.000000000000000000e+00 3.421874999999999778e-01 7.919896640826873391e-01 6.250000000000000000e-02 6.459948320413436140e-02
0.000000000000000000e+00 6.054687500000000000e-01 8.036175710594315458e-01 5.156249999999999722e-02 5.684754521963824442e-02
0.000000000000000000e+00 6.468749999999999778e-01 7.739018087855297212e-01 4.374999999999999722e-02 4.392764857881136659e-02
0.000000000000000000e+00 6.859374999999999778e-01 7.532299741602067611e-01 2.812500000000000069e-02 3.359173126614987265e-02
0.000000000000000000e+00 7.406249999999999778e-01 7.390180878552972121e-01 6.250000000000000000e-02 4.134366925064599657e-02
0.000000000000000000e+00 7.874999999999999778e-01 6.124031007751937761e-01 5.312499999999999861e-02 7.235142118863048533e-02
0.000000000000000000e+00 6.687499999999999556e-01 4.250645994832041308e-01 4.374999999999999722e-02 5.943152454780361443e-02
0.000000000000000000e+00 6.570312499999999556e-01 1.899224806201550431e-01 4.843750000000000139e-02 2.842377260981912221e-02
0.000000000000000000e+00 5.968750000000000444e-01 2.015503875968992220e-01 9.374999999999999653e-03 3.100775193798449569e-02
0.000000000000000000e+00 5.515624999999999556e-01 2.131782945736434010e-01 2.812500000000000069e-02 2.325581395348837177e-02
