0.000000000000000000e+00 4.928571428571428825e-01 4.583333333333333148e-01 8.571428571428571508e-02 1.023809523809523780e-01
0.000000000000000000e+00 5.562500000000000222e-01 4.845238095238095233e-01 4.107142857142857123e-02 8.333333333333332871e-02
0.000000000000000000e+00 5.616071428571428603e-01 4.059523809523809534e-01 3.035714285714285685e-02 7.380952380952381098e-02
0.000000000000000000e+00 6.491071428571428825e-01 3.869047619047619180e-01 9.821428571428571230e-02 1.261904761904761862e-01
0.000000000000000000e+00 6.035714285714285365e-01 4.892857142857142683e-01 3.571428571428571230e-02 7.380952380952381098e-02
0.000000000000000000e+00 6.633928571428571175e-01 5.154761904761904212e-01 5.178571428571428908e-02 3.571428571428571230e-02
0.000000000000000000e+00 7.178571428571428603e-01 5.119047619047618625e-01 4.285714285714285754e-02 5.714285714285714107e-02
0.000000000000000000e+00 7.758928571428571619e-01 4.892857142857142683e-01 4.107142857142857123e-02 3.095238095238095344e-02
0.000000000000000000e+00 8.249999999999999556e-01 4.154761904761904989e-01 5.000000000000000278e-02 1.166666666666666685e-01
0.000000000000000000e+00 8.678571428571428825e-01 4.154761904761904989e-01 3.571428571428571230e-02 2.619047619047619110e-02
0.000000000000000000e+00 8.678571428571428825e-01 4.654761904761904878e-01 2.857142857142857054e-02 4.523809523809523697e-02
0.000000000000000000e+00 5.276785714285714413e-01 5.869047619047619291e-01 3.392857142857142599e-02 5.000000000000000278e-02
