0.000000000000000000e+00 3.890000000000000124e-01 5.106707317073170271e-01 8.999999999999999667e-02 2.530487804878048808e-01
0.000000000000000000e+00 3.250000000000000111e-01 4.908536585365853577e-01 4.599999999999999922e-02 1.219512195121951192e-01
0.000000000000000000e+00 4.630000000000000226e-01 5.609756097560976151e-01 5.000000000000000278e-02 1.158536585365853716e-01
0.000000000000000000e+00 6.860000000000000542e-01 5.670731707317072656e-01 4.800000000000000100e-02 7.926829268292683028e-02
0.000000000000000000e+00 3.380000000000000226e-01 7.195121951219511924e-01 1.559999999999999998e-01 7.317073170731706877e-02
0.000000000000000000e+00 2.780000000000000249e-01 8.307926829268292845e-01 2.800000000000000058e-02 1.067073170731707293e-01
0.000000000000000000e+00 3.200000000000000067e-01 8.384146341463414309e-01 3.599999999999999728e-02 1.280487804878048808e-01
0.000000000000000000e+00 3.579999999999999849e-01 8.567073170731707155e-01 2.800000000000000058e-02 6.097560975609755962e-02
0.000000000000000000e+00 3.559999999999999831e-01 7.865853658536585691e-01 2.400000000000000050e-02 3.048780487804877981e-02
0.000000000000000000e+00 5.280000000000000249e-01 7.027439024390244038e-01 2.800000000000000058e-02 4.573170731707316972e-02
0.000000000000000000e+00 5.540000000000000480e-01 7.042682926829267887e-01 2.400000000000000050e-02 4.878048780487805047e-02
0.000000000000000000e+00 5.270000000000000240e-01 7.469512195121951192e-01 2.199999999999999872e-02 1.829268292682926719e-02
0.000000000000000000e+00 4.390000000000000013e-01 7.164634146341463117e-01 1.799999999999999864e-02 1.829268292682926719e-02
0.000000000000000000e+00 5.530000000000000471e-01 7.500000000000000000e-01 2.199999999999999872e-02 2.439024390243902524e-02
0.000000000000000000e+00 1.920000000000000040e-01 7.027439024390244038e-01 9.600000000000000200e-02 8.231707317073171104e-02
0.000000000000000000e+00 2.760000000000000231e-01 6.753048780487804770e-01 5.600000000000000117e-02 8.231707317073171104e-02
0.000000000000000000e+00 2.449999999999999956e-01 8.429878048780488076e-01 1.799999999999999864e-02 1.006097560975609817e-01
0.000000000000000000e+00 2.320000000000000118e-01 9.085365853658536883e-01 4.000000000000000083e-02 2.439024390243902524e-02
