0.000000000000000000e+00 1.512141280353200834e-01 5.075528700906344337e-01 7.284768211920529535e-02 3.141993957703927420e-01
0.000000000000000000e+00 1.490066225165563030e-01 9.199395770392748695e-01 9.492273730684326616e-02 1.057401812688821691e-01
0.000000000000000000e+00 2.295805739514348853e-01 9.199395770392748695e-01 6.622516556291391243e-02 1.601208459214501501e-01
0.000000000000000000e+00 3.300220750551876581e-01 8.580060422960724686e-01 1.655629139072847811e-01 2.054380664652568078e-01
0.000000000000000000e+00 4.503311258278145934e-01 8.776435045317220185e-01 4.856512141280353023e-02 1.117824773413897271e-01
0.000000000000000000e+00 3.631346578366446143e-01 7.009063444108761809e-01 1.699779249448123697e-01 1.268882175226586084e-01
0.000000000000000000e+00 3.741721854304635997e-01 5.302114803625377348e-01 1.169977924944812370e-01 2.265861027190332333e-01
0.000000000000000000e+00 3.863134657836644337e-01 3.761329305135951429e-01 8.830022075055188324e-02 8.761329305135952261e-02
0.000000000000000000e+00 4.415011037527593607e-01 3.021148036253776259e-01 6.181015452538631688e-02 1.148036253776435062e-01
0.000000000000000000e+00 8.719646799116997915e-01 4.546827794561933422e-01 6.622516556291391243e-02 1.540785498489425920e-01
0.000000000000000000e+00 8.035320088300220709e-01 4.350453172205437924e-01 3.090507726269315844e-02 6.646525679758308325e-02
0.000000000000000000e+00 8.399558498896246839e-01 4.078549848942598088e-01 2.869757174392936067e-02 1.027190332326284039e-01
