0.000000000000000000e+00 4.833333333333333232e-02 8.257772020725389073e-01 4.333333333333333481e-02 2.202072538860103471e-02
0.000000000000000000e+00 7.875000000000000056e-02 8.270725388601036787e-01 1.750000000000000167e-02 1.683937823834196976e-02
0.000000000000000000e+00 1.358333333333333337e-01 8.205958549222798215e-01 6.166666666666666824e-02 2.461139896373057065e-02
0.000000000000000000e+00 2.029166666666666619e-01 8.257772020725389073e-01 5.249999999999999806e-02 1.683937823834196976e-02
0.000000000000000000e+00 2.099999999999999922e-01 8.069948186528497214e-01 1.833333333333333343e-02 1.813471502590673426e-02
0.000000000000000000e+00 2.349999999999999867e-01 7.687823834196890749e-01 1.666666666666666644e-02 1.943005181347150223e-02
0.000000000000000000e+00 2.408333333333333437e-01 8.225388601036269787e-01 1.499999999999999944e-02 2.072538860103627020e-02
0.000000000000000000e+00 3.791666666666666519e-01 8.050518134715025642e-01 2.500000000000000139e-02 2.461139896373057065e-02
0.000000000000000000e+00 4.154166666666666563e-01 8.082901554404144928e-01 3.416666666666666463e-02 2.072538860103627020e-02
0.000000000000000000e+00 4.704166666666666496e-01 8.056994818652849499e-01 6.583333333333332704e-02 1.554404145077720178e-02
0.000000000000000000e+00 4.908333333333333437e-01 7.843264248704663322e-01 1.833333333333333343e-02 1.683937823834196976e-02
