0.000000000000000000e+00 1.929687499999999944e-01 6.645833333333333037e-01 2.812500000000000069e-02 4.791666666666666990e-02
0.000000000000000000e+00 2.433593749999999889e-01 6.630208333333332815e-01 2.734375000000000000e-02 2.395833333333333495e-02
0.000000000000000000e+00 2.582031249999999778e-01 7.093749999999999778e-01 1.796874999999999861e-02 4.791666666666666990e-02
0.000000000000000000e+00 1.316406250000000111e-01 6.151041666666666741e-01 3.203124999999999722e-02 3.229166666666666990e-02
0.000000000000000000e+00 4.597656250000000111e-01 7.578125000000000000e-01 7.890624999999999722e-02 1.979166666666666574e-02
0.000000000000000000e+00 7.757812499999999778e-01 4.640624999999999889e-01 9.843749999999999722e-02 6.354166666666666297e-02
0.000000000000000000e+00 7.914062499999999778e-01 5.109375000000000444e-01 8.437500000000000555e-02 3.645833333333333565e-02
0.000000000000000000e+00 8.257812500000000222e-01 5.578125000000000444e-01 7.343750000000000278e-02 5.520833333333333148e-02
0.000000000000000000e+00 5.636718750000000444e-01 5.802083333333333259e-01 5.234375000000000139e-02 3.125000000000000000e-02
0.000000000000000000e+00 5.664062500000000000e-01 5.364583333333333703e-01 3.906250000000000000e-02 3.749999999999999861e-02
0.000000000000000000e+00 6.050781250000000222e-01 5.411458333333333259e-01 1.796874999999999861e-02 2.812500000000000069e-02
0.000000000000000000e+00 6.152343750000000000e-01 5.848958333333332815e-01 4.296875000000000000e-02 3.645833333333333565e-02
0.000000000000000000e+00 6.445312500000000000e-01 6.338541666666667185e-01 2.656249999999999931e-02 2.395833333333333495e-02
0.000000000000000000e+00 5.050781250000000444e-01 6.651041666666667185e-01 5.546874999999999722e-02 1.979166666666666574e-02
0.000000000000000000e+00 5.382812500000000444e-01 6.453124999999999556e-01 1.718750000000000139e-02 2.604166666666666782e-02
0.000000000000000000e+00 5.511718749999999778e-01 4.265625000000000111e-01 2.265624999999999931e-02 1.979166666666666574e-02
0.000000000000000000e+00 5.886718749999999556e-01 4.213541666666666408e-01 1.484374999999999931e-02 2.187499999999999861e-02
0.000000000000000000e+00 3.929687499999999778e-01 6.807291666666667185e-01 2.031250000000000069e-02 2.395833333333333495e-02
0.000000000000000000e+00 4.085937499999999778e-01 6.645833333333333037e-01 2.031250000000000069e-02 1.458333333333333356e-02
0.000000000000000000e+00 2.750000000000000222e-01 5.776041666666666963e-01 1.093749999999999931e-02 2.812500000000000069e-02
0.000000000000000000e+00 3.695312499999999778e-01 5.749999999999999556e-01 7.812500000000000000e-03 2.708333333333333426e-02
0.000000000000000000e+00 5.171875000000000222e-01 5.906249999999999556e-01 3.125000000000000000e-02 1.250000000000000069e-02
0.000000000000000000e+00 1.886718749999999889e-01 5.817708333333333481e-01 8.593750000000000694e-03 2.604166666666666782e-02
0.000000000000000000e+00 1.273437500000000056e-01 5.614583333333332815e-01 4.687499999999999827e-03 6.250000000000000000e-02
0.000000000000000000e+00 1.566406250000000056e-01 7.380208333333333481e-01 4.765624999999999722e-02 1.770833333333333287e-02
0.000000000000000000e+00 3.726562500000000222e-01 7.416666666666666963e-01 7.656250000000000555e-02 1.666666666666666644e-02
0.000000000000000000e+00 2.042968749999999889e-01 7.177083333333332815e-01 1.015625000000000035e-02 2.083333333333333218e-02
0.000000000000000000e+00 4.820312500000000222e-01 5.791666666666667185e-01 3.125000000000000000e-02 2.916666666666666713e-02
0.000000000000000000e+00 5.554687499999999556e-01 7.880208333333332815e-01 6.093749999999999861e-02 1.354166666666666713e-02
