0.000000000000000000e+00 3.520833333333333592e-01 3.507306889352818646e-01 4.027777777777778040e-02 5.427974947807933520e-02
0.000000000000000000e+00 3.756944444444444420e-01 4.321503131524008223e-01 4.305555555555555525e-02 1.127348643006263057e-01
0.000000000000000000e+00 3.854166666666666852e-01 5.709812108559498833e-01 3.749999999999999861e-02 1.440501043841335982e-01
0.000000000000000000e+00 3.777777777777777679e-01 7.004175365344467163e-01 6.666666666666666574e-02 1.106471816283924881e-01
0.000000000000000000e+00 2.298611111111110994e-01 7.432150313152401377e-01 2.916666666666666713e-02 4.175365344467640849e-02
0.000000000000000000e+00 4.611111111111111382e-01 6.294363256784968330e-01 7.499999999999999722e-02 2.985386221294363263e-01
0.000000000000000000e+00 5.152777777777777235e-01 7.087682672233820425e-01 3.055555555555555455e-02 6.471816283924843038e-02
0.000000000000000000e+00 5.840277777777778123e-01 8.027139874739039893e-01 1.680555555555555691e-01 1.231732776617954078e-01
0.000000000000000000e+00 5.749999999999999556e-01 7.004175365344467163e-01 7.777777777777777901e-02 8.559498956158663463e-02
0.000000000000000000e+00 5.861111111111111382e-01 5.866388308977035226e-01 4.722222222222222099e-02 1.419624217118997944e-01
0.000000000000000000e+00 5.777777777777777235e-01 4.154488517745302811e-01 4.166666666666666435e-02 2.045929018789144072e-01
0.000000000000000000e+00 5.166666666666667185e-01 3.883089770354906101e-01 7.222222222222221544e-02 1.210855949895615902e-01
0.000000000000000000e+00 4.902777777777777568e-01 5.093945720250522280e-01 6.944444444444444753e-02 1.586638830897703634e-01
