0.000000000000000000e+00 4.129999999999999782e-01 4.472891566265060348e-01 1.799999999999999864e-02 5.722891566265059932e-02
0.000000000000000000e+00 4.309999999999999942e-01 4.728915662650602370e-01 2.999999999999999889e-02 6.024096385542168641e-02
0.000000000000000000e+00 4.470000000000000084e-01 5.617469879518072196e-01 3.400000000000000244e-02 3.313253012048193030e-02
0.000000000000000000e+00 4.410000000000000031e-01 6.325301204819276935e-01 2.599999999999999881e-02 8.433734939759035543e-02
0.000000000000000000e+00 4.640000000000000235e-01 6.701807228915662717e-01 4.399999999999999745e-02 2.710843373493975958e-02
0.000000000000000000e+00 5.480000000000000426e-01 7.168674698795181044e-01 7.199999999999999456e-02 3.012048192771084321e-02
0.000000000000000000e+00 5.629999999999999449e-01 6.671686746987951500e-01 2.999999999999999889e-02 6.325301204819276657e-02
0.000000000000000000e+00 7.590000000000000080e-01 8.283132530120481674e-01 8.200000000000000344e-02 2.409638554216867595e-02
0.000000000000000000e+00 6.810000000000000497e-01 1.686746987951807109e-01 5.000000000000000278e-02 1.506024096385542299e-01
0.000000000000000000e+00 7.329999999999999849e-01 1.250000000000000000e-01 4.599999999999999922e-02 1.174698795180722927e-01
0.000000000000000000e+00 7.469999999999999973e-01 2.198795180722891429e-01 8.599999999999999312e-02 1.144578313253011986e-01
0.000000000000000000e+00 7.850000000000000311e-01 3.207831325301204739e-01 4.200000000000000261e-02 1.295180722891566272e-01
0.000000000000000000e+00 7.209999999999999742e-01 3.704819277108433728e-01 7.399999999999999634e-02 1.686746987951807109e-01
0.000000000000000000e+00 5.100000000000000089e-01 1.626506024096385505e-01 2.000000000000000042e-02 9.638554216867470381e-02
0.000000000000000000e+00 5.160000000000000142e-01 3.629518072289156794e-01 1.600000000000000033e-02 8.734939759036144946e-02
0.000000000000000000e+00 4.879999999999999893e-01 7.846385542168674565e-01 8.799999999999999489e-02 3.313253012048193030e-02
0.000000000000000000e+00 5.639999999999999458e-01 7.921686746987951500e-01 4.399999999999999745e-02 9.638554216867470381e-02
0.000000000000000000e+00 5.170000000000000151e-01 8.237951807228915957e-01 5.800000000000000294e-02 3.313253012048193030e-02
0.000000000000000000e+00 4.239999999999999880e-01 7.936746987951807109e-01 3.200000000000000067e-02 3.915662650602409756e-02
0.000000000000000000e+00 3.770000000000000018e-01 6.972891566265060348e-01 1.000000000000000021e-02 3.313253012048193030e-02
0.000000000000000000e+00 3.840000000000000080e-01 7.394578313253011848e-01 2.400000000000000050e-02 2.108433734939758886e-02
0.000000000000000000e+00 7.690000000000000169e-01 5.843373493975904109e-01 2.599999999999999881e-02 6.024096385542168641e-02
0.000000000000000000e+00 7.810000000000000275e-01 5.120481927710843761e-01 1.400000000000000029e-02 6.024096385542168641e-02
0.000000000000000000e+00 7.920000000000000373e-01 5.542168674698795261e-01 2.000000000000000042e-02 7.228915662650602092e-02
0.000000000000000000e+00 8.169999999999999485e-01 4.954819277108433728e-01 2.599999999999999881e-02 7.530120481927711495e-02
0.000000000000000000e+00 8.239999999999999547e-01 4.262048192771084598e-01 2.800000000000000058e-02 3.313253012048193030e-02
0.000000000000000000e+00 8.379999999999999671e-01 4.638554216867469826e-01 2.000000000000000042e-02 4.819277108433735191e-02
0.000000000000000000e+00 8.559999999999999831e-01 4.231927710843373380e-01 3.200000000000000067e-02 6.325301204819276657e-02
