0.000000000000000000e+00 3.554098360655737476e-01 6.462882096069868521e-01 8.262295081967213628e-02 7.278020378457059070e-02
0.000000000000000000e+00 4.042622950819672045e-01 6.251819505094614593e-01 1.901639344262295167e-02 4.221251819505094510e-02
0.000000000000000000e+00 4.288524590163934613e-01 6.433770014556040584e-01 3.278688524590164105e-02 7.569141193595342598e-02
0.000000000000000000e+00 4.636065573770491999e-01 6.535662299854440027e-01 3.278688524590164105e-02 7.860262008733624739e-02
0.000000000000000000e+00 4.852459016393442792e-01 5.276564774381368172e-01 4.459016393442623294e-02 1.557496360989810702e-01
0.000000000000000000e+00 5.068852459016393031e-01 6.564774381368267964e-01 3.016393442622950991e-02 8.733624454148471161e-02
0.000000000000000000e+00 5.642622950819672356e-01 6.237263464337700070e-01 6.360655737704917767e-02 1.644832605531295622e-01
0.000000000000000000e+00 7.350819672131148064e-01 6.564774381368267964e-01 7.475409836065573244e-02 1.280931586608442529e-01
0.000000000000000000e+00 7.852459016393442681e-01 6.186317321688500348e-01 2.819672131147540894e-02 1.251819505094614315e-01
0.000000000000000000e+00 8.065573770491802907e-01 6.863173216885006811e-01 3.672131147540983603e-02 8.005822416302765809e-02
