0.000000000000000000e+00 1.675925925925925986e-01 3.360655737704917878e-01 2.407407407407407413e-02 2.295081967213114804e-01
0.000000000000000000e+00 2.064814814814814881e-01 4.112021857923497392e-01 1.666666666666666644e-02 2.459016393442622905e-02
0.000000000000000000e+00 2.611111111111111271e-01 4.303278688524589946e-01 5.555555555555555247e-02 6.284153005464480912e-02
0.000000000000000000e+00 2.601851851851851860e-01 5.095628415300545999e-01 5.740740740740740700e-02 6.830601092896175508e-02
0.000000000000000000e+00 2.648148148148148362e-01 2.513661202185792365e-01 5.925925925925926152e-02 1.639344262295082053e-02
0.000000000000000000e+00 3.037037037037036979e-01 2.404371584699453446e-01 2.222222222222222307e-02 4.371584699453551909e-02
0.000000000000000000e+00 3.435185185185185008e-01 2.158469945355191155e-01 5.000000000000000278e-02 9.289617486338798413e-02
0.000000000000000000e+00 3.916666666666666630e-01 1.967213114754098324e-01 4.629629629629629373e-02 7.650273224043716014e-02
0.000000000000000000e+00 3.175925925925925930e-01 3.428961748633879703e-01 6.481481481481481122e-02 1.557377049180327933e-01
0.000000000000000000e+00 2.740740740740740811e-01 3.005464480874316946e-01 2.222222222222222307e-02 3.825136612021858007e-02
0.000000000000000000e+00 3.666666666666666408e-01 4.221311475409836311e-01 5.185185185185185036e-02 1.939890710382513594e-01
0.000000000000000000e+00 4.185185185185185119e-01 3.374316939890710243e-01 6.296296296296295669e-02 8.469945355191256520e-02
0.000000000000000000e+00 4.879629629629629872e-01 1.079234972677595578e-01 5.370370370370370489e-02 9.016393442622951115e-02
0.000000000000000000e+00 5.916666666666666741e-01 4.371584699453551909e-02 1.870370370370370294e-01 8.196721311475409222e-02
0.000000000000000000e+00 5.833333333333333703e-01 1.092896174863387942e-01 1.296296296296296224e-01 8.196721311475409222e-02
0.000000000000000000e+00 6.527777777777777901e-01 1.502732240437158473e-01 7.592592592592592449e-02 1.366120218579235102e-01
0.000000000000000000e+00 5.962962962962963243e-01 2.636612021857923649e-01 1.518518518518518490e-01 2.158469945355191155e-01
0.000000000000000000e+00 5.777777777777777235e-01 4.590163934426229608e-01 1.185185185185185230e-01 2.349726775956284264e-01
0.000000000000000000e+00 6.361111111111110716e-01 5.573770491803278215e-01 6.481481481481481122e-02 1.420765027322404284e-01
0.000000000000000000e+00 7.055555555555556024e-01 5.819672131147540783e-01 7.407407407407406996e-02 8.743169398907103818e-02
0.000000000000000000e+00 5.555555555555555802e-01 7.800546448087432028e-01 3.333333333333333287e-02 1.010928961748633892e-01
0.000000000000000000e+00 6.157407407407406996e-01 7.281420765027322162e-01 4.259259259259259162e-02 5.191256830601093109e-02
0.000000000000000000e+00 6.351851851851851860e-01 7.827868852459016757e-01 2.592592592592592518e-02 6.830601092896175508e-02
0.000000000000000000e+00 6.120370370370370461e-01 8.196721311475410054e-01 2.407407407407407413e-02 2.185792349726775954e-02
0.000000000000000000e+00 5.064814814814815325e-01 7.595628415300545999e-01 2.037037037037037202e-02 8.196721311475409222e-02
