0.000000000000000000e+00 4.050000000000000266e-01 5.555555555555555802e-01 2.333333333333333440e-02 4.000000000000000083e-02
0.000000000000000000e+00 4.400000000000000022e-01 5.811111111111111338e-01 4.666666666666666879e-02 6.888888888888888840e-02
0.000000000000000000e+00 3.183333333333333570e-01 7.066666666666666652e-01 2.000000000000000042e-02 4.444444444444444614e-02
0.000000000000000000e+00 1.816666666666666707e-01 6.266666666666667052e-01 2.999999999999999889e-02 4.444444444444444614e-02
0.000000000000000000e+00 2.141666666666666718e-01 5.666666666666666519e-01 2.166666666666666741e-02 2.666666666666666838e-02
0.000000000000000000e+00 2.466666666666666730e-01 8.066666666666666430e-01 7.000000000000000666e-02 3.555555555555555552e-02
0.000000000000000000e+00 1.791666666666666685e-01 7.711111111111110805e-01 2.500000000000000139e-02 2.222222222222222307e-02
0.000000000000000000e+00 3.316666666666666652e-01 8.077777777777778168e-01 5.666666666666666380e-02 2.444444444444444572e-02
0.000000000000000000e+00 3.441666666666666763e-01 7.500000000000000000e-01 2.500000000000000139e-02 5.111111111111111410e-02
0.000000000000000000e+00 4.149999999999999800e-01 7.466666666666667007e-01 8.333333333333332871e-02 1.466666666666666674e-01
0.000000000000000000e+00 4.699999999999999734e-01 7.111111111111111382e-01 2.000000000000000042e-02 6.666666666666666574e-02
0.000000000000000000e+00 3.925000000000000155e-01 8.688888888888889328e-01 3.833333333333333037e-02 5.777777777777777513e-02
0.000000000000000000e+00 4.258333333333333415e-01 9.011111111111110850e-01 4.166666666666666435e-02 5.999999999999999778e-02
0.000000000000000000e+00 4.458333333333333592e-01 8.533333333333333881e-01 3.500000000000000333e-02 4.444444444444444614e-02
0.000000000000000000e+00 5.566666666666666430e-01 8.411111111111111427e-01 4.000000000000000083e-02 4.666666666666666879e-02
0.000000000000000000e+00 5.008333333333333526e-01 8.877777777777777768e-01 2.500000000000000139e-02 2.444444444444444572e-02
0.000000000000000000e+00 5.224999999999999645e-01 8.433333333333333792e-01 2.166666666666666741e-02 3.333333333333333287e-02
0.000000000000000000e+00 4.749999999999999778e-01 6.033333333333333881e-01 2.333333333333333440e-02 2.444444444444444572e-02
0.000000000000000000e+00 5.241666666666666696e-01 6.344444444444444775e-01 6.166666666666666824e-02 5.555555555555555247e-02
0.000000000000000000e+00 5.508333333333332860e-01 6.822222222222221744e-01 1.833333333333333343e-02 6.666666666666666574e-02
0.000000000000000000e+00 6.008333333333333304e-01 6.177777777777777590e-01 4.166666666666666435e-02 5.777777777777777513e-02
0.000000000000000000e+00 5.999999999999999778e-01 6.933333333333333570e-01 2.999999999999999889e-02 4.000000000000000083e-02
0.000000000000000000e+00 5.758333333333333082e-01 7.133333333333333748e-01 1.499999999999999944e-02 4.000000000000000083e-02
0.000000000000000000e+00 6.966666666666666563e-01 7.411111111111111649e-01 4.333333333333333481e-02 8.666666666666666963e-02
0.000000000000000000e+00 7.283333333333333881e-01 7.755555555555555536e-01 2.666666666666666838e-02 8.888888888888889228e-02
0.000000000000000000e+00 7.199999999999999734e-01 8.666666666666666963e-01 3.333333333333333287e-02 8.000000000000000167e-02
0.000000000000000000e+00 7.566666666666667096e-01 8.833333333333333037e-01 1.666666666666666644e-02 5.111111111111111410e-02
0.000000000000000000e+00 8.258333333333333082e-01 8.811111111111110672e-01 6.833333333333332926e-02 3.777777777777777818e-02
0.000000000000000000e+00 7.566666666666667096e-01 6.833333333333333481e-01 9.666666666666666463e-02 7.333333333333333370e-02
0.000000000000000000e+00 7.391666666666666385e-01 6.211111111111110583e-01 4.166666666666666435e-02 5.999999999999999778e-02
0.000000000000000000e+00 8.016666666666666385e-01 7.633333333333333082e-01 2.000000000000000042e-02 5.111111111111111410e-02
0.000000000000000000e+00 8.008333333333332860e-01 8.077777777777778168e-01 2.833333333333333190e-02 5.555555555555555247e-02
0.000000000000000000e+00 7.666666666666667185e-01 8.155555555555555891e-01 2.666666666666666838e-02 5.333333333333333676e-02
0.000000000000000000e+00 4.283333333333333437e-01 6.422222222222222499e-01 3.666666666666666685e-02 4.444444444444444614e-02
