0.000000000000000000e+00 5.847222222222222543e-01 4.203703703703703942e-01 6.203703703703703637e-02 9.259259259259258745e-02
0.000000000000000000e+00 6.263888888888888840e-01 4.858024691358024949e-01 6.944444444444444753e-02 1.197530864197530881e-01
0.000000000000000000e+00 6.592592592592592116e-01 5.382716049382716417e-01 8.148148148148148806e-02 1.259259259259259134e-01
0.000000000000000000e+00 5.597222222222222321e-01 6.370370370370370683e-01 8.055555555555556080e-02 1.160493827160493790e-01
0.000000000000000000e+00 6.342592592592593004e-01 6.561728395061728891e-01 4.444444444444444614e-02 7.530864197530864890e-02
0.000000000000000000e+00 6.810185185185184675e-01 6.481481481481481399e-01 3.981481481481481677e-02 6.666666666666666574e-02
0.000000000000000000e+00 4.740740740740740922e-01 6.648148148148148584e-01 3.703703703703703498e-02 7.283950617283950490e-02
0.000000000000000000e+00 3.856481481481481288e-01 7.413580246913580307e-01 7.870370370370370627e-02 1.000000000000000056e-01
0.000000000000000000e+00 4.476851851851851860e-01 7.648148148148148362e-01 3.240740740740740561e-02 8.765432098765432722e-02
0.000000000000000000e+00 3.754629629629629428e-01 8.203703703703704164e-01 3.425925925925926013e-02 3.086419753086419582e-02
0.000000000000000000e+00 4.129629629629629761e-01 8.209876543209876365e-01 2.592592592592592518e-02 4.444444444444444614e-02
0.000000000000000000e+00 4.759259259259259189e-01 8.290123456790123857e-01 8.333333333333332871e-02 4.074074074074074403e-02
0.000000000000000000e+00 5.481481481481481621e-01 7.975308641975308310e-01 2.037037037037037202e-02 1.061728395061728447e-01
0.000000000000000000e+00 6.240740740740741144e-01 7.561728395061728669e-01 2.407407407407407413e-02 4.074074074074074403e-02
0.000000000000000000e+00 5.731481481481481843e-01 7.234567901234567611e-01 2.037037037037037202e-02 5.432098765432098741e-02
0.000000000000000000e+00 6.162037037037036979e-01 8.271604938271605034e-01 2.500000000000000139e-02 2.469135802469135665e-02
0.000000000000000000e+00 5.046296296296296502e-01 6.722222222222222765e-01 2.962962962962963076e-02 5.802469135802468952e-02
