0.000000000000000000e+00 4.483333333333333059e-01 5.908333333333333215e-01 5.000000000000000278e-02 1.650000000000000078e-01
0.000000000000000000e+00 5.105555555555555403e-01 6.075000000000000400e-01 4.555555555555555747e-02 1.049999999999999961e-01
0.000000000000000000e+00 5.127777777777777768e-01 7.508333333333333526e-01 8.333333333333332871e-02 8.500000000000000611e-02
0.000000000000000000e+00 6.500000000000000222e-01 8.916666666666667185e-01 2.177777777777777646e-01 1.833333333333333204e-01
0.000000000000000000e+00 8.272222222222221921e-01 8.950000000000000178e-01 1.344444444444444497e-01 7.333333333333333370e-02
0.000000000000000000e+00 7.455555555555555269e-01 4.608333333333333171e-01 1.244444444444444409e-01 4.499999999999999833e-02
0.000000000000000000e+00 8.033333333333333437e-01 3.991666666666666696e-01 2.666666666666666838e-02 1.016666666666666691e-01
0.000000000000000000e+00 8.438888888888889106e-01 4.983333333333333504e-01 9.444444444444444198e-02 5.000000000000000278e-02
0.000000000000000000e+00 5.688888888888888884e-01 1.341666666666666563e-01 6.222222222222222043e-02 2.083333333333333426e-01
0.000000000000000000e+00 4.766666666666666829e-01 1.174999999999999933e-01 7.111111111111111105e-02 2.316666666666666596e-01
0.000000000000000000e+00 4.222222222222222210e-01 2.025000000000000133e-01 9.777777777777778290e-02 6.500000000000000222e-02
0.000000000000000000e+00 6.288888888888889417e-01 2.058333333333333404e-01 5.777777777777777513e-02 6.166666666666666824e-02
