0.000000000000000000e+00 2.923076923076923031e-02 6.520146520146520297e-01 5.538461538461538630e-02 1.318681318681318715e-01
0.000000000000000000e+00 1.900000000000000022e-01 6.282051282051281937e-01 2.723076923076923062e-01 8.058608058608059121e-02
0.000000000000000000e+00 1.292307692307692324e-01 7.316849816849816390e-01 9.538461538461538713e-02 1.446886446886447020e-01
0.000000000000000000e+00 2.484615384615384559e-01 7.069597069597070016e-01 1.400000000000000133e-01 9.523809523809523281e-02
0.000000000000000000e+00 4.746153846153846056e-01 6.483516483516483797e-01 2.938461538461538680e-01 1.245421245421245438e-01
0.000000000000000000e+00 4.507692307692307554e-01 8.012820512820513219e-01 6.769230769230769051e-02 1.849816849816849906e-01
0.000000000000000000e+00 5.500000000000000444e-01 7.893772893772893484e-01 8.769230769230769440e-02 1.465201465201465270e-01
0.000000000000000000e+00 6.169230769230769074e-01 8.186813186813186594e-01 4.615384615384615641e-02 1.208791208791208799e-01
0.000000000000000000e+00 5.661538461538461187e-01 9.166666666666666297e-01 5.538461538461538630e-02 1.043956043956043994e-01
0.000000000000000000e+00 8.100000000000000533e-01 6.263736263736263687e-01 3.800000000000000044e-01 8.424908424908425508e-02
0.000000000000000000e+00 7.369230769230769029e-01 6.923076923076922906e-01 4.615384615384615641e-02 5.494505494505494414e-02
0.000000000000000000e+00 6.846153846153846256e-01 6.813186813186813406e-01 5.846153846153846062e-02 2.930402930402930400e-02
0.000000000000000000e+00 8.907692307692307576e-01 7.060439560439560891e-01 2.184615384615384570e-01 7.142857142857142461e-02
0.000000000000000000e+00 8.223076923076922951e-01 7.683150183150183610e-01 9.692307692307691736e-02 4.945054945054944834e-02
0.000000000000000000e+00 7.653846153846153300e-01 8.617216117216117688e-01 2.923076923076923031e-02 5.677655677655677607e-02
0.000000000000000000e+00 8.015384615384615330e-01 8.443223443223443203e-01 3.076923076923077094e-02 4.761904761904761640e-02
0.000000000000000000e+00 3.692307692307692651e-02 3.260073260073260148e-01 7.076923076923076483e-02 1.501831501831501769e-01
0.000000000000000000e+00 2.038461538461538436e-01 3.571428571428571508e-01 2.446153846153846234e-01 8.058608058608059121e-02
0.000000000000000000e+00 1.307692307692307765e-01 2.472527472527472625e-01 1.015384615384615358e-01 1.391941391941391992e-01
0.000000000000000000e+00 2.507692307692307443e-01 2.774725274725274859e-01 1.353846153846153810e-01 8.241758241758241621e-02
0.000000000000000000e+00 6.384615384615384415e-02 8.644688644688645063e-01 4.153846153846153799e-02 5.860805860805860801e-02
0.000000000000000000e+00 1.046153846153846101e-01 8.452380952380952328e-01 3.076923076923077094e-02 4.945054945054944834e-02
0.000000000000000000e+00 6.538461538461538824e-02 1.190476190476190410e-01 3.230769230769230810e-02 6.227106227106227188e-02
0.000000000000000000e+00 1.076923076923076983e-01 1.437728937728937617e-01 2.769230769230769315e-02 4.578754578754578447e-02
0.000000000000000000e+00 4.730769230769230616e-01 3.324175824175824023e-01 2.938461538461538680e-01 1.263736263736263687e-01
0.000000000000000000e+00 4.492307692307692113e-01 1.813186813186813129e-01 9.230769230769231282e-02 1.721611721611721602e-01
0.000000000000000000e+00 5.492307692307691891e-01 2.152014652014652141e-01 1.138461538461538469e-01 1.007326007326007355e-01
0.000000000000000000e+00 5.761538461538461275e-01 1.346153846153846090e-01 1.030769230769230799e-01 5.311355311355311221e-02
0.000000000000000000e+00 5.707692307692308065e-01 5.860805860805860801e-02 5.538461538461538630e-02 9.157509157509156894e-02
0.000000000000000000e+00 8.100000000000000533e-01 3.589743589743589758e-01 3.800000000000000044e-01 8.058608058608059121e-02
0.000000000000000000e+00 7.084615384615384759e-01 2.948717948717948789e-01 1.000000000000000056e-01 6.227106227106227188e-02
0.000000000000000000e+00 8.130769230769230305e-01 2.234432234432234543e-01 1.061538461538461542e-01 8.424908424908425508e-02
0.000000000000000000e+00 8.930769230769231015e-01 2.774725274725274859e-01 2.138461538461538525e-01 8.241758241758241621e-02
0.000000000000000000e+00 7.615384615384614975e-01 1.236263736263736313e-01 3.384615384615384526e-02 7.509157509157508847e-02
0.000000000000000000e+00 8.015384615384615330e-01 1.456043956043956145e-01 3.384615384615384526e-02 4.578754578754578447e-02
