0.000000000000000000e+00 2.894736842105263275e-01 5.494699646643109725e-01 4.048582995951417046e-02 6.713780918727915714e-02
0.000000000000000000e+00 4.281376518218623639e-01 4.664310954063604076e-01 5.870445344129554543e-02 1.696113074204947113e-01
0.000000000000000000e+00 5.070850202429150189e-01 4.310954063604240383e-01 9.514170040485829538e-02 2.756183745583039024e-01
0.000000000000000000e+00 5.293522267206477450e-01 2.208480565371024607e-01 5.870445344129554543e-02 1.519434628975264989e-01
0.000000000000000000e+00 5.657894736842105088e-01 7.597173144876324946e-02 2.631578947368420907e-02 1.378091872791519512e-01
0.000000000000000000e+00 5.850202429149797823e-01 4.893992932862190615e-01 6.477732793522267274e-02 2.014134275618374437e-01
0.000000000000000000e+00 5.313765182186235281e-01 6.219081272084805434e-01 4.251012145748987725e-02 9.187279151943462951e-02
0.000000000000000000e+00 5.910931174089069096e-01 7.349823321554770361e-01 8.097165991902834092e-02 3.533568904593639703e-02
0.000000000000000000e+00 5.435222672064777827e-01 7.208480565371024884e-01 3.441295546558704316e-02 8.480565371024735566e-02
0.000000000000000000e+00 9.858299595141700733e-01 7.243816254416961531e-01 2.834008097165991932e-02 5.653710247349823248e-02
0.000000000000000000e+00 4.433198380566801822e-01 3.109540636042402717e-01 3.643724696356274995e-02 8.480565371024735566e-02
