0.000000000000000000e+00 5.278497409326424750e-01 3.611111111111111049e-01 7.901554404145078037e-02 2.155555555555555558e-01
0.000000000000000000e+00 4.436528497409326643e-01 4.733333333333333282e-01 5.569948186528497075e-02 8.888888888888889228e-02
0.000000000000000000e+00 3.963730569948186733e-01 6.511111111111110850e-01 4.145077720207254041e-02 8.888888888888889228e-02
0.000000000000000000e+00 4.125647668393782608e-01 7.399999999999999911e-01 2.720207253886010312e-02 1.022222222222222282e-01
0.000000000000000000e+00 5.097150259067357858e-01 7.099999999999999645e-01 1.515544041450777313e-01 1.844444444444444386e-01
0.000000000000000000e+00 6.211139896373056857e-01 7.399999999999999911e-01 7.383419689119170848e-02 1.111111111111111049e-01
0.000000000000000000e+00 6.489637305699481606e-01 8.299999999999999600e-01 2.590673575129533515e-02 6.444444444444444309e-02
0.000000000000000000e+00 6.787564766839377928e-01 4.877777777777777546e-01 9.585492227979273971e-02 1.488888888888888762e-01
0.000000000000000000e+00 7.338082901554404680e-01 6.033333333333333881e-01 1.282383419689119286e-01 1.755555555555555480e-01
0.000000000000000000e+00 8.497409326424870679e-01 5.899999999999999689e-01 8.808290155440413882e-02 1.799999999999999933e-01
