0.000000000000000000e+00 3.512500000000000067e-01 4.924953095684803106e-01 1.074999999999999983e-01 1.894934333958724071e-01
0.000000000000000000e+00 3.268750000000000266e-01 3.799249530956848031e-01 1.262500000000000011e-01 8.442776735459661674e-02
0.000000000000000000e+00 3.156249999999999889e-01 2.945590994371481974e-01 5.874999999999999667e-02 7.879924953095684970e-02
0.000000000000000000e+00 3.356250000000000067e-01 2.288930581613508319e-01 3.125000000000000000e-02 6.003752345215759845e-02
0.000000000000000000e+00 4.293750000000000067e-01 4.108818011257035496e-01 7.875000000000000056e-02 1.613508442776735441e-01
0.000000000000000000e+00 4.662499999999999978e-01 4.943714821763602330e-01 5.249999999999999806e-02 1.332082551594746811e-01
0.000000000000000000e+00 3.624999999999999889e-01 7.054409005628518026e-01 4.000000000000000083e-02 7.129455909943714642e-02
0.000000000000000000e+00 3.300000000000000155e-01 7.795497185741088186e-01 8.250000000000000389e-02 3.564727954971857321e-02
0.000000000000000000e+00 4.062500000000000000e-01 7.936210131332082085e-01 5.249999999999999806e-02 2.251407129455909942e-02
0.000000000000000000e+00 4.637499999999999956e-01 7.795497185741088186e-01 5.249999999999999806e-02 5.816135084427767610e-02
0.000000000000000000e+00 4.918750000000000067e-01 6.763602251407129229e-01 2.375000000000000028e-02 1.257035647279549639e-01
0.000000000000000000e+00 5.150000000000000133e-01 7.467166979362100943e-01 3.250000000000000111e-02 2.626641651031895106e-02
0.000000000000000000e+00 4.581250000000000044e-01 6.960600375234521353e-01 2.375000000000000028e-02 7.879924953095684970e-02
0.000000000000000000e+00 5.381249999999999645e-01 8.048780487804878536e-01 5.874999999999999667e-02 3.001876172607879922e-02
0.000000000000000000e+00 6.718750000000000000e-01 7.026266416510319468e-01 1.874999999999999931e-02 3.189493433395872157e-02
0.000000000000000000e+00 4.212500000000000133e-01 5.412757973733584027e-01 4.000000000000000083e-02 9.568480300187617860e-02
0.000000000000000000e+00 5.174999999999999600e-01 7.851782363977486412e-01 2.000000000000000042e-02 1.313320825515947553e-02
0.000000000000000000e+00 6.731249999999999734e-01 7.711069418386491403e-01 1.124999999999999958e-02 1.876172607879925125e-02
0.000000000000000000e+00 2.668749999999999734e-01 7.626641651031894620e-01 1.874999999999999931e-02 2.439024390243902524e-02
