0.000000000000000000e+00 5.716666666666666563e-01 5.471813725490196623e-01 3.666666666666666685e-02 3.553921568627450844e-02
0.000000000000000000e+00 5.362500000000000044e-01 5.643382352941176405e-01 3.749999999999999861e-02 1.593137254901960675e-02
0.000000000000000000e+00 5.004166666666666208e-01 5.753676470588234837e-01 3.416666666666666463e-02 1.593137254901960675e-02
0.000000000000000000e+00 4.254166666666666652e-01 5.925245098039215730e-01 2.583333333333333315e-02 1.593137254901960675e-02
0.000000000000000000e+00 3.845833333333333326e-01 6.060049019607842702e-01 2.083333333333333218e-02 1.593137254901960675e-02
0.000000000000000000e+00 4.058333333333333237e-01 5.931372549019607865e-01 2.166666666666666741e-02 1.225490196078431356e-02
0.000000000000000000e+00 4.600000000000000200e-01 5.857843137254902244e-01 3.666666666666666685e-02 1.470588235294117627e-02
0.000000000000000000e+00 6.037500000000000089e-01 5.453431372549019107e-01 2.083333333333333218e-02 9.803921568627450844e-03
0.000000000000000000e+00 6.237500000000000266e-01 5.300245098039215730e-01 1.916666666666666519e-02 1.348039215686274578e-02
0.000000000000000000e+00 3.070833333333333193e-01 6.250000000000000000e-01 3.250000000000000111e-02 1.225490196078431356e-02
0.000000000000000000e+00 3.416666666666666741e-01 6.188725490196078649e-01 4.166666666666666435e-02 1.960784313725490169e-02
