0.000000000000000000e+00 3.360160965794768417e-01 6.845574387947269690e-01 5.633802816901408578e-02 8.097928436911487615e-02
0.000000000000000000e+00 3.863179074446679850e-01 6.657250470809792375e-01 4.426559356136820778e-02 6.967984934086629556e-02
0.000000000000000000e+00 4.144869215291750453e-01 7.514124293785310327e-01 2.816901408450704289e-02 1.016949152542372947e-01
0.000000000000000000e+00 4.486921529175050272e-01 7.711864406779661563e-01 3.621730382293762707e-02 5.838041431261770109e-02
0.000000000000000000e+00 4.763581488933601449e-01 7.354048964218455886e-01 2.917505030181086548e-02 1.035781544256120512e-01
0.000000000000000000e+00 4.391348088531187299e-01 6.572504708097928194e-01 3.521126760563380448e-02 5.649717514124293766e-02
0.000000000000000000e+00 5.296780684104627213e-01 6.139359698681732258e-01 3.118712273641851065e-02 7.532956685499057892e-02
0.000000000000000000e+00 5.628772635814889291e-01 5.979284369114877817e-01 3.521126760563380448e-02 6.967984934086629556e-02
0.000000000000000000e+00 6.066398390342052638e-01 5.715630885122410243e-01 4.627766599597585295e-02 9.981167608286252435e-02
0.000000000000000000e+00 6.609657947686117252e-01 5.696798493408662400e-01 5.633802816901408578e-02 9.981167608286252435e-02
0.000000000000000000e+00 6.856136820925553543e-01 4.595103578154425827e-01 2.515090543259557512e-02 9.792843691148775398e-02
0.000000000000000000e+00 7.077464788732393819e-01 5.376647834274952409e-01 3.521126760563380448e-02 8.474576271186440302e-02
0.000000000000000000e+00 7.102615694164989835e-01 6.497175141242937935e-01 3.018108651911468807e-02 9.416195856873822712e-02
0.000000000000000000e+00 6.871227364185110709e-01 7.033898305084745894e-01 8.651911468812877037e-02 5.461393596986817423e-02
0.000000000000000000e+00 5.518108651911468598e-01 7.325800376647834122e-01 3.521126760563380448e-02 6.403013182674199832e-02
0.000000000000000000e+00 5.130784708249497283e-01 7.476459510357815752e-01 3.219315895372233671e-02 3.389830508474576259e-02
0.000000000000000000e+00 5.689134808853119063e-01 6.770244821092278320e-01 1.911468812877263612e-02 4.331450094161958669e-02
