0.000000000000000000e+00 3.905263157894736659e-01 5.796610169491525077e-01 1.684210526315789436e-02 2.372881355932203451e-02
0.000000000000000000e+00 5.215789473684210309e-01 5.661016949152541944e-01 2.000000000000000042e-02 4.406779661016949068e-02
0.000000000000000000e+00 5.647368421052632037e-01 5.720338983050847759e-01 4.105263157894736836e-02 5.254237288135592959e-02
0.000000000000000000e+00 4.131578947368421129e-01 5.745762711864407235e-01 2.000000000000000042e-02 2.711864406779660938e-02
0.000000000000000000e+00 4.321052631578947145e-01 5.703389830508474034e-01 2.000000000000000042e-02 3.559322033898305176e-02
0.000000000000000000e+00 4.536842105263158009e-01 5.661016949152541944e-01 2.105263157894736795e-02 3.728813559322034094e-02
0.000000000000000000e+00 4.694736842105263208e-01 5.762711864406779849e-01 1.052631578947368397e-02 2.033898305084745617e-02
0.000000000000000000e+00 4.884210526315789225e-01 5.745762711864407235e-01 8.421052631578947179e-03 3.050847457627118772e-02
0.000000000000000000e+00 5.189473684210526017e-01 6.516949152542372836e-01 1.473684210526315756e-02 4.237288135593220151e-02
0.000000000000000000e+00 5.105263157894737169e-01 4.372881355932203284e-01 1.263157894736842077e-02 4.406779661016949068e-02
0.000000000000000000e+00 6.600000000000000311e-01 5.830508474576271416e-01 1.052631578947368397e-02 5.423728813559321876e-02
0.000000000000000000e+00 7.121052631578946857e-01 6.118644067796610297e-01 1.789473684210526189e-02 2.372881355932203451e-02
0.000000000000000000e+00 5.531578947368420707e-01 6.745762711864407013e-01 2.842105263157894759e-02 1.016949152542372808e-02
