0.000000000000000000e+00 7.053571428571429047e-01 8.192771084337349685e-02 7.629870129870129636e-02 5.783132530120482090e-02
0.000000000000000000e+00 6.931818181818182323e-01 1.409638554216867401e-01 4.545454545454545581e-02 5.542168674698794845e-02
0.000000000000000000e+00 7.475649350649350433e-01 1.506024096385542299e-01 6.331168831168830502e-02 3.614457831325301046e-02
0.000000000000000000e+00 7.207792207792207417e-01 2.132530120481927749e-01 8.766233766233766378e-02 9.397590361445783136e-02
0.000000000000000000e+00 7.094155844155843882e-01 2.975903614457831581e-01 6.168831168831168804e-02 8.433734939759035543e-02
0.000000000000000000e+00 6.201298701298700866e-01 4.000000000000000222e-01 4.220779220779220797e-02 1.734939759036144558e-01
0.000000000000000000e+00 6.323051948051947591e-01 5.506024096385542244e-01 1.607142857142857262e-01 1.277108433734939763e-01
0.000000000000000000e+00 7.053571428571429047e-01 4.168674698795180600e-01 5.032467532467532756e-02 1.397590361445783247e-01
0.000000000000000000e+00 6.599025974025973795e-01 4.614457831325300963e-01 3.409090909090908839e-02 5.542168674698794845e-02
0.000000000000000000e+00 7.548701298701299134e-01 4.759036144578313032e-01 6.493506493506492894e-02 7.951807228915662440e-02
0.000000000000000000e+00 7.978896103896103709e-01 4.433734939759035876e-01 6.331168831168830502e-02 1.156626506024096418e-01
0.000000000000000000e+00 5.332792207792207417e-01 5.734939759036145057e-01 4.058441558441558406e-02 1.204819277108433728e-01
0.000000000000000000e+00 5.527597402597402843e-01 6.602409638554216365e-01 3.084415584415584402e-02 6.746987951807228989e-02
0.000000000000000000e+00 5.000000000000000000e-01 6.253012048192770900e-01 3.571428571428571230e-02 4.578313253012047945e-02
0.000000000000000000e+00 4.577922077922078059e-01 6.999999999999999556e-01 2.922077922077922010e-02 1.084337349397590383e-01
