0.000000000000000000e+00 3.677156177156177264e-01 5.359374999999999556e-01 5.244755244755244794e-02 5.937499999999999722e-02
0.000000000000000000e+00 4.475524475524475521e-01 5.414062499999999778e-01 1.864801864801864800e-02 6.093749999999999861e-02
0.000000000000000000e+00 4.743589743589743390e-01 5.421875000000000444e-01 3.962703962703962440e-02 2.812500000000000069e-02
0.000000000000000000e+00 5.751748251748252105e-01 5.390625000000000000e-01 5.944055944055944007e-02 2.187499999999999861e-02
0.000000000000000000e+00 7.045454545454545858e-01 5.296874999999999778e-01 4.778554778554778421e-02 2.812500000000000069e-02
0.000000000000000000e+00 7.435897435897436125e-01 5.203124999999999556e-01 2.331002331002331174e-02 1.874999999999999931e-02
0.000000000000000000e+00 7.150349650349649977e-01 6.570312499999999556e-01 4.778554778554778421e-02 1.718750000000000139e-02
0.000000000000000000e+00 7.733100233100232979e-01 7.125000000000000222e-01 5.477855477855477634e-02 2.812500000000000069e-02
0.000000000000000000e+00 4.906759906759906587e-01 7.906250000000000222e-01 6.759906759906759988e-02 1.562500000000000000e-02
0.000000000000000000e+00 7.768065268065268425e-01 5.570312499999999778e-01 3.146853146853147154e-02 3.281250000000000139e-02
0.000000000000000000e+00 7.511655011655011815e-01 5.523437500000000222e-01 1.282051282051282007e-02 3.593749999999999722e-02
