0.000000000000000000e+00 3.301075268817204034e-01 8.287560581583198749e-01 4.516129032258064252e-02 4.523424878836833363e-02
0.000000000000000000e+00 3.666666666666666408e-01 7.859450726978998159e-01 1.720430107526881719e-02 5.654281098546042050e-02
0.000000000000000000e+00 3.784946236559139643e-01 8.465266558966074717e-01 1.505376344086021591e-02 1.938610662358642919e-02
0.000000000000000000e+00 3.951612903225806273e-01 8.271405492730210529e-01 1.397849462365591440e-02 5.815831987075929105e-02
0.000000000000000000e+00 2.155913978494623517e-01 6.599353796445880382e-01 1.989247311827956888e-01 4.361873990306947002e-02
0.000000000000000000e+00 2.725806451612903247e-01 5.888529886914377620e-01 1.645161290322580683e-01 9.531502423263328583e-02
0.000000000000000000e+00 2.338709677419354704e-01 4.668820678513732059e-01 1.129032258064516098e-01 1.421647819063004969e-01
0.000000000000000000e+00 3.456989247311827995e-01 5.008077544426494665e-01 1.000000000000000056e-01 7.754442649434571677e-02
0.000000000000000000e+00 3.209677419354838857e-01 3.190630048465266655e-01 1.193548387096774188e-01 9.854604200323101304e-02
0.000000000000000000e+00 3.758064516129032140e-01 3.869143780290791867e-01 4.838709677419354704e-02 5.008077544426494526e-02
0.000000000000000000e+00 2.327956989247311759e-01 3.877221324717285839e-02 1.193548387096774188e-01 7.431340872374797568e-02
0.000000000000000000e+00 3.591397849462365510e-01 1.122778675282714023e-01 1.268817204301075363e-01 2.213247172859450773e-01
0.000000000000000000e+00 4.016129032258064502e-01 2.495961227786752945e-01 8.924731182795699047e-02 5.331179321486267941e-02
0.000000000000000000e+00 4.704301075268817467e-01 2.972536348949919027e-01 8.064516129032257841e-02 9.693053311793214943e-02
0.000000000000000000e+00 5.446236559139785438e-01 3.441033925686591277e-01 6.344086021505376816e-02 1.453957996768982242e-01
0.000000000000000000e+00 5.220430107526882191e-01 5.403877221324717706e-01 5.698924731182795911e-02 8.562197092084006256e-02
0.000000000000000000e+00 5.188172043010752521e-01 6.777059773828756351e-01 1.150537634408602128e-01 1.308562197092084101e-01
0.000000000000000000e+00 6.075268817204301230e-01 6.631663974151857932e-01 4.516129032258064252e-02 6.623586429725362990e-02
0.000000000000000000e+00 4.080645161290322731e-01 6.752827140549273466e-01 5.913978494623656212e-02 3.231017770597738314e-02
0.000000000000000000e+00 4.467741935483870996e-01 7.164781906300484726e-01 2.903225806451613031e-02 5.654281098546042050e-02
0.000000000000000000e+00 4.161290322580645240e-01 7.261712439418416265e-01 3.225806451612903136e-02 3.069466882067851260e-02
0.000000000000000000e+00 1.107526881720430068e-01 2.334410339256866029e-01 6.451612903225806273e-02 1.470113085621971016e-01
0.000000000000000000e+00 1.107526881720430068e-01 5.331179321486267941e-02 9.032258064516128504e-02 1.033925686591276316e-01
