0.000000000000000000e+00 3.729999999999999982e-01 5.884557721139430653e-01 2.999999999999999889e-02 1.349325337331334397e-02
0.000000000000000000e+00 4.139999999999999791e-01 6.019490254872563728e-01 3.599999999999999728e-02 1.349325337331334397e-02
0.000000000000000000e+00 4.570000000000000173e-01 5.877061469265367766e-01 2.599999999999999881e-02 2.398800599700149846e-02
0.000000000000000000e+00 4.149999999999999800e-01 6.169415292353822577e-01 2.599999999999999881e-02 1.049475262368815623e-02
0.000000000000000000e+00 4.560000000000000164e-01 6.161919040479759690e-01 2.000000000000000042e-02 1.499250374812593697e-02
0.000000000000000000e+00 4.749999999999999778e-01 6.101949025487256595e-01 2.199999999999999872e-02 1.199400299850074923e-02
0.000000000000000000e+00 4.939999999999999947e-01 6.176911544227886575e-01 2.800000000000000058e-02 1.199400299850074923e-02
0.000000000000000000e+00 5.230000000000000204e-01 6.146926536731633917e-01 2.199999999999999872e-02 1.499250374812593697e-02
0.000000000000000000e+00 5.460000000000000409e-01 6.221889055472263896e-01 2.800000000000000058e-02 2.098950524737631246e-02
0.000000000000000000e+00 5.969999999999999751e-01 6.184407796101949462e-01 3.400000000000000244e-02 2.248875562218890720e-02
0.000000000000000000e+00 6.320000000000000062e-01 6.161919040479759690e-01 4.000000000000000083e-02 1.199400299850074923e-02
0.000000000000000000e+00 8.379999999999999671e-01 6.131934032983508143e-01 2.800000000000000058e-02 1.499250374812593697e-02
0.000000000000000000e+00 8.750000000000000000e-01 6.079460269865067934e-01 3.799999999999999906e-02 1.649175412293853171e-02
