0.000000000000000000e+00 4.412238325281803708e-01 4.751872659176030189e-01 9.017713365539452297e-02 2.715355805243445733e-02
0.000000000000000000e+00 5.080515297906602612e-01 4.756554307116104829e-01 4.025764895330112558e-02 3.183520599250936473e-02
0.000000000000000000e+00 5.708534621578099655e-01 4.527153558052434690e-01 7.568438003220612220e-02 3.838951310861422883e-02
0.000000000000000000e+00 6.280193236714975979e-01 4.597378277153558179e-01 1.159420289855072478e-01 4.868913857677902718e-02
0.000000000000000000e+00 7.053140096618357724e-01 4.138576779026217345e-01 5.475040257648953329e-02 6.928838951310861693e-02
0.000000000000000000e+00 6.070853462157810299e-01 5.168539325842697041e-01 1.481481481481481399e-01 4.868913857677902718e-02
0.000000000000000000e+00 7.238325281803542621e-01 5.117041198501872667e-01 7.568438003220612220e-02 3.838951310861422883e-02
0.000000000000000000e+00 3.832528180354267122e-01 5.290262172284644349e-01 5.475040257648953329e-02 2.247191011235954994e-02
0.000000000000000000e+00 4.549114331723027593e-01 5.248127340823970366e-01 2.737520128824476665e-02 2.715355805243445733e-02
0.000000000000000000e+00 4.814814814814814548e-01 5.238764044943819975e-01 2.898550724637681195e-02 3.464419475655430847e-02
0.000000000000000000e+00 5.193236714975845159e-01 5.224719101123596054e-01 3.703703703703703498e-02 4.494382022471909988e-02
