0.000000000000000000e+00 2.663265306122448717e-01 4.945504087193460241e-01 1.571428571428571397e-01 1.389645776566757474e-01
0.000000000000000000e+00 1.642857142857142849e-01 3.201634877384196276e-01 7.551020408163265640e-02 6.811989100817439358e-02
0.000000000000000000e+00 2.489795918367346816e-01 3.596730245231607448e-01 8.163265306122448328e-02 1.253405994550408631e-01
0.000000000000000000e+00 2.561224489795918546e-01 2.602179836512261701e-01 5.918367346938775697e-02 7.901907356948228989e-02
0.000000000000000000e+00 3.571428571428571508e-01 3.678474114441416809e-01 1.265306122448979498e-01 1.144414168937329668e-01
0.000000000000000000e+00 4.785714285714285920e-01 3.405994550408719124e-01 9.591836734693877375e-02 8.719346049046321212e-02
0.000000000000000000e+00 5.816326530612244694e-01 3.405994550408719124e-01 1.061224489795918324e-01 5.994550408719345747e-02
0.000000000000000000e+00 6.612244897959184131e-01 4.155313351498637342e-01 1.510204081632653128e-01 1.171662125340599409e-01
0.000000000000000000e+00 7.040816326530612290e-01 3.433242506811989281e-01 1.142857142857142821e-01 3.269754768392370281e-02
0.000000000000000000e+00 4.938775510204081454e-01 4.686648501362397634e-01 1.306122448979591955e-01 1.253405994550408631e-01
0.000000000000000000e+00 6.336734693877551505e-01 5.272479564032697130e-01 1.408163265306122403e-01 6.267029972752043154e-02
0.000000000000000000e+00 2.724489795918367263e-01 6.035422343324250427e-01 4.285714285714285754e-02 6.267029972752043154e-02
0.000000000000000000e+00 2.836734693877551172e-01 6.662125340599455159e-01 5.714285714285714107e-02 3.542234332425068383e-02
0.000000000000000000e+00 3.142857142857142794e-01 6.975476839237056970e-01 2.857142857142857054e-02 3.269754768392370281e-02
0.000000000000000000e+00 5.000000000000000000e-01 6.730245231607628886e-01 3.265306122448979886e-02 5.449591280653950931e-02
0.000000000000000000e+00 4.540816326530612290e-01 7.111716621253405535e-01 7.959183673469387432e-02 2.179836512261580303e-02
0.000000000000000000e+00 4.693877551020408379e-01 7.629427792915531858e-01 3.265306122448979886e-02 4.904632152588556115e-02
0.000000000000000000e+00 6.204081632653061229e-01 7.561307901907357021e-01 1.836734693877551117e-01 3.542234332425068383e-02
