0.000000000000000000e+00 2.500000000000000139e-02 5.835117773019271592e-01 4.714285714285714607e-02 7.066381156316917100e-02
0.000000000000000000e+00 1.357142857142857040e-01 6.391862955032120430e-01 2.285714285714285712e-02 4.496788008565310441e-02
0.000000000000000000e+00 4.000000000000000083e-02 8.297644539614561499e-01 4.857142857142857095e-02 2.783725910064239681e-02
0.000000000000000000e+00 2.657142857142857362e-01 7.355460385438972182e-01 2.857142857142857054e-02 3.211991434689507458e-02
0.000000000000000000e+00 2.978571428571428759e-01 7.141327623126337842e-01 3.571428571428571230e-02 3.211991434689507458e-02
0.000000000000000000e+00 4.564285714285714057e-01 6.188436830835117863e-01 2.428571428571428548e-02 2.141327623126338189e-02
0.000000000000000000e+00 4.878571428571428781e-01 4.892933618843682830e-01 1.571428571428571536e-02 1.927194860813704475e-02
0.000000000000000000e+00 5.478571428571428203e-01 5.631691648822270135e-01 1.571428571428571536e-02 3.426124197002141519e-02
0.000000000000000000e+00 5.814285714285714057e-01 4.293361884368308568e-01 1.714285714285714371e-02 4.068522483940043011e-02
0.000000000000000000e+00 7.449999999999999956e-01 5.620985010706638363e-01 1.857142857142857206e-02 3.211991434689507458e-02
0.000000000000000000e+00 1.650000000000000078e-01 6.156316916488222546e-01 3.285714285714285560e-02 5.353319057815845994e-02
