0.000000000000000000e+00 6.600000000000000311e-01 5.533333333333333437e-01 4.666666666666666879e-02 1.111111111111111049e-01
0.000000000000000000e+00 6.674999999999999822e-01 6.288888888888889417e-01 5.833333333333333426e-02 4.444444444444444614e-02
0.000000000000000000e+00 7.116666666666666696e-01 6.111111111111111605e-01 5.000000000000000278e-02 4.888888888888889145e-02
0.000000000000000000e+00 7.041666666666667185e-01 5.522222222222221699e-01 1.833333333333333343e-02 7.333333333333333370e-02
0.000000000000000000e+00 7.783333333333333215e-01 4.155555555555555669e-01 2.999999999999999889e-02 4.888888888888889145e-02
0.000000000000000000e+00 8.791666666666666519e-01 2.733333333333333171e-01 1.016666666666666691e-01 9.333333333333333759e-02
0.000000000000000000e+00 8.900000000000000133e-01 2.077777777777777835e-01 5.000000000000000278e-02 5.555555555555555247e-02
0.000000000000000000e+00 9.033333333333333215e-01 1.477777777777777857e-01 5.333333333333333676e-02 6.444444444444444309e-02
0.000000000000000000e+00 9.716666666666666785e-01 2.600000000000000089e-01 5.666666666666666380e-02 4.888888888888889145e-02
0.000000000000000000e+00 9.633333333333333748e-01 4.222222222222222210e-01 5.000000000000000278e-02 4.888888888888889145e-02
0.000000000000000000e+00 9.899999999999999911e-01 5.144444444444444819e-01 2.000000000000000042e-02 7.777777777777777901e-02
0.000000000000000000e+00 9.866666666666666918e-01 6.244444444444444686e-01 2.666666666666666838e-02 6.666666666666666574e-02
0.000000000000000000e+00 7.683333333333333126e-01 5.255555555555555536e-01 2.333333333333333440e-02 5.999999999999999778e-02
0.000000000000000000e+00 8.591666666666666341e-01 9.577777777777777279e-01 5.833333333333333426e-02 2.666666666666666838e-02
0.000000000000000000e+00 9.458333333333333037e-01 9.466666666666666563e-01 1.083333333333333370e-01 4.444444444444444614e-02
