0.000000000000000000e+00 2.520000000000000018e-01 4.933333333333333459e-01 2.400000000000000050e-02 2.986666666666666914e-01
0.000000000000000000e+00 2.580000000000000071e-01 8.426666666666666750e-01 3.200000000000000067e-02 8.533333333333333048e-02
0.000000000000000000e+00 3.109999999999999987e-01 7.546666666666667078e-01 2.599999999999999881e-02 9.600000000000000200e-02
0.000000000000000000e+00 3.160000000000000031e-01 8.386666666666666714e-01 3.200000000000000067e-02 5.600000000000000117e-02
0.000000000000000000e+00 3.589999999999999858e-01 8.013333333333333419e-01 2.599999999999999881e-02 5.600000000000000117e-02
0.000000000000000000e+00 3.180000000000000049e-01 6.626666666666666261e-01 4.800000000000000100e-02 8.266666666666666607e-02
0.000000000000000000e+00 3.069999999999999951e-01 5.506666666666666377e-01 2.999999999999999889e-02 8.799999999999999489e-02
0.000000000000000000e+00 2.510000000000000009e-01 3.266666666666666607e-01 5.800000000000000294e-02 2.933333333333333279e-02
0.000000000000000000e+00 2.730000000000000204e-01 2.973333333333333384e-01 3.799999999999999906e-02 2.400000000000000050e-02
0.000000000000000000e+00 1.970000000000000084e-01 2.493333333333333235e-01 4.200000000000000261e-02 1.866666666666666821e-02
0.000000000000000000e+00 2.159999999999999976e-01 2.853333333333333277e-01 1.600000000000000033e-02 4.266666666666666524e-02
0.000000000000000000e+00 2.270000000000000073e-01 4.359999999999999987e-01 2.999999999999999889e-02 4.000000000000000083e-02
0.000000000000000000e+00 2.210000000000000020e-01 4.759999999999999787e-01 3.400000000000000244e-02 2.933333333333333279e-02
0.000000000000000000e+00 2.020000000000000129e-01 5.000000000000000000e-01 1.200000000000000025e-02 2.400000000000000050e-02
0.000000000000000000e+00 2.290000000000000091e-01 5.013333333333332975e-01 1.799999999999999864e-02 2.133333333333333262e-02
0.000000000000000000e+00 1.869999999999999996e-01 6.199999999999999956e-01 2.199999999999999872e-02 2.400000000000000050e-02
0.000000000000000000e+00 1.839999999999999969e-01 6.666666666666666297e-01 2.800000000000000058e-02 2.666666666666666838e-02
0.000000000000000000e+00 1.829999999999999960e-01 7.106666666666666687e-01 2.599999999999999881e-02 3.466666666666666508e-02
0.000000000000000000e+00 1.859999999999999987e-01 7.533333333333332993e-01 1.600000000000000033e-02 5.066666666666666541e-02
0.000000000000000000e+00 1.839999999999999969e-01 8.253333333333333632e-01 1.200000000000000025e-02 3.466666666666666508e-02
0.000000000000000000e+00 3.009999999999999898e-01 3.400000000000000244e-01 2.599999999999999881e-02 3.466666666666666508e-02
