0.000000000000000000e+00 2.949999999999999845e-01 4.146706586826347518e-01 6.600000000000000311e-02 1.287425149700598681e-01
0.000000000000000000e+00 2.310000000000000109e-01 4.011976047904191600e-01 3.400000000000000244e-02 8.383233532934131205e-02
0.000000000000000000e+00 1.479999999999999927e-01 7.365269461077844637e-01 3.200000000000000067e-02 4.191616766467065602e-02
0.000000000000000000e+00 1.940000000000000058e-01 7.305389221556886081e-01 5.600000000000000117e-02 4.790419161676646997e-02
0.000000000000000000e+00 2.570000000000000062e-01 7.440119760479041444e-01 4.200000000000000261e-02 5.089820359281437001e-02
0.000000000000000000e+00 5.430000000000000382e-01 6.631736526946108157e-01 2.660000000000000142e-01 2.604790419161676640e-01
0.000000000000000000e+00 7.229999999999999760e-01 7.245508982035928636e-01 1.019999999999999934e-01 1.556886227544910239e-01
0.000000000000000000e+00 7.960000000000000409e-01 7.574850299401197917e-01 3.200000000000000067e-02 9.580838323353293995e-02
0.000000000000000000e+00 8.269999999999999574e-01 7.739520958083832003e-01 5.000000000000000278e-02 7.485029940119759806e-02
0.000000000000000000e+00 9.699999999999999734e-01 7.769461077844311836e-01 5.999999999999999778e-02 6.886227544910179799e-02
0.000000000000000000e+00 5.739999999999999547e-01 4.266467065868263520e-01 1.759999999999999898e-01 2.125748502994012079e-01
0.000000000000000000e+00 7.349999999999999867e-01 4.386227544910179521e-01 1.419999999999999873e-01 1.706586826347305519e-01
0.000000000000000000e+00 8.060000000000000497e-01 1.901197604790419160e-01 9.600000000000000200e-02 1.526946107784431239e-01
0.000000000000000000e+00 7.149999999999999689e-01 5.853293413173652482e-01 7.399999999999999634e-02 1.167664670658682680e-01
