0.000000000000000000e+00 4.020000000000000240e-01 6.573333333333333250e-01 1.479999999999999927e-01 7.199999999999999456e-02
0.000000000000000000e+00 4.719999999999999751e-01 6.119999999999999885e-01 7.199999999999999456e-02 5.066666666666666541e-02
0.000000000000000000e+00 2.680000000000000160e-01 6.546666666666666190e-01 5.199999999999999761e-02 2.933333333333333279e-02
0.000000000000000000e+00 3.980000000000000204e-01 5.453333333333333366e-01 4.399999999999999745e-02 7.733333333333333726e-02
0.000000000000000000e+00 4.709999999999999742e-01 5.293333333333333224e-01 9.400000000000000022e-02 5.066666666666666541e-02
0.000000000000000000e+00 5.600000000000000533e-01 3.439999999999999725e-01 9.600000000000000200e-02 1.866666666666666752e-01
0.000000000000000000e+00 6.280000000000000027e-01 2.973333333333333384e-01 5.600000000000000117e-02 1.306666666666666532e-01
0.000000000000000000e+00 5.210000000000000187e-01 6.760000000000000453e-01 8.599999999999999312e-02 4.000000000000000083e-02
0.000000000000000000e+00 6.760000000000000453e-01 5.999999999999999778e-01 1.519999999999999962e-01 1.866666666666666752e-01
0.000000000000000000e+00 7.870000000000000329e-01 6.293333333333333002e-01 7.000000000000000666e-02 8.533333333333333048e-02
0.000000000000000000e+00 8.129999999999999449e-01 8.733333333333332948e-01 7.000000000000000666e-02 2.400000000000000050e-02
0.000000000000000000e+00 9.170000000000000373e-01 6.600000000000000311e-01 1.459999999999999909e-01 2.053333333333333399e-01
0.000000000000000000e+00 8.719999999999999973e-01 8.159999999999999476e-01 5.999999999999999778e-02 9.600000000000000200e-02
0.000000000000000000e+00 8.299999999999999600e-01 4.773333333333333317e-01 3.320000000000000173e-01 1.706666666666666610e-01
0.000000000000000000e+00 8.850000000000000089e-01 2.959999999999999853e-01 2.300000000000000100e-01 1.973333333333333328e-01
