0.000000000000000000e+00 2.829545454545454586e-01 7.874251497005988476e-01 5.227272727272726932e-02 4.191616766467065602e-02
0.000000000000000000e+00 6.897727272727273151e-01 6.037924151696606456e-01 1.113636363636363591e-01 8.982035928143712600e-02
0.000000000000000000e+00 8.113636363636363980e-01 5.648702594810379729e-01 9.090909090909091161e-02 5.189620758483033669e-02
0.000000000000000000e+00 7.738636363636363091e-01 7.235528942115768691e-01 1.113636363636363591e-01 9.381237524950099271e-02
0.000000000000000000e+00 6.761363636363636465e-01 6.816367265469062131e-01 7.499999999999999722e-02 3.792415169660678931e-02
0.000000000000000000e+00 6.034090909090908950e-01 8.093812375249500590e-01 1.068181818181818121e-01 7.385229540918163138e-02
0.000000000000000000e+00 6.647727272727272929e-01 7.544910179640718084e-01 8.409090909090909116e-02 4.391217564870259632e-02
0.000000000000000000e+00 7.079545454545455030e-01 8.233532934131736480e-01 7.954545454545454419e-02 9.381237524950099271e-02
0.000000000000000000e+00 7.852272727272727737e-01 8.433133732534929816e-01 8.409090909090909116e-02 8.582834331337325928e-02
0.000000000000000000e+00 9.579545454545455030e-01 7.594810379241516696e-01 8.409090909090909116e-02 6.586826347305389795e-02
0.000000000000000000e+00 8.806818181818182323e-01 7.405189620758483304e-01 8.863636363636363813e-02 4.391217564870259632e-02
0.000000000000000000e+00 5.284090909090909394e-01 7.514970059880239361e-01 7.954545454545454419e-02 4.191616766467065602e-02
0.000000000000000000e+00 5.670454545454545192e-01 6.936127744510978133e-01 1.022727272727272790e-01 3.792415169660678931e-02
0.000000000000000000e+00 4.681818181818181990e-01 7.654690618762475252e-01 3.636363636363636187e-02 9.381237524950099271e-02
