0.000000000000000000e+00 6.111111111111110911e-02 3.441666666666666763e-01 1.199999999999999956e-01 2.383333333333333415e-01
0.000000000000000000e+00 8.333333333333332871e-02 1.849999999999999978e-01 5.999999999999999778e-02 9.666666666666666463e-02
0.000000000000000000e+00 1.444444444444444378e-02 1.666666666666666574e-01 2.666666666666666838e-02 1.266666666666666774e-01
0.000000000000000000e+00 1.638888888888888895e-01 3.825000000000000067e-01 9.222222222222221932e-02 1.449999999999999900e-01
0.000000000000000000e+00 2.216666666666666785e-01 4.991666666666666474e-01 1.055555555555555552e-01 2.049999999999999878e-01
0.000000000000000000e+00 2.911111111111110983e-01 4.033333333333333215e-01 7.777777777777777901e-02 1.400000000000000133e-01
0.000000000000000000e+00 2.511111111111111183e-01 2.708333333333333148e-01 4.444444444444444614e-02 5.500000000000000028e-02
0.000000000000000000e+00 2.638888888888888951e-01 6.266666666666667052e-01 1.077777777777777779e-01 1.366666666666666585e-01
0.000000000000000000e+00 3.583333333333333370e-01 5.649999999999999467e-01 5.222222222222222543e-02 1.466666666666666674e-01
0.000000000000000000e+00 3.972222222222221988e-01 6.733333333333333393e-01 8.333333333333332871e-02 1.533333333333333215e-01
0.000000000000000000e+00 4.644444444444444375e-01 6.999999999999999556e-01 5.333333333333333676e-02 8.666666666666666963e-02
