0.000000000000000000e+00 9.546313799621927720e-02 6.161790017211703496e-01 9.262759924385632893e-02 1.204819277108433728e-01
0.000000000000000000e+00 3.327032136105860238e-01 5.671256454388984292e-01 7.939508506616256567e-02 2.237521514629948333e-02
0.000000000000000000e+00 3.988657844990547985e-01 5.378657487091221823e-01 6.049149338374291279e-02 4.991394148020653759e-02
0.000000000000000000e+00 1.739130434782608647e-01 5.748709122203098376e-01 9.451795841209829907e-02 1.342512908777969138e-01
0.000000000000000000e+00 2.608695652173912971e-01 5.920826161790017084e-01 4.536862003780718633e-02 6.196213425129087904e-02
0.000000000000000000e+00 2.419659735349716512e-01 6.411359724612736288e-01 4.158790170132325298e-02 8.777969018932874068e-02
0.000000000000000000e+00 7.466918714555766112e-02 7.659208261617900249e-01 1.701323251417769314e-02 2.753872633390705774e-02
0.000000000000000000e+00 2.079395085066162649e-02 6.290877796901893637e-01 3.780718336483931963e-02 3.614457831325301046e-02
0.000000000000000000e+00 9.451795841209829907e-03 6.824440619621342519e-01 1.512287334593572820e-02 7.056798623063682829e-02
0.000000000000000000e+00 2.466918714555765557e-01 7.048192771084337283e-01 2.835538752362948972e-02 2.581755593803786511e-02
0.000000000000000000e+00 1.086956521739130405e-01 7.590361445783132543e-01 1.323251417769376152e-02 2.065404475043029417e-02
0.000000000000000000e+00 1.304347826086956486e-01 7.573149741824440895e-01 1.512287334593572820e-02 2.065404475043029417e-02
0.000000000000000000e+00 1.531190926275992348e-01 7.478485370051635162e-01 1.512287334593572820e-02 2.237521514629948333e-02
0.000000000000000000e+00 1.805293005671077533e-01 7.409638554216867457e-01 2.457466918714555637e-02 1.893287435456110154e-02
0.000000000000000000e+00 1.408317580340264774e-01 7.805507745266780928e-01 3.213610586011342307e-02 1.893287435456110154e-02
0.000000000000000000e+00 2.098298676748582281e-01 7.375215146299484159e-01 1.512287334593572820e-02 1.893287435456110154e-02
0.000000000000000000e+00 2.145557655954631326e-01 7.616179001721170572e-01 1.323251417769376152e-02 1.893287435456110154e-02
0.000000000000000000e+00 2.703213610586011617e-01 7.495697074010326810e-01 5.293005671077504609e-02 2.237521514629948333e-02
0.000000000000000000e+00 2.797731568998109708e-01 7.237521514629948749e-01 1.890359168241965981e-02 1.549053356282271976e-02
0.000000000000000000e+00 3.374291115311909284e-01 6.445783132530120696e-01 4.725897920604914954e-02 4.647160068846815928e-02
0.000000000000000000e+00 3.620037807183364986e-01 6.738382099827883165e-01 3.591682419659735642e-02 2.925989672977624689e-02
0.000000000000000000e+00 3.175803402646502627e-01 5.981067125645438409e-01 4.158790170132325298e-02 2.581755593803786511e-02
0.000000000000000000e+00 4.877126654064272149e-01 5.679862306368330671e-01 6.049149338374291279e-02 8.605851979345954805e-02
0.000000000000000000e+00 4.206049149338374482e-01 6.204819277108434283e-01 3.213610586011342307e-02 6.024096385542168641e-02
0.000000000000000000e+00 4.064272211720226791e-01 6.652323580034423811e-01 5.293005671077504609e-02 2.581755593803786511e-02
0.000000000000000000e+00 6.332703213610586523e-01 5.619621342512908235e-01 1.247637051039697520e-01 9.466437177280551118e-02
0.000000000000000000e+00 6.947069943289224669e-01 4.913941480206540646e-01 8.884688090737240251e-02 6.024096385542168641e-02
0.000000000000000000e+00 7.419659735349716234e-01 4.475043029259896943e-01 5.482041587901701624e-02 5.851979345955249379e-02
0.000000000000000000e+00 6.493383742911152945e-01 6.592082616179001375e-01 5.103969754253308289e-02 2.753872633390705774e-02
0.000000000000000000e+00 5.775047258979205678e-01 6.669535283993115460e-01 2.079395085066162649e-02 4.302925989672977403e-02
0.000000000000000000e+00 5.869565217391304879e-01 7.005163511187607606e-01 1.701323251417769314e-02 2.409638554216867595e-02
0.000000000000000000e+00 5.727788279773157187e-01 7.280550774526678426e-01 8.695652173913043237e-02 2.065404475043029417e-02
0.000000000000000000e+00 5.189035916824196182e-01 6.927710843373493521e-01 8.128544423440453581e-02 2.925989672977624689e-02
