0.000000000000000000e+00 2.317708333333333426e-02 4.967592592592592338e-01 4.531249999999999861e-02 6.388888888888888395e-02
0.000000000000000000e+00 6.536458333333333703e-02 4.958333333333333481e-01 4.010416666666666990e-02 9.351851851851851471e-02
0.000000000000000000e+00 9.973958333333333981e-02 4.912037037037036979e-01 3.281250000000000139e-02 1.212962962962962910e-01
0.000000000000000000e+00 1.343749999999999944e-01 4.981481481481481732e-01 3.541666666666666574e-02 1.111111111111111049e-01
0.000000000000000000e+00 1.708333333333333370e-01 5.162037037037037202e-01 3.645833333333333565e-02 8.981481481481481954e-02
0.000000000000000000e+00 2.010416666666666741e-01 5.240740740740740256e-01 2.812500000000000069e-02 8.703703703703703776e-02
0.000000000000000000e+00 2.294270833333333370e-01 5.296296296296296724e-01 2.656249999999999931e-02 1.092592592592592643e-01
0.000000000000000000e+00 2.671875000000000222e-01 5.060185185185185341e-01 5.729166666666666435e-02 2.361111111111111049e-01
0.000000000000000000e+00 3.221354166666666741e-01 4.949074074074074070e-01 6.093749999999999861e-02 2.120370370370370239e-01
0.000000000000000000e+00 3.708333333333333481e-01 4.648148148148147918e-01 4.374999999999999722e-02 1.222222222222222182e-01
0.000000000000000000e+00 3.747395833333333481e-01 5.648148148148147696e-01 4.635416666666666852e-02 8.333333333333332871e-02
0.000000000000000000e+00 4.773437500000000111e-01 4.513888888888888951e-01 2.968749999999999861e-02 2.685185185185185244e-02
