0.000000000000000000e+00 3.354166666666666408e-01 5.282407407407407884e-01 1.312500000000000056e-01 2.500000000000000139e-02
0.000000000000000000e+00 4.208333333333333370e-01 5.199074074074073737e-01 3.437500000000000278e-02 4.166666666666666435e-02
0.000000000000000000e+00 4.658854166666666630e-01 5.060185185185185341e-01 5.781250000000000278e-02 5.648148148148147973e-02
0.000000000000000000e+00 4.703125000000000222e-01 4.597222222222221988e-01 2.708333333333333426e-02 3.240740740740740561e-02
0.000000000000000000e+00 5.268229166666666963e-01 4.925925925925925819e-01 5.989583333333333565e-02 7.592592592592592449e-02
0.000000000000000000e+00 5.242187499999999556e-01 4.337962962962962910e-01 3.593749999999999722e-02 3.981481481481481677e-02
0.000000000000000000e+00 5.651041666666666297e-01 4.347222222222222321e-01 4.687500000000000000e-02 4.166666666666666435e-02
0.000000000000000000e+00 5.822916666666666519e-01 4.949074074074074070e-01 4.583333333333333010e-02 5.092592592592592310e-02
0.000000000000000000e+00 6.010416666666666963e-01 4.648148148148147918e-01 5.312499999999999861e-02 3.518518518518518740e-02
0.000000000000000000e+00 6.424479166666666741e-01 4.476851851851851860e-01 3.697916666666666713e-02 6.574074074074073848e-02
0.000000000000000000e+00 6.812500000000000222e-01 4.652777777777777901e-01 4.166666666666666435e-02 6.203703703703703637e-02
0.000000000000000000e+00 7.229166666666666519e-01 4.620370370370370239e-01 3.749999999999999861e-02 4.074074074074074403e-02
0.000000000000000000e+00 7.174479166666666297e-01 4.055555555555555580e-01 1.822916666666666782e-02 6.851851851851852027e-02
0.000000000000000000e+00 7.557291666666666741e-01 4.782407407407407440e-01 2.395833333333333495e-02 3.425925925925926013e-02
