0.000000000000000000e+00 2.275362318840579712e-01 5.005434782608695343e-01 8.405797101449274944e-02 6.413043478260870012e-02
0.000000000000000000e+00 2.913043478260869401e-01 5.168478260869565633e-01 3.768115942028985726e-02 4.239130434782608509e-02
0.000000000000000000e+00 3.297101449275362528e-01 5.309782608695652328e-01 3.623188405797101580e-02 2.500000000000000139e-02
0.000000000000000000e+00 3.601449275362318958e-01 5.766304347826086696e-01 2.753623188405797048e-02 7.282608695652173503e-02
0.000000000000000000e+00 4.101449275362318847e-01 5.891304347826087362e-01 6.666666666666666574e-02 4.565217391304347838e-02
0.000000000000000000e+00 2.637681159420289800e-01 4.315217391304347894e-01 1.188405797101449307e-01 3.913043478260869873e-02
0.000000000000000000e+00 2.782608695652173947e-01 3.788043478260869623e-01 7.826086956521739746e-02 6.847826086956521063e-02
0.000000000000000000e+00 1.492753623188405876e-01 4.429347826086956763e-01 4.057971014492753326e-02 4.021739130434782289e-02
0.000000000000000000e+00 1.449275362318840632e-01 4.858695652173913304e-01 1.449275362318840597e-02 4.782608695652174058e-02
0.000000000000000000e+00 1.499999999999999944e-01 5.793478260869565633e-01 2.463768115942029102e-02 1.304347826086956451e-02
0.000000000000000000e+00 1.601449275362318847e-01 6.103260869565216851e-01 3.043478260869565341e-02 1.195652173913043514e-02
0.000000000000000000e+00 2.500000000000000000e-01 6.108695652173913304e-01 4.202898550724637472e-02 1.086956521739130405e-02
0.000000000000000000e+00 6.384057971014492905e-01 4.233695652173913304e-01 8.550724637681159090e-02 4.239130434782608509e-02
0.000000000000000000e+00 4.456521739130434590e-01 4.364130434782608758e-01 3.623188405797101580e-02 1.847826086956521827e-02
0.000000000000000000e+00 8.731884057971014412e-01 4.249999999999999889e-01 9.710144927536232262e-02 4.347826086956521618e-02
