0.000000000000000000e+00 8.820833333333333304e-01 5.277777777777777901e-01 3.250000000000000111e-02 3.777777777777777818e-02
0.000000000000000000e+00 9.404166666666666785e-01 5.766666666666666607e-01 1.750000000000000167e-02 5.111111111111111410e-02
0.000000000000000000e+00 9.820833333333333082e-01 6.055555555555555136e-01 2.750000000000000014e-02 2.666666666666666838e-02
0.000000000000000000e+00 9.158333333333333881e-01 5.422222222222222721e-01 2.833333333333333190e-02 2.000000000000000042e-02
0.000000000000000000e+00 2.112499999999999933e-01 4.500000000000000111e-01 1.583333333333333467e-02 2.444444444444444572e-02
0.000000000000000000e+00 2.333333333333333370e-01 4.583333333333333148e-01 2.000000000000000042e-02 2.111111111111111174e-02
0.000000000000000000e+00 2.016666666666666607e-01 5.755555555555555980e-01 1.833333333333333343e-02 3.333333333333333287e-02
0.000000000000000000e+00 2.054166666666666641e-01 5.155555555555555447e-01 1.750000000000000167e-02 4.666666666666666879e-02
0.000000000000000000e+00 2.658333333333333104e-01 5.611111111111111160e-01 2.333333333333333440e-02 3.555555555555555552e-02
0.000000000000000000e+00 2.333333333333333370e-01 5.911111111111111427e-01 2.833333333333333190e-02 3.111111111111111022e-02
0.000000000000000000e+00 2.666666666666666630e-01 6.061111111111111560e-01 3.833333333333333037e-02 2.111111111111111174e-02
0.000000000000000000e+00 3.099999999999999978e-01 6.066666666666666874e-01 1.833333333333333343e-02 3.111111111111111022e-02
0.000000000000000000e+00 8.691666666666666430e-01 4.294444444444444620e-01 1.833333333333333343e-02 2.999999999999999889e-02
0.000000000000000000e+00 8.962499999999999911e-01 4.227777777777777524e-01 3.083333333333333412e-02 2.333333333333333440e-02
