0.000000000000000000e+00 1.277777777777777679e-01 5.769230769230768718e-01 3.333333333333333287e-02 1.005917159763313612e-01
0.000000000000000000e+00 3.844444444444444220e-01 5.828402366863905115e-01 8.000000000000000167e-02 1.065088757396449731e-01
0.000000000000000000e+00 4.477777777777777746e-01 6.035502958579881394e-01 5.111111111111111410e-02 1.065088757396449731e-01
0.000000000000000000e+00 5.166666666666667185e-01 6.213017751479289474e-01 8.222222222222222432e-02 1.242603550295857950e-01
0.000000000000000000e+00 6.155555555555555225e-01 6.375739644970414011e-01 1.155555555555555503e-01 1.449704142011834229e-01
0.000000000000000000e+00 6.144444444444444597e-01 5.310650887573964418e-01 1.044444444444444509e-01 6.804733727810650945e-02
0.000000000000000000e+00 7.533333333333332993e-01 4.600591715976331542e-01 1.155555555555555503e-01 1.035502958579881672e-01
0.000000000000000000e+00 7.322222222222222188e-01 6.420118343195265753e-01 1.177777777777777729e-01 2.426035502958579781e-01
0.000000000000000000e+00 8.266666666666666607e-01 7.292899408284023721e-01 6.222222222222222043e-02 9.763313609467455523e-02
0.000000000000000000e+00 7.166666666666666741e-01 8.269230769230768718e-01 1.177777777777777729e-01 6.804733727810650945e-02
0.000000000000000000e+00 6.011111111111111516e-01 8.343195266272189770e-01 4.666666666666666879e-02 5.325443786982248656e-02
0.000000000000000000e+00 2.044444444444444564e-01 5.044378698224851743e-01 6.666666666666666574e-02 7.988165680473373331e-02
0.000000000000000000e+00 6.277777777777777679e-01 4.319526627218934767e-01 4.222222222222222349e-02 4.733727810650887463e-02
0.000000000000000000e+00 7.622222222222222454e-01 3.076923076923077094e-01 3.555555555555555552e-02 4.733727810650887463e-02
