0.000000000000000000e+00 3.811111111111111227e-01 7.758333333333333748e-01 6.222222222222222043e-02 8.166666666666666519e-02
0.000000000000000000e+00 4.772222222222222143e-01 7.874999999999999778e-01 7.000000000000000666e-02 4.833333333333333232e-02
0.000000000000000000e+00 5.455555555555555713e-01 7.908333333333333881e-01 6.666666666666666574e-02 3.500000000000000333e-02
0.000000000000000000e+00 4.561111111111111338e-01 5.875000000000000222e-01 2.111111111111111174e-02 6.500000000000000222e-02
0.000000000000000000e+00 4.977777777777777635e-01 6.016666666666666829e-01 6.666666666666666574e-02 4.333333333333333481e-02
0.000000000000000000e+00 4.333333333333333481e-01 5.941666666666666208e-01 2.000000000000000042e-02 6.500000000000000222e-02
0.000000000000000000e+00 3.316666666666666652e-01 5.183333333333333126e-01 2.999999999999999889e-02 2.000000000000000042e-02
0.000000000000000000e+00 2.822222222222222077e-01 7.125000000000000222e-01 1.555555555555555511e-02 6.166666666666666824e-02
0.000000000000000000e+00 3.122222222222222343e-01 7.341666666666666341e-01 4.666666666666666879e-02 3.166666666666666935e-02
0.000000000000000000e+00 5.611111111111111160e-02 6.733333333333333393e-01 3.222222222222222154e-02 2.000000000000000042e-02
0.000000000000000000e+00 8.833333333333333315e-02 6.824999999999999956e-01 4.111111111111111216e-02 2.500000000000000139e-02
0.000000000000000000e+00 1.300000000000000044e-01 6.766666666666666385e-01 3.777777777777777818e-02 4.333333333333333481e-02
0.000000000000000000e+00 1.677777777777777757e-01 6.925000000000000044e-01 4.000000000000000083e-02 3.500000000000000333e-02
0.000000000000000000e+00 2.055555555555555469e-01 7.099999999999999645e-01 3.555555555555555552e-02 2.999999999999999889e-02
0.000000000000000000e+00 2.233333333333333282e-01 6.791666666666666963e-01 4.000000000000000083e-02 2.500000000000000139e-02
0.000000000000000000e+00 1.983333333333333337e-01 6.591666666666666785e-01 2.777777777777777624e-02 2.166666666666666741e-02
0.000000000000000000e+00 1.088888888888888823e-01 6.333333333333333037e-01 2.000000000000000042e-02 2.333333333333333440e-02
