0.000000000000000000e+00 1.589355468750000000e-01 1.084249084249084283e-01 3.564453125000000000e-02 7.326007326007326348e-02
0.000000000000000000e+00 1.794433593750000000e-01 3.516483516483516480e-02 4.638671875000000000e-02 3.076923076923077094e-02
0.000000000000000000e+00 1.906738281250000000e-01 9.377289377289377281e-02 2.197265625000000000e-02 7.912087912087911734e-02
0.000000000000000000e+00 2.934570312500000000e-01 3.912087912087912067e-01 4.199218750000000000e-02 3.956043956043955867e-02
0.000000000000000000e+00 3.242187500000000000e-01 4.326007326007326181e-01 3.613281250000000000e-02 6.227106227106227188e-02
0.000000000000000000e+00 3.554687500000000000e-01 4.018315018315018472e-01 3.417968750000000000e-02 1.340659340659340615e-01
0.000000000000000000e+00 3.876953125000000000e-01 3.260073260073260148e-01 3.515625000000000000e-02 3.809523809523809867e-02
0.000000000000000000e+00 3.864746093750000000e-01 3.842490842490842717e-01 2.880859375000000000e-02 6.813186813186812574e-02
0.000000000000000000e+00 3.571777343750000000e-01 1.952380952380952384e-01 3.369140625000000000e-02 4.908424908424908334e-02
0.000000000000000000e+00 3.864746093750000000e-01 1.699633699633699702e-01 2.197265625000000000e-02 2.344322344322344320e-02
0.000000000000000000e+00 4.724121093750000000e-01 6.340659340659340337e-01 1.127929687500000000e-01 1.340659340659340615e-01
0.000000000000000000e+00 5.087890625000000000e-01 5.424908424908424509e-01 9.375000000000000000e-02 5.054945054945055027e-02
0.000000000000000000e+00 5.380859375000000000e-01 6.131868131868132288e-01 1.464843750000000000e-02 8.937728937728937895e-02
0.000000000000000000e+00 5.654296875000000000e-01 6.010989010989010728e-01 4.687500000000000000e-02 5.787545787545787801e-02
0.000000000000000000e+00 5.947265625000000000e-01 6.333333333333333037e-01 4.394531250000000000e-02 6.959706959706959961e-02
0.000000000000000000e+00 6.372070312500000000e-01 6.457875457875458247e-01 3.515625000000000000e-02 3.443223443223443481e-02
0.000000000000000000e+00 6.313476562500000000e-01 5.655677655677655569e-01 2.636718750000000000e-02 4.981684981684982028e-02
0.000000000000000000e+00 6.506347656250000000e-01 6.095238095238095788e-01 3.173828125000000000e-02 3.663003663003663174e-02
0.000000000000000000e+00 6.801757812500000000e-01 6.791208791208791506e-01 2.929687500000000000e-02 4.981684981684982028e-02
0.000000000000000000e+00 8.393554687500000000e-01 7.183150183150183166e-01 2.929687500000000000e-02 4.322344322344322254e-02
0.000000000000000000e+00 7.175292968750000000e-01 6.575091575091575047e-01 3.369140625000000000e-02 5.787545787545787801e-02
