0.000000000000000000e+00 3.545454545454545525e-01 3.969696969696969724e-01 3.939393939393939087e-02 1.333333333333333315e-01
0.000000000000000000e+00 3.818181818181818343e-01 4.939393939393939559e-01 2.424242424242424240e-02 1.030303030303030276e-01
0.000000000000000000e+00 3.795454545454545192e-01 7.469696969696969502e-01 4.393939393939393784e-02 3.363636363636363646e-01
0.000000000000000000e+00 2.287878787878787901e-01 8.772727272727273151e-01 3.333333333333333287e-02 6.363636363636362980e-02
0.000000000000000000e+00 4.742424242424242431e-01 8.545454545454544970e-01 1.030303030303030276e-01 1.515151515151515194e-01
0.000000000000000000e+00 5.946969696969697239e-01 9.318181818181817677e-01 1.651515151515151603e-01 1.363636363636363535e-01
0.000000000000000000e+00 4.651515151515151492e-01 6.590909090909090606e-01 6.666666666666666574e-02 2.454545454545454530e-01
0.000000000000000000e+00 5.015151515151514694e-01 4.333333333333333481e-01 6.060606060606060774e-02 2.060606060606060552e-01
0.000000000000000000e+00 5.575757575757576134e-01 3.984848484848484973e-01 5.151515151515151381e-02 1.787878787878788012e-01
0.000000000000000000e+00 5.825757575757575246e-01 6.060606060606060774e-01 4.696969696969696684e-02 3.393939393939394145e-01
0.000000000000000000e+00 5.772727272727272707e-01 8.242424242424242209e-01 8.484848484848485362e-02 8.484848484848485362e-02
0.000000000000000000e+00 5.143939393939394034e-01 6.500000000000000222e-01 3.484848484848485084e-02 8.787878787878787568e-02
