0.000000000000000000e+00 9.444444444444444198e-02 8.805865921787709993e-01 1.199999999999999956e-01 2.374301675977653556e-02
0.000000000000000000e+00 1.477777777777777857e-01 8.331005586592178380e-01 2.222222222222222307e-02 2.374301675977653556e-02
0.000000000000000000e+00 1.338888888888888906e-01 5.747206703910614500e-01 4.333333333333333481e-02 1.187150837988826813e-01
0.000000000000000000e+00 1.638888888888888895e-01 5.062849162011172632e-01 5.000000000000000278e-02 7.122905027932960320e-02
0.000000000000000000e+00 1.777777777777777846e-01 4.406424581005586316e-01 3.777777777777777818e-02 6.005586592178770861e-02
0.000000000000000000e+00 2.133333333333333470e-01 3.840782122905028184e-01 4.000000000000000083e-02 1.312849162011173187e-01
0.000000000000000000e+00 1.855555555555555569e-01 6.983240223463686724e-02 1.088888888888888823e-01 1.368715083798882626e-01
0.000000000000000000e+00 3.011111111111111072e-01 1.229050279329608891e-01 5.555555555555555247e-02 8.100558659217876878e-02
0.000000000000000000e+00 4.305555555555555802e-01 2.500000000000000000e-01 6.111111111111110911e-02 7.541899441340782495e-02
0.000000000000000000e+00 2.966666666666666896e-01 5.244413407821229001e-01 8.444444444444444697e-02 1.689944134078212312e-01
0.000000000000000000e+00 2.783333333333333215e-01 6.431564245810056368e-01 2.777777777777777624e-02 7.402234636871508899e-02
0.000000000000000000e+00 3.461111111111110916e-01 4.413407821229050065e-01 7.666666666666666075e-02 1.312849162011173187e-01
0.000000000000000000e+00 3.805555555555555358e-01 3.512569832402234749e-01 4.777777777777778012e-02 1.466480446927374282e-01
0.000000000000000000e+00 5.911111111111111427e-01 5.391061452513966623e-01 5.777777777777777513e-02 1.480446927374301780e-01
