0.000000000000000000e+00 4.700000000000000011e-02 6.566666666666666208e-01 8.999999999999999667e-02 8.666666666666666963e-02
0.000000000000000000e+00 9.099999999999999756e-02 7.349999999999999867e-01 1.179999999999999938e-01 6.333333333333333870e-02
0.000000000000000000e+00 1.469999999999999918e-01 6.450000000000000178e-01 7.799999999999999989e-02 1.033333333333333326e-01
0.000000000000000000e+00 1.990000000000000102e-01 7.299999999999999822e-01 1.019999999999999934e-01 1.066666666666666735e-01
0.000000000000000000e+00 3.150000000000000022e-01 6.916666666666666519e-01 1.219999999999999973e-01 1.833333333333333204e-01
0.000000000000000000e+00 4.729999999999999760e-01 6.383333333333333082e-01 1.859999999999999987e-01 3.900000000000000133e-01
0.000000000000000000e+00 4.829999999999999849e-01 3.516666666666666829e-01 1.499999999999999944e-01 1.966666666666666563e-01
0.000000000000000000e+00 6.440000000000000169e-01 4.500000000000000111e-01 6.800000000000000488e-02 1.400000000000000133e-01
0.000000000000000000e+00 6.570000000000000284e-01 7.566666666666667096e-01 1.700000000000000122e-01 2.200000000000000011e-01
0.000000000000000000e+00 7.520000000000000018e-01 6.616666666666666252e-01 1.479999999999999927e-01 2.833333333333333259e-01
0.000000000000000000e+00 8.659999999999999920e-01 7.216666666666666785e-01 1.000000000000000056e-01 2.033333333333333381e-01
0.000000000000000000e+00 9.699999999999999734e-01 7.700000000000000178e-01 5.999999999999999778e-02 1.066666666666666735e-01
0.000000000000000000e+00 3.360000000000000209e-01 5.383333333333333304e-01 9.600000000000000200e-02 1.366666666666666585e-01
