0.000000000000000000e+00 5.256222547584187277e-01 3.247070312500000000e-01 3.221083455344070368e-02 2.050781250000000000e-02
0.000000000000000000e+00 5.300146412884333413e-01 3.535156250000000000e-01 2.049780380673499325e-02 3.320312500000000000e-02
0.000000000000000000e+00 5.351390922401171313e-01 3.876953125000000000e-01 1.610541727672035184e-02 2.929687500000000000e-02
0.000000000000000000e+00 5.666178623718887142e-01 4.560546875000000000e-01 5.856515373352855214e-02 7.812500000000000000e-02
0.000000000000000000e+00 5.717423133235725041e-01 5.175781250000000000e-01 2.196193265007320705e-02 3.906250000000000000e-02
0.000000000000000000e+00 5.805270863836017314e-01 5.625000000000000000e-01 2.489019033674963466e-02 4.101562500000000000e-02
0.000000000000000000e+00 5.929721815519766182e-01 6.054687500000000000e-01 2.342606149341142086e-02 3.710937500000000000e-02
0.000000000000000000e+00 6.310395314787701215e-01 6.401367187500000000e-01 8.491947291361640060e-02 3.222656250000000000e-02
0.000000000000000000e+00 5.248901903367496624e-01 2.939453125000000000e-01 3.953147877013177269e-02 1.562500000000000000e-02
0.000000000000000000e+00 5.109809663250366452e-01 2.661132812500000000e-01 2.049780380673499325e-02 1.660156250000000000e-02
0.000000000000000000e+00 6.222547584187408942e-01 6.870117187500000000e-01 4.978038067349926932e-02 1.269531250000000000e-02
