0.000000000000000000e+00 2.750000000000000014e-02 8.257772020725389073e-01 5.166666666666666630e-02 1.075129533678756411e-01
0.000000000000000000e+00 1.295833333333333282e-01 8.393782383419688964e-01 1.474999999999999922e-01 7.253886010362693704e-02
0.000000000000000000e+00 2.179166666666666752e-01 7.784974093264248607e-01 3.083333333333333412e-02 1.813471502590673634e-01
0.000000000000000000e+00 4.341666666666666452e-01 8.128238341968911929e-01 3.983333333333333171e-01 8.419689119170983838e-02
0.000000000000000000e+00 3.150000000000000022e-01 7.331606217616580823e-01 7.499999999999999722e-02 7.772020725388600892e-02
0.000000000000000000e+00 4.112500000000000044e-01 7.286269430051813822e-01 2.750000000000000014e-02 8.160621761658030937e-02
0.000000000000000000e+00 4.812500000000000111e-01 7.137305699481865107e-01 2.916666666666666713e-02 1.113989637305699415e-01
0.000000000000000000e+00 5.445833333333333082e-01 7.124352331606217392e-01 6.916666666666666796e-02 1.088082901554404125e-01
0.000000000000000000e+00 6.162499999999999645e-01 6.968911917098445929e-01 4.416666666666666657e-02 1.476683937823834170e-01
0.000000000000000000e+00 6.487500000000000488e-01 7.564766839378238572e-01 2.416666666666666616e-02 1.994818652849740803e-01
0.000000000000000000e+00 7.112500000000000488e-01 7.856217616580311036e-01 9.083333333333333537e-02 1.437823834196891304e-01
0.000000000000000000e+00 7.500000000000000000e-01 6.664507772020725751e-01 5.500000000000000028e-02 1.075129533678756411e-01
0.000000000000000000e+00 8.054166666666666696e-01 8.089378238341968785e-01 8.416666666666666741e-02 1.049222797927461120e-01
0.000000000000000000e+00 9.262500000000000178e-01 8.063471502590673357e-01 1.474999999999999922e-01 8.937823834196891026e-02
0.000000000000000000e+00 9.679166666666666474e-01 7.176165803108808250e-01 6.416666666666666352e-02 9.844559585492228260e-02
