0.000000000000000000e+00 4.835937499999999889e-01 5.166666666666667185e-01 6.822916666666666019e-02 1.037037037037037007e-01
0.000000000000000000e+00 5.882812499999999778e-01 6.555555555555555580e-01 4.635416666666666852e-02 7.222222222222221544e-02
0.000000000000000000e+00 3.986979166666666519e-01 3.740740740740740589e-01 3.385416666666666435e-02 6.851851851851852027e-02
0.000000000000000000e+00 4.830729166666666852e-01 2.097222222222222265e-01 4.010416666666666990e-02 7.499999999999999722e-02
0.000000000000000000e+00 5.083333333333333037e-01 2.731481481481481399e-01 4.791666666666666990e-02 7.037037037037037479e-02
0.000000000000000000e+00 5.257812499999999778e-01 3.546296296296296280e-01 4.947916666666666435e-02 5.925925925925926152e-02
0.000000000000000000e+00 5.638020833333333703e-01 3.203703703703703609e-01 4.843750000000000139e-02 6.666666666666666574e-02
0.000000000000000000e+00 4.492187500000000000e-01 7.592592592592592449e-02 6.614583333333333426e-02 1.111111111111111049e-01
0.000000000000000000e+00 5.226562500000000444e-01 7.083333333333333148e-02 4.218750000000000278e-02 7.685185185185185175e-02
0.000000000000000000e+00 3.919270833333333148e-01 2.069444444444444309e-01 5.052083333333333426e-02 6.944444444444444753e-02
0.000000000000000000e+00 4.773437500000000111e-01 1.495370370370370239e-01 6.093749999999999861e-02 6.388888888888888395e-02
