0.000000000000000000e+00 4.799999999999999822e-01 2.636054421768707634e-01 3.500000000000000333e-02 5.102040816326530726e-02
0.000000000000000000e+00 5.637499999999999734e-01 2.193877551020408101e-01 6.250000000000000000e-02 4.421768707482993249e-02
0.000000000000000000e+00 4.712500000000000022e-01 3.537414965986394599e-01 2.249999999999999917e-02 3.401360544217687382e-02
0.000000000000000000e+00 4.699999999999999734e-01 4.013605442176870763e-01 2.500000000000000139e-02 4.761904761904761640e-02
0.000000000000000000e+00 5.187500000000000444e-01 3.690476190476190688e-01 2.249999999999999917e-02 1.190476190476190410e-01
0.000000000000000000e+00 5.625000000000000000e-01 3.214285714285714524e-01 5.999999999999999778e-02 5.102040816326530726e-02
0.000000000000000000e+00 5.474999999999999867e-01 4.438775510204081565e-01 8.999999999999999667e-02 6.462585034013605678e-02
0.000000000000000000e+00 5.137500000000000400e-01 4.863945578231292366e-01 5.249999999999999806e-02 4.761904761904761640e-02
0.000000000000000000e+00 5.675000000000000044e-01 6.938775510204081565e-01 7.000000000000000666e-02 1.224489795918367319e-01
0.000000000000000000e+00 6.324999999999999512e-01 7.006802721088435382e-01 2.000000000000000042e-02 6.122448979591836593e-02
0.000000000000000000e+00 4.987500000000000266e-01 7.500000000000000000e-01 6.250000000000000000e-02 1.122448979591836732e-01
0.000000000000000000e+00 5.512500000000000178e-01 8.486394557823129237e-01 9.249999999999999889e-02 9.183673469387755584e-02
0.000000000000000000e+00 5.849999999999999645e-01 5.952380952380952328e-01 2.000000000000000042e-02 8.163265306122448328e-02
0.000000000000000000e+00 4.687500000000000000e-01 5.068027210884353817e-01 2.249999999999999917e-02 3.401360544217687382e-02
0.000000000000000000e+00 6.437500000000000444e-01 7.738095238095238360e-01 3.250000000000000111e-02 4.421768707482993249e-02
0.000000000000000000e+00 6.187500000000000222e-01 3.435374149659863874e-01 2.750000000000000014e-02 3.401360544217687382e-02
