0.000000000000000000e+00 1.520833333333333204e-01 4.587962962962963132e-01 1.250000000000000069e-02 2.129629629629629581e-02
0.000000000000000000e+00 1.807291666666666630e-01 4.509259259259259522e-01 4.791666666666666990e-02 1.666666666666666644e-02
0.000000000000000000e+00 2.119791666666666630e-01 4.472222222222222432e-01 1.666666666666666644e-02 2.777777777777777624e-02
0.000000000000000000e+00 2.325520833333333259e-01 4.388888888888888840e-01 2.447916666666666644e-02 3.333333333333333287e-02
0.000000000000000000e+00 2.583333333333333592e-01 4.231481481481481621e-01 2.708333333333333426e-02 5.740740740740740700e-02
0.000000000000000000e+00 2.872395833333333259e-01 4.120370370370370350e-01 3.489583333333333426e-02 6.111111111111110911e-02
0.000000000000000000e+00 3.143229166666666741e-01 4.333333333333333481e-01 4.218750000000000278e-02 6.111111111111110911e-02
0.000000000000000000e+00 3.588541666666666408e-01 4.226851851851851638e-01 4.479166666666666713e-02 4.722222222222222099e-02
0.000000000000000000e+00 3.929687499999999778e-01 4.143518518518518601e-01 3.802083333333333010e-02 6.018518518518518184e-02
0.000000000000000000e+00 4.260416666666666519e-01 4.226851851851851638e-01 2.812500000000000069e-02 4.907407407407407551e-02
0.000000000000000000e+00 4.533854166666666519e-01 4.199074074074073959e-01 2.552083333333333287e-02 3.981481481481481677e-02
0.000000000000000000e+00 4.781250000000000222e-01 4.092592592592592671e-01 2.187499999999999861e-02 4.444444444444444614e-02
0.000000000000000000e+00 4.968750000000000111e-01 4.143518518518518601e-01 1.562500000000000000e-02 3.796296296296296224e-02
0.000000000000000000e+00 5.244791666666667185e-01 4.185185185185185119e-01 4.062500000000000139e-02 3.518518518518518740e-02
0.000000000000000000e+00 5.554687499999999556e-01 4.273148148148148140e-01 2.135416666666666713e-02 2.314814814814814686e-02
0.000000000000000000e+00 5.804687499999999778e-01 4.314814814814814659e-01 2.239583333333333356e-02 2.222222222222222307e-02
0.000000000000000000e+00 5.739583333333333481e-01 5.013888888888888840e-01 1.666666666666666644e-02 5.092592592592592310e-02
0.000000000000000000e+00 5.997395833333333259e-01 4.745370370370370350e-01 3.802083333333333010e-02 2.870370370370370350e-02
0.000000000000000000e+00 6.638020833333333481e-01 4.407407407407407662e-01 2.760416666666666574e-02 9.259259259259258745e-02
0.000000000000000000e+00 6.981770833333332815e-01 4.490740740740740700e-01 4.114583333333333287e-02 6.851851851851852027e-02
0.000000000000000000e+00 7.343750000000000000e-01 4.444444444444444198e-01 3.229166666666666990e-02 7.592592592592592449e-02
0.000000000000000000e+00 7.708333333333333703e-01 4.157407407407407440e-01 4.270833333333333426e-02 1.499999999999999944e-01
0.000000000000000000e+00 8.546875000000000444e-01 5.087962962962963021e-01 4.374999999999999722e-02 6.574074074074073848e-02
0.000000000000000000e+00 9.028645833333333037e-01 4.805555555555555691e-01 6.197916666666666852e-02 6.481481481481481122e-02
0.000000000000000000e+00 9.463541666666667185e-01 4.078703703703703831e-01 5.104166666666666574e-02 8.240740740740740145e-02
0.000000000000000000e+00 9.731770833333333037e-01 4.819444444444444531e-01 1.822916666666666782e-02 5.648148148148147973e-02
0.000000000000000000e+00 9.315104166666666741e-01 2.939814814814814548e-01 3.385416666666666435e-02 1.416666666666666630e-01
0.000000000000000000e+00 9.802083333333333481e-01 3.060185185185185230e-01 3.958333333333333148e-02 1.194444444444444503e-01
