0.000000000000000000e+00 3.202764976958525356e-01 1.676767676767676740e-01 1.382488479262672931e-01 1.696969696969697072e-01
0.000000000000000000e+00 4.493087557603686610e-01 9.797979797979798622e-02 2.119815668202764958e-01 5.454545454545454281e-02
0.000000000000000000e+00 2.350230414746543872e-01 3.393939393939394145e-01 7.373271889400921653e-02 1.656565656565656686e-01
0.000000000000000000e+00 2.062211981566820229e-01 4.717171717171717016e-01 9.447004608294930217e-02 1.353535353535353647e-01
0.000000000000000000e+00 3.410138248847926490e-01 5.686868686868686851e-01 3.271889400921659252e-01 5.858585858585858841e-02
0.000000000000000000e+00 1.947004608294930772e-01 6.262626262626262985e-01 1.036866359447004560e-01 5.656565656565656908e-02
0.000000000000000000e+00 1.555299539170506840e-01 6.959595959595960002e-01 4.838709677419354704e-02 1.070707070707070663e-01
0.000000000000000000e+00 3.248847926267280917e-01 6.727272727272727293e-01 1.474654377880184331e-01 1.494949494949494861e-01
0.000000000000000000e+00 3.594470046082949288e-01 8.101010101010100994e-01 5.069124423963133896e-02 9.696969696969696961e-02
0.000000000000000000e+00 8.410138248847925935e-01 7.595959595959596022e-01 5.069124423963133896e-02 5.656565656565656908e-02
0.000000000000000000e+00 5.887096774193548709e-01 6.535353535353535248e-01 5.299539170506912394e-02 3.030303030303030387e-02
0.000000000000000000e+00 5.437788018433179493e-01 8.565656565656565302e-01 6.912442396313364656e-02 4.444444444444444614e-02
