0.000000000000000000e+00 2.514734774066797462e-01 8.199999999999999512e-01 3.929273084479371209e-02 3.333333333333333287e-02
0.000000000000000000e+00 3.005893909626718985e-01 8.349999999999999645e-01 5.500982318271119970e-02 2.999999999999999889e-02
0.000000000000000000e+00 3.703339882121807203e-01 8.433333333333333792e-01 6.483300589390962598e-02 3.333333333333333287e-02
0.000000000000000000e+00 4.184675834970530417e-01 8.066666666666666430e-01 7.465618860510805921e-02 8.000000000000000167e-02
0.000000000000000000e+00 5.019646365422396617e-01 7.950000000000000400e-01 8.840864440078585740e-02 6.333333333333333870e-02
0.000000000000000000e+00 4.135559921414538320e-01 5.350000000000000311e-01 4.911591355599213837e-02 8.333333333333332871e-02
0.000000000000000000e+00 2.976424361493123505e-01 7.566666666666667096e-01 3.339882121807465770e-02 4.666666666666666879e-02
0.000000000000000000e+00 3.251473477406680024e-01 7.900000000000000355e-01 4.125736738703340151e-02 4.666666666666666879e-02
0.000000000000000000e+00 3.654223968565815106e-01 5.433333333333333348e-01 4.715127701375245589e-02 5.333333333333333676e-02
0.000000000000000000e+00 3.055009823182711082e-01 9.033333333333333215e-01 6.876227897838900482e-02 3.333333333333333287e-02
0.000000000000000000e+00 3.664047151277013969e-01 9.033333333333333215e-01 2.946954813359528580e-02 3.333333333333333287e-02
0.000000000000000000e+00 5.579567779960706853e-01 9.033333333333333215e-01 4.322200392927308399e-02 3.333333333333333287e-02
0.000000000000000000e+00 5.746561886051080315e-01 8.116666666666666474e-01 3.339882121807465770e-02 2.999999999999999889e-02
0.000000000000000000e+00 6.119842829076620472e-01 7.966666666666666341e-01 2.946954813359528580e-02 4.000000000000000083e-02
0.000000000000000000e+00 6.453831041257367396e-01 7.966666666666666341e-01 3.732809430255402960e-02 2.666666666666666838e-02
0.000000000000000000e+00 6.915520628683693438e-01 7.366666666666666918e-01 6.286836935166993656e-02 7.333333333333333370e-02
0.000000000000000000e+00 7.622789783889980519e-01 8.533333333333333881e-01 1.964636542239685604e-02 2.666666666666666838e-02
0.000000000000000000e+00 6.689587426326130126e-01 8.950000000000000178e-01 4.911591355599213837e-02 2.999999999999999889e-02
