0.000000000000000000e+00 1.436363636363636453e-01 7.851941747572815933e-01 8.363636363636363369e-02 9.466019417475728115e-02
0.000000000000000000e+00 2.500000000000000000e-01 8.033980582524271608e-01 1.254545454545454575e-01 9.223300970873786475e-02
0.000000000000000000e+00 3.254545454545454408e-01 4.065533980582524132e-01 6.909090909090909172e-02 1.771844660194174803e-01
0.000000000000000000e+00 3.481818181818182034e-01 2.900485436893203706e-01 3.454545454545454586e-02 6.553398058252427050e-02
0.000000000000000000e+00 3.845454545454545237e-01 4.660194174757281704e-01 4.181818181818181684e-02 8.737864077669903196e-02
0.000000000000000000e+00 3.545454545454545525e-01 7.936893203883494952e-01 6.545454545454545969e-02 1.553398058252427050e-01
0.000000000000000000e+00 4.436363636363636620e-01 7.633495145631068457e-01 1.163636363636363635e-01 2.305825242718446688e-01
0.000000000000000000e+00 4.690909090909091139e-01 5.970873786407766559e-01 1.199999999999999956e-01 1.067961165048543631e-01
0.000000000000000000e+00 6.090909090909091272e-01 4.514563106796116720e-01 2.618181818181818388e-01 2.087378640776698935e-01
0.000000000000000000e+00 6.481818181818181923e-01 2.997572815533980362e-01 2.745454545454545370e-01 1.092233009708737795e-01
0.000000000000000000e+00 7.154545454545454541e-01 1.953883495145631033e-01 1.981818181818181812e-01 1.043689320388349467e-01
0.000000000000000000e+00 7.545454545454545192e-01 7.281553398058251969e-02 1.636363636363636354e-01 1.407766990291262066e-01
0.000000000000000000e+00 6.381818181818181834e-01 6.286407766990291801e-01 2.109090909090909072e-01 1.310679611650485410e-01
0.000000000000000000e+00 6.072727272727272974e-01 7.766990291262135804e-01 2.072727272727272751e-01 1.504854368932038722e-01
0.000000000000000000e+00 5.445454545454545547e-01 8.774271844660194164e-01 9.272727272727272763e-02 5.582524271844660491e-02
