0.000000000000000000e+00 8.631256384065373322e-01 1.808176100628930763e-02 2.860061287027579335e-02 2.987421383647798773e-02
0.000000000000000000e+00 8.641470888661899608e-01 7.389937106918238741e-02 2.451481103166496325e-02 3.144654088050314461e-02
0.000000000000000000e+00 8.712972420837589160e-01 4.874213836477987727e-02 8.171603677221654996e-03 2.515723270440251708e-02
0.000000000000000000e+00 9.029622063329928450e-01 7.861635220125785806e-02 4.698672114402451666e-02 3.459119496855345838e-02
0.000000000000000000e+00 9.111338100102145399e-01 1.077044025157232743e-01 3.472931562819202983e-02 2.358490566037736019e-02
0.000000000000000000e+00 9.295199182839631868e-01 1.312893081761006275e-01 2.042900919305413662e-02 5.188679245283019104e-02
0.000000000000000000e+00 9.341164453524004596e-01 1.886792452830188815e-01 3.779366700715015154e-02 7.232704402515723052e-02
0.000000000000000000e+00 8.901940755873339883e-01 2.106918238993710779e-01 2.553626149131767165e-02 6.603773584905660299e-02
0.000000000000000000e+00 9.376915219611848817e-01 2.500000000000000000e-01 7.558733401430030308e-02 5.345911949685534792e-02
0.000000000000000000e+00 9.295199182839631868e-01 2.979559748427673127e-01 6.945863125638405966e-02 3.616352201257861526e-02
0.000000000000000000e+00 9.044943820224718989e-01 3.341194968553459210e-01 5.617977528089887485e-02 4.245283018867924280e-02
0.000000000000000000e+00 8.728294177732379699e-01 3.726415094339622369e-01 3.779366700715015154e-02 4.088050314465408591e-02
0.000000000000000000e+00 8.575076608784474308e-01 4.135220125786163714e-01 4.800817160367722158e-02 4.716981132075472039e-02
0.000000000000000000e+00 8.498467824310520502e-01 4.677672955974842561e-01 5.515832482124616992e-02 5.188679245283019104e-02
0.000000000000000000e+00 8.248212461695607622e-01 5.149371069182390181e-01 4.596527068437180480e-02 4.245283018867924280e-02
0.000000000000000000e+00 7.870275791624106176e-01 5.526729559748427834e-01 4.392236976506639495e-02 3.301886792452830149e-02
0.000000000000000000e+00 7.957099080694586268e-01 5.817610062893081579e-01 1.838610827374872331e-02 3.459119496855345838e-02
0.000000000000000000e+00 7.814096016343207163e-01 6.116352201257861942e-01 3.064351378958120667e-02 3.773584905660377214e-02
0.000000000000000000e+00 7.507660878447395270e-01 6.273584905660377631e-01 1.634320735444330999e-02 3.773584905660377214e-02
0.000000000000000000e+00 7.671092951991828057e-01 6.737421383647799189e-01 4.290091930541369003e-02 5.817610062893081857e-02
0.000000000000000000e+00 7.665985699693564914e-01 7.193396226415094130e-01 4.187946884576097817e-02 4.874213836477987727e-02
0.000000000000000000e+00 7.451481103166496256e-01 7.657232704402515688e-01 4.596527068437180480e-02 3.773584905660377214e-02
0.000000000000000000e+00 7.119509703779366427e-01 7.830188679245283501e-01 2.042900919305413662e-02 5.031446540880503415e-02
0.000000000000000000e+00 7.364657814096016164e-01 8.121069182389937247e-01 2.860061287027579335e-02 4.874213836477987727e-02
0.000000000000000000e+00 7.088866189989785349e-01 8.380503144654087855e-01 3.881511746680286340e-02 6.289308176100628922e-02
0.000000000000000000e+00 6.756894790602655521e-01 8.356918238993710224e-01 1.736465781409601492e-02 4.245283018867924280e-02
0.000000000000000000e+00 7.114402451481103284e-01 8.970125786163521964e-01 4.392236976506639495e-02 4.874213836477987727e-02
0.000000000000000000e+00 7.048008171603676875e-01 9.457547169811321153e-01 3.881511746680286340e-02 4.559748427672955656e-02
0.000000000000000000e+00 6.899897854954034626e-01 9.842767295597484312e-01 6.435137895812052811e-02 3.144654088050314461e-02
