0.000000000000000000e+00 4.733333333333333282e-01 7.799999999999999989e-02 3.733333333333333642e-02 1.400000000000000133e-01
0.000000000000000000e+00 3.886666666666666603e-01 2.310000000000000109e-01 2.533333333333333270e-02 5.399999999999999939e-02
0.000000000000000000e+00 5.993333333333333846e-01 3.899999999999999994e-02 3.333333333333333287e-02 7.000000000000000666e-02
0.000000000000000000e+00 7.073333333333333695e-01 3.200000000000000067e-02 9.466666666666666285e-02 5.999999999999999778e-02
0.000000000000000000e+00 6.840000000000000524e-01 1.409999999999999865e-01 6.133333333333332998e-02 8.599999999999999312e-02
0.000000000000000000e+00 6.400000000000000133e-01 1.320000000000000062e-01 2.400000000000000050e-02 4.399999999999999745e-02
0.000000000000000000e+00 7.493333333333332957e-01 1.700000000000000122e-01 4.000000000000000083e-02 4.000000000000000083e-02
0.000000000000000000e+00 7.760000000000000231e-01 4.900000000000000189e-02 2.933333333333333279e-02 5.800000000000000294e-02
0.000000000000000000e+00 7.199999999999999734e-01 7.799999999999999989e-02 1.866666666666666821e-02 3.200000000000000067e-02
0.000000000000000000e+00 9.100000000000000311e-01 2.620000000000000107e-01 3.866666666666666863e-02 6.400000000000000133e-02
0.000000000000000000e+00 9.493333333333333623e-01 3.250000000000000111e-01 6.400000000000000133e-02 5.800000000000000294e-02
0.000000000000000000e+00 7.526666666666667060e-01 2.149999999999999967e-01 1.733333333333333254e-02 2.599999999999999881e-02
0.000000000000000000e+00 6.406666666666667176e-01 1.670000000000000095e-01 2.533333333333333270e-02 2.199999999999999872e-02
