0.000000000000000000e+00 3.198630136986301276e-01 5.098765432098765205e-01 5.890410958904109678e-02 1.407407407407407496e-01
0.000000000000000000e+00 1.595890410958904215e-01 4.506172839506172867e-01 7.260273972602739045e-02 5.185185185185185036e-02
0.000000000000000000e+00 2.308219178082191736e-01 5.000000000000000000e-01 6.712328767123287854e-02 5.185185185185185036e-02
0.000000000000000000e+00 4.863013698630137133e-02 4.679012345679012252e-01 3.698630136986301442e-02 6.172839506172839164e-02
0.000000000000000000e+00 4.726027397260273988e-01 4.864197530864197705e-01 8.493150684931506655e-02 4.444444444444444614e-02
0.000000000000000000e+00 6.404109589041095951e-01 5.851851851851851416e-01 5.342465753424657793e-02 5.432098765432098741e-02
0.000000000000000000e+00 7.260273972602739878e-01 5.296296296296296724e-01 5.753424657534246534e-02 1.160493827160493790e-01
0.000000000000000000e+00 7.773972602739726012e-01 6.222222222222222321e-01 3.972602739726027732e-02 1.086419753086419748e-01
0.000000000000000000e+00 8.890410958904109151e-01 6.530864197530864557e-01 1.095890410958904049e-01 1.851851851851851749e-01
0.000000000000000000e+00 9.678082191780822408e-01 5.839506172839505904e-01 6.438356164383561564e-02 1.160493827160493790e-01
0.000000000000000000e+00 8.828767123287670771e-01 5.407407407407407440e-01 2.876712328767123267e-02 6.419753086419753563e-02
0.000000000000000000e+00 8.205479452054794676e-01 6.320987654320987525e-01 4.109589041095890183e-02 4.444444444444444614e-02
