0.000000000000000000e+00 3.747395833333333481e-01 3.699074074074074070e-01 1.265624999999999944e-01 1.657407407407407440e-01
0.000000000000000000e+00 4.768229166666666519e-01 3.935185185185185452e-01 7.447916666666666574e-02 6.666666666666666574e-02
0.000000000000000000e+00 5.661458333333333481e-01 3.138888888888888840e-01 1.083333333333333370e-01 1.537037037037037035e-01
0.000000000000000000e+00 5.718750000000000222e-01 4.819444444444444531e-01 6.666666666666666574e-02 1.749999999999999889e-01
0.000000000000000000e+00 5.838541666666666741e-01 6.324074074074074181e-01 4.687500000000000000e-02 1.296296296296296224e-01
0.000000000000000000e+00 5.513020833333333037e-01 6.824074074074074625e-01 2.760416666666666574e-02 4.629629629629629373e-02
0.000000000000000000e+00 3.526041666666666630e-01 5.101851851851851860e-01 2.083333333333333218e-02 5.370370370370370489e-02
0.000000000000000000e+00 3.934895833333333370e-01 4.893518518518518712e-01 2.239583333333333356e-02 3.611111111111110772e-02
0.000000000000000000e+00 3.802083333333333148e-01 5.111111111111110716e-01 1.250000000000000069e-02 3.888888888888888951e-02
0.000000000000000000e+00 3.731770833333333259e-01 6.115740740740740478e-01 2.447916666666666644e-02 3.425925925925926013e-02
0.000000000000000000e+00 3.513020833333333481e-01 5.814814814814814881e-01 1.927083333333333426e-02 4.074074074074074403e-02
0.000000000000000000e+00 3.453125000000000222e-01 7.171296296296296724e-01 1.666666666666666644e-02 3.611111111111110772e-02
0.000000000000000000e+00 4.289062499999999889e-01 6.921296296296296502e-01 2.968749999999999861e-02 2.314814814814814686e-02
0.000000000000000000e+00 4.783854166666666741e-01 4.606481481481481399e-01 3.489583333333333426e-02 2.685185185185185244e-02
0.000000000000000000e+00 4.505208333333333148e-01 4.949074074074074070e-01 2.500000000000000139e-02 2.500000000000000139e-02
0.000000000000000000e+00 5.239583333333333037e-01 4.027777777777777901e-01 3.125000000000000000e-02 4.629629629629629373e-02
0.000000000000000000e+00 5.281249999999999556e-01 5.625000000000000000e-01 1.354166666666666713e-02 6.574074074074073848e-02
