0.000000000000000000e+00 3.210000000000000075e-01 1.701807228915662717e-01 1.980000000000000093e-01 3.343373493975903554e-01
0.000000000000000000e+00 3.649999999999999911e-01 5.391566265060241392e-01 3.300000000000000155e-01 4.036144578313253239e-01
0.000000000000000000e+00 1.300000000000000044e-01 6.656626506024095891e-01 1.360000000000000098e-01 5.180722891566265087e-01
0.000000000000000000e+00 4.599999999999999922e-02 9.006024096385542022e-01 8.400000000000000522e-02 1.987951807228915679e-01
0.000000000000000000e+00 2.760000000000000231e-01 8.162650602409639022e-01 1.519999999999999962e-01 1.445783132530120418e-01
0.000000000000000000e+00 3.559999999999999831e-01 9.487951807228915957e-01 5.999999999999999778e-02 1.024096385542168641e-01
0.000000000000000000e+00 4.879999999999999893e-01 8.930722891566265087e-01 6.800000000000000488e-02 2.138554216867469826e-01
0.000000000000000000e+00 6.320000000000000062e-01 8.132530120481927804e-01 7.199999999999999456e-02 3.734939759036144391e-01
0.000000000000000000e+00 7.219999999999999751e-01 5.572289156626505924e-02 8.799999999999999489e-02 9.337349397590360978e-02
0.000000000000000000e+00 8.159999999999999476e-01 3.433734939759036098e-01 1.000000000000000056e-01 5.120481927710843761e-01
0.000000000000000000e+00 8.910000000000000142e-01 1.957831325301204739e-01 4.599999999999999922e-02 1.626506024096385505e-01
0.000000000000000000e+00 9.190000000000000391e-01 5.677710843373493521e-01 9.400000000000000022e-02 3.524096385542168641e-01
0.000000000000000000e+00 9.769999999999999796e-01 7.545180722891565717e-01 4.599999999999999922e-02 3.584337349397590522e-01
0.000000000000000000e+00 9.210000000000000409e-01 8.945783132530120696e-01 7.000000000000000666e-02 1.566265060240963902e-01
0.000000000000000000e+00 8.579999999999999849e-01 8.207831325301204739e-01 5.199999999999999761e-02 1.656626506024096446e-01
0.000000000000000000e+00 7.990000000000000435e-01 6.731927710843373935e-01 1.539999999999999980e-01 1.656626506024096446e-01
0.000000000000000000e+00 7.650000000000000133e-01 8.222891566265060348e-01 7.799999999999999989e-02 1.626506024096385505e-01
0.000000000000000000e+00 6.919999999999999485e-01 7.605421686746988152e-01 4.399999999999999745e-02 1.054216867469879582e-01
