0.000000000000000000e+00 2.393410852713178383e-01 8.033333333333333437e-01 9.496124031007752153e-02 1.933333333333333293e-01
0.000000000000000000e+00 3.556201550387597110e-01 6.733333333333333393e-01 6.007751937984496388e-02 9.333333333333333759e-02
0.000000000000000000e+00 4.205426356589147541e-01 3.466666666666666785e-01 1.162790697674418589e-01 1.400000000000000133e-01
0.000000000000000000e+00 4.215116279069767713e-01 5.200000000000000178e-01 8.720930232558139761e-02 2.200000000000000011e-01
0.000000000000000000e+00 4.350775193798449569e-01 6.800000000000000488e-01 9.108527131782945263e-02 1.199999999999999956e-01
0.000000000000000000e+00 4.815891472868217282e-01 2.999999999999999889e-01 9.496124031007752153e-02 1.133333333333333276e-01
0.000000000000000000e+00 5.397286821705425952e-01 3.683333333333333459e-01 3.682170542635659211e-02 8.999999999999999667e-02
0.000000000000000000e+00 5.232558139534884134e-01 5.466666666666666341e-01 6.976744186046511531e-02 1.000000000000000056e-01
0.000000000000000000e+00 5.290697674418605168e-01 6.700000000000000400e-01 1.007751937984496110e-01 1.466666666666666674e-01
0.000000000000000000e+00 6.220930232558139483e-01 2.200000000000000011e-01 1.472868217054263684e-01 2.399999999999999911e-01
0.000000000000000000e+00 6.637596899224805780e-01 5.999999999999999778e-02 7.170542635658914976e-02 7.333333333333333370e-02
0.000000000000000000e+00 7.131782945736434565e-01 2.166666666666666741e-01 3.100775193798449569e-02 1.866666666666666752e-01
0.000000000000000000e+00 6.288759689922480689e-01 4.183333333333333348e-01 1.492248062015503751e-01 1.700000000000000122e-01
0.000000000000000000e+00 6.405038759689922756e-01 5.816666666666666652e-01 1.375968992248061962e-01 1.499999999999999944e-01
0.000000000000000000e+00 6.027131782945736038e-01 7.049999999999999600e-01 4.651162790697674354e-02 9.666666666666666463e-02
0.000000000000000000e+00 6.821705426356589053e-01 7.299999999999999822e-01 5.813953488372092943e-02 1.466666666666666674e-01
0.000000000000000000e+00 7.335271317829457072e-01 6.250000000000000000e-01 5.620155038759690191e-02 4.566666666666666652e-01
0.000000000000000000e+00 7.848837209302325091e-01 6.600000000000000311e-01 4.263565891472868158e-02 4.133333333333333304e-01
0.000000000000000000e+00 8.168604651162790775e-01 6.350000000000000089e-01 2.131782945736434079e-02 1.900000000000000022e-01
0.000000000000000000e+00 7.480620155038759655e-01 9.449999999999999512e-01 5.426356589147286746e-02 1.100000000000000006e-01
