0.000000000000000000e+00 4.596354166666666852e-01 4.949074074074074070e-01 3.177083333333333148e-02 7.129629629629630205e-02
0.000000000000000000e+00 4.841145833333333481e-01 4.180555555555555691e-01 2.760416666666666574e-02 2.046296296296296335e-01
0.000000000000000000e+00 5.268229166666666963e-01 4.722222222222222099e-01 6.093749999999999861e-02 1.018518518518518462e-01
0.000000000000000000e+00 5.351562500000000000e-01 3.726851851851851749e-01 4.010416666666666990e-02 9.907407407407407829e-02
0.000000000000000000e+00 5.817708333333333481e-01 4.722222222222222099e-01 5.416666666666666852e-02 7.222222222222221544e-02
0.000000000000000000e+00 6.161458333333332815e-01 3.847222222222222432e-01 5.833333333333333426e-02 1.157407407407407413e-01
0.000000000000000000e+00 6.244791666666666963e-01 4.587962962962963132e-01 2.812500000000000069e-02 4.166666666666666435e-02
0.000000000000000000e+00 4.947916666666666852e-01 6.148148148148148140e-01 1.166666666666666685e-01 5.185185185185185036e-02
0.000000000000000000e+00 5.367187500000000222e-01 5.546296296296295836e-01 3.072916666666666505e-02 6.296296296296295669e-02
0.000000000000000000e+00 5.789062499999999556e-01 6.305555555555555358e-01 3.697916666666666713e-02 2.962962962962963076e-02
0.000000000000000000e+00 5.924479166666666297e-01 5.828703703703703720e-01 1.406250000000000035e-02 5.462962962962963215e-02
0.000000000000000000e+00 5.635416666666667185e-01 5.824074074074073737e-01 1.250000000000000069e-02 5.740740740740740700e-02
0.000000000000000000e+00 4.807291666666666519e-01 5.532407407407406996e-01 2.604166666666666782e-02 2.870370370370370350e-02
0.000000000000000000e+00 4.533854166666666519e-01 5.560185185185184675e-01 2.135416666666666713e-02 1.574074074074073917e-02
