0.000000000000000000e+00 5.636842105263157876e-01 7.080696202531645556e-01 3.052631578947368265e-02 8.069620253164556944e-02
0.000000000000000000e+00 6.089473684210526816e-01 6.313291139240506666e-01 7.684210526315789214e-02 6.962025316455695834e-02
0.000000000000000000e+00 6.121052631578947079e-01 7.033227848101265556e-01 7.052631578947368696e-02 7.436708860759493056e-02
0.000000000000000000e+00 6.594736842105263230e-01 7.183544303797468888e-01 2.631578947368420907e-02 3.797468354430379861e-02
0.000000000000000000e+00 6.984210526315789425e-01 7.033227848101265556e-01 5.999999999999999778e-02 5.537974683544303472e-02
0.000000000000000000e+00 7.310526315789473983e-01 6.511075949367088889e-01 2.842105263157894759e-02 4.588607594936709028e-02
0.000000000000000000e+00 7.536842105263157343e-01 7.056962025316455556e-01 4.631578947368421295e-02 2.848101265822784722e-02
0.000000000000000000e+00 7.915789473684210487e-01 7.072784810126582222e-01 2.315789473684210648e-02 2.531645569620253125e-02
0.000000000000000000e+00 8.284210526315789469e-01 6.954113924050633333e-01 4.631578947368421295e-02 3.322784810126581945e-02
0.000000000000000000e+00 8.342105263157895134e-01 5.719936708860760000e-01 4.526315789473684542e-02 6.803797468354430555e-02
0.000000000000000000e+00 8.589473684210526816e-01 6.297468354430380000e-01 5.684210526315789519e-02 7.278481012658227778e-02
0.000000000000000000e+00 8.842105263157894468e-01 6.827531645569620000e-01 6.526315789473684237e-02 3.955696202531645833e-02
