0.000000000000000000e+00 3.669999999999999929e-01 9.009009009009009139e-01 3.400000000000000244e-02 6.006006006006005954e-02
0.000000000000000000e+00 4.050000000000000266e-01 8.753753753753753530e-01 3.799999999999999906e-02 4.504504504504504292e-02
0.000000000000000000e+00 4.510000000000000120e-01 8.708708708708708945e-01 4.599999999999999922e-02 6.606606606606606202e-02
0.000000000000000000e+00 5.060000000000000053e-01 8.678678678678678482e-01 5.999999999999999778e-02 6.006006006006005954e-02
0.000000000000000000e+00 5.110000000000000098e-01 8.123123123123122680e-01 2.599999999999999881e-02 5.105105105105105234e-02
0.000000000000000000e+00 4.600000000000000200e-01 7.192192192192192746e-01 3.200000000000000067e-02 2.702702702702702853e-02
0.000000000000000000e+00 4.759999999999999787e-01 7.627627627627627804e-01 1.600000000000000033e-02 4.204204204204204515e-02
0.000000000000000000e+00 5.570000000000000506e-01 7.357357357357356964e-01 2.999999999999999889e-02 6.006006006006005954e-02
0.000000000000000000e+00 5.659999999999999476e-01 8.558558558558558849e-01 2.000000000000000042e-02 2.402402402402402382e-02
0.000000000000000000e+00 5.889999999999999680e-01 8.963963963963963444e-01 5.000000000000000278e-02 4.504504504504504292e-02
0.000000000000000000e+00 6.260000000000000009e-01 9.039039039039038492e-01 2.000000000000000042e-02 3.003003003003002977e-02
0.000000000000000000e+00 6.520000000000000240e-01 8.888888888888888395e-01 2.000000000000000042e-02 7.207207207207207145e-02
0.000000000000000000e+00 6.860000000000000542e-01 8.873873873873874274e-01 2.400000000000000050e-02 3.903903903903904044e-02
0.000000000000000000e+00 7.409999999999999920e-01 8.813813813813813347e-01 2.199999999999999872e-02 4.504504504504504292e-02
0.000000000000000000e+00 7.620000000000000107e-01 9.009009009009009139e-01 2.000000000000000042e-02 6.006006006006005954e-02
0.000000000000000000e+00 8.309999999999999609e-01 8.558558558558558849e-01 2.199999999999999872e-02 3.603603603603603572e-02
0.000000000000000000e+00 8.459999999999999742e-01 8.153153153153153143e-01 2.800000000000000058e-02 4.504504504504504292e-02
0.000000000000000000e+00 8.900000000000000133e-01 8.288288288288288008e-01 4.800000000000000100e-02 4.204204204204204515e-02
