0.000000000000000000e+00 1.240625000000000061e-01 3.637681159420289578e-01 3.812499999999999917e-02 7.053140096618357169e-02
0.000000000000000000e+00 1.806250000000000078e-01 3.101449275362319069e-01 2.875000000000000125e-02 5.410628019323671795e-02
0.000000000000000000e+00 2.262500000000000067e-01 3.893719806763284996e-01 7.499999999999999722e-02 7.536231884057971453e-02
0.000000000000000000e+00 1.403125000000000067e-01 4.434782608695652106e-01 6.062499999999999833e-02 8.115942028985506651e-02
0.000000000000000000e+00 2.118750000000000078e-01 4.589371980676328344e-01 8.125000000000000278e-02 6.763285024154588876e-02
0.000000000000000000e+00 2.331249999999999989e-01 5.748792270531400961e-01 6.375000000000000111e-02 1.565217391304347949e-01
0.000000000000000000e+00 1.375000000000000111e-01 5.492753623188405543e-01 1.199999999999999956e-01 1.304347826086956486e-01
0.000000000000000000e+00 6.343749999999999389e-02 6.198067632850241537e-01 4.937500000000000222e-02 1.381642512077294604e-01
0.000000000000000000e+00 1.246875000000000067e-01 6.942028985507245897e-01 7.062499999999999334e-02 1.458937198067632723e-01
0.000000000000000000e+00 1.884375000000000078e-01 6.951690821256039099e-01 3.937500000000000028e-02 1.536231884057971120e-01
0.000000000000000000e+00 2.234375000000000111e-01 6.932367149758453806e-01 4.187500000000000250e-02 8.212560386473430341e-02
