0.000000000000000000e+00 5.562500000000000083e-02 5.874730021598272289e-01 1.037499999999999950e-01 1.511879049676025932e-01
0.000000000000000000e+00 1.325000000000000067e-01 5.215982721382289578e-01 8.749999999999999445e-02 1.749460043196544301e-01
0.000000000000000000e+00 2.593750000000000222e-01 5.928725701943844406e-01 1.612500000000000044e-01 2.526997840172786058e-01
0.000000000000000000e+00 3.800000000000000044e-01 6.933045356371489998e-01 8.749999999999999445e-02 1.123110151187904915e-01
0.000000000000000000e+00 4.993750000000000133e-01 7.548596112311014572e-01 7.374999999999999611e-02 1.187904967602591844e-01
0.000000000000000000e+00 6.674999999999999822e-01 8.023758099352051865e-01 2.550000000000000044e-01 2.224622030237581038e-01
0.000000000000000000e+00 8.000000000000000444e-01 8.833693304535636948e-01 1.575000000000000011e-01 1.036717062634989195e-01
0.000000000000000000e+00 6.562500000000000000e-01 5.961123110151187454e-01 1.074999999999999983e-01 1.900647948164146950e-01
0.000000000000000000e+00 5.493749999999999467e-01 4.341252699784017288e-01 6.625000000000000333e-02 1.252699784017278495e-01
0.000000000000000000e+00 2.768749999999999822e-01 4.060475161987041059e-01 1.212499999999999967e-01 1.295896328293736632e-01
0.000000000000000000e+00 6.818750000000000089e-01 8.747300215982721505e-02 6.124999999999999889e-02 1.706263498920086441e-01
0.000000000000000000e+00 5.993749999999999911e-01 3.347732181425486231e-02 7.124999999999999389e-02 6.263498920086392474e-02
0.000000000000000000e+00 2.624999999999999903e-02 4.157667386609071314e-01 5.000000000000000278e-02 1.490280777537796864e-01
0.000000000000000000e+00 1.350000000000000089e-01 1.738660907127429767e-01 1.000000000000000056e-01 6.263498920086392474e-02
0.000000000000000000e+00 1.831250000000000100e-01 3.077753779697623981e-01 1.237499999999999989e-01 1.015118790496760265e-01
