0.000000000000000000e+00 8.562091503267973969e-02 8.207547169811320320e-02 5.882352941176470507e-02 9.622641509433962903e-02
0.000000000000000000e+00 7.385620915032679867e-02 2.160377358490566113e-01 7.712418300653595127e-02 1.000000000000000056e-01
0.000000000000000000e+00 1.202614379084967350e-01 2.707547169811320709e-01 3.398692810457516061e-02 6.603773584905660299e-02
0.000000000000000000e+00 2.026143790849673221e-01 1.443396226415094297e-01 4.183006535947712129e-02 1.301886792452830177e-01
0.000000000000000000e+00 2.450980392156862642e-01 2.009433962264151052e-01 7.450980392156862642e-02 1.566037735849056534e-01
0.000000000000000000e+00 2.888888888888888618e-01 3.556603773584905426e-01 7.581699346405228190e-02 1.716981132075471594e-01
0.000000000000000000e+00 3.431372549019607865e-01 2.849056603773584828e-01 7.189542483660130157e-02 1.433962264150943355e-01
0.000000000000000000e+00 4.143790849673202881e-01 3.962264150943396457e-01 1.254901960784313708e-01 1.660377358490565947e-01
0.000000000000000000e+00 5.307189542483660150e-01 4.518867924528301994e-01 8.104575163398693161e-02 1.113207547169811351e-01
0.000000000000000000e+00 5.712418300653594461e-01 5.245283018867924474e-01 6.535947712418301025e-02 6.037735849056603821e-02
0.000000000000000000e+00 6.052287581699345997e-01 5.943396226415094130e-01 6.535947712418301025e-02 1.358490566037735825e-01
0.000000000000000000e+00 7.032679738562092053e-01 6.999999999999999556e-01 8.104575163398693161e-02 1.132075471698113234e-01
0.000000000000000000e+00 7.614379084967319855e-01 7.971698113207547065e-01 7.189542483660130157e-02 1.377358490566037708e-01
0.000000000000000000e+00 6.450980392156863141e-01 9.264150943396226578e-01 5.620915032679738715e-02 1.283018867924528295e-01
0.000000000000000000e+00 8.823529411764705621e-01 8.707547169811320487e-01 3.398692810457516061e-02 4.716981132075472039e-02
0.000000000000000000e+00 4.424836601307189365e-01 2.839622641509433887e-01 4.575163398692810163e-02 6.603773584905660299e-02
