0.000000000000000000e+00 6.020833333333333037e-01 5.444444444444443976e-01 2.500000000000000139e-02 6.851851851851852027e-02
0.000000000000000000e+00 6.270833333333333259e-01 5.398148148148148584e-01 1.145833333333333252e-02 3.888888888888888951e-02
0.000000000000000000e+00 6.408854166666666519e-01 5.236111111111111382e-01 2.447916666666666644e-02 6.018518518518518184e-02
0.000000000000000000e+00 6.632812500000000444e-01 5.430555555555555136e-01 1.822916666666666782e-02 2.500000000000000139e-02
0.000000000000000000e+00 6.911458333333333481e-01 4.680555555555555580e-01 2.187499999999999861e-02 2.870370370370370350e-02
0.000000000000000000e+00 6.932291666666666741e-01 5.148148148148148362e-01 2.291666666666666505e-02 5.370370370370370489e-02
0.000000000000000000e+00 6.856770833333333259e-01 5.722222222222221877e-01 2.656249999999999931e-02 8.703703703703703776e-02
0.000000000000000000e+00 6.018229166666666519e-01 6.115740740740740478e-01 1.510416666666666678e-02 5.092592592592592310e-02
0.000000000000000000e+00 6.216145833333333037e-01 6.356481481481481843e-01 2.239583333333333356e-02 2.129629629629629581e-02
0.000000000000000000e+00 6.476562500000000444e-01 6.273148148148147696e-01 2.343750000000000000e-02 2.129629629629629581e-02
0.000000000000000000e+00 6.614583333333333703e-01 5.912037037037036757e-01 1.874999999999999931e-02 3.240740740740740561e-02
0.000000000000000000e+00 6.726562499999999556e-01 6.199074074074074625e-01 1.614583333333333495e-02 1.759259259259259370e-02
0.000000000000000000e+00 5.989583333333333703e-01 6.555555555555555580e-01 6.250000000000000347e-03 2.037037037037037202e-02
