0.000000000000000000e+00 6.730000000000000426e-01 2.906666666666666843e-01 5.399999999999999939e-02 1.439999999999999891e-01
0.000000000000000000e+00 8.100000000000000533e-01 3.373333333333333184e-01 4.800000000000000100e-02 1.253333333333333244e-01
0.000000000000000000e+00 7.299999999999999822e-01 5.679999999999999494e-01 1.199999999999999956e-01 3.253333333333333077e-01
0.000000000000000000e+00 6.620000000000000329e-01 5.200000000000000178e-01 2.800000000000000058e-02 8.533333333333333048e-02
0.000000000000000000e+00 6.680000000000000382e-01 7.199999999999999734e-01 3.200000000000000067e-02 7.466666666666667285e-02
0.000000000000000000e+00 7.570000000000000062e-01 3.506666666666666821e-01 6.199999999999999956e-02 1.093333333333333379e-01
0.000000000000000000e+00 7.119999999999999662e-01 3.373333333333333184e-01 4.800000000000000100e-02 5.066666666666666541e-02
0.000000000000000000e+00 6.939999999999999503e-01 3.853333333333333610e-01 3.200000000000000067e-02 4.000000000000000083e-02
0.000000000000000000e+00 7.339999999999999858e-01 2.773333333333333206e-01 2.400000000000000050e-02 5.866666666666666557e-02
0.000000000000000000e+00 8.000000000000000444e-01 5.400000000000000355e-01 2.400000000000000050e-02 8.266666666666666607e-02
