0.000000000000000000e+00 1.648590021691974106e-01 4.527027027027026862e-01 3.904555314533622590e-02 1.396396396396396289e-01
0.000000000000000000e+00 2.266811279826464187e-01 1.081081081081081141e-01 8.026030368763557854e-02 1.351351351351351426e-01
0.000000000000000000e+00 3.416485900216919558e-01 5.067567567567567988e-01 4.555314533622559919e-02 1.396396396396396289e-01
0.000000000000000000e+00 3.839479392624728926e-01 6.396396396396396566e-01 5.206073752711496555e-02 1.801801801801801717e-01
0.000000000000000000e+00 5.325379609544468318e-01 4.099099099099098864e-01 5.856832971800433885e-02 1.891891891891891997e-01
0.000000000000000000e+00 5.422993492407809368e-01 6.171171171171171421e-01 1.301518438177874104e-01 2.252252252252252285e-01
0.000000000000000000e+00 4.555314533622559781e-01 6.824324324324324564e-01 4.338394793926247245e-02 9.459459459459459985e-02
0.000000000000000000e+00 3.405639913232104132e-01 7.995495495495495986e-01 4.338394793926247245e-02 5.855855855855855718e-02
0.000000000000000000e+00 4.067245119305856749e-01 8.018018018018018278e-01 6.290672451193059234e-02 5.405405405405405705e-02
0.000000000000000000e+00 5.097613882863341050e-01 8.018018018018018278e-01 7.809110629067245180e-02 6.306306306306305731e-02
0.000000000000000000e+00 7.201735357917570246e-01 6.463963963963963444e-01 6.941431670281995869e-02 1.306306306306306286e-01
0.000000000000000000e+00 6.030368763557483192e-01 4.617117117117117142e-01 4.772234273318871900e-02 8.558558558558558571e-02
0.000000000000000000e+00 2.906724511930585675e-01 8.941441441441441151e-01 3.470715835140997935e-02 5.855855855855855718e-02
0.000000000000000000e+00 3.383947939262472726e-01 8.963963963963963444e-01 4.772234273318871900e-02 5.405405405405405705e-02
0.000000000000000000e+00 4.067245119305856749e-01 8.918918918918918859e-01 6.290672451193059234e-02 5.405405405405405705e-02
0.000000000000000000e+00 5.347071583514100279e-01 8.918918918918918859e-01 1.518438177874186466e-02 5.405405405405405705e-02
