0.000000000000000000e+00 3.166666666666666935e-02 6.036789297658863296e-01 4.333333333333333481e-02 3.344481605351170422e-02
0.000000000000000000e+00 1.111111111111111049e-01 6.195652173913043237e-01 1.044444444444444509e-01 3.511705685618728839e-02
0.000000000000000000e+00 1.994444444444444520e-01 6.070234113712374979e-01 8.333333333333332871e-02 1.371237458193979852e-01
0.000000000000000000e+00 2.766666666666666718e-01 6.295986622073578287e-01 7.111111111111111105e-02 1.220735785953177277e-01
0.000000000000000000e+00 3.649999999999999911e-01 4.448160535117056669e-01 1.611111111111111216e-01 1.237458193979933119e-01
0.000000000000000000e+00 3.672222222222222276e-01 3.578595317725752345e-01 4.333333333333333481e-02 5.351170568561872815e-02
0.000000000000000000e+00 4.122222222222222121e-01 5.551839464882942776e-01 8.222222222222222432e-02 9.030100334448160071e-02
0.000000000000000000e+00 4.799999999999999822e-01 5.459866220735786202e-01 5.999999999999999778e-02 1.387959866220735694e-01
0.000000000000000000e+00 5.266666666666666163e-01 3.762541806020067159e-01 7.555555555555555636e-02 1.438127090301003219e-01
0.000000000000000000e+00 5.511111111111111072e-01 5.267558528428093467e-01 7.333333333333333370e-02 1.571906354515050230e-01
0.000000000000000000e+00 6.305555555555555358e-01 5.602006688963210301e-01 8.777777777777777402e-02 1.672240802675585281e-01
0.000000000000000000e+00 6.377777777777777768e-01 4.247491638795986568e-01 6.888888888888888840e-02 1.070234113712374563e-01
0.000000000000000000e+00 7.138888888888889062e-01 5.142140468227425210e-01 8.999999999999999667e-02 1.421404682274247377e-01
0.000000000000000000e+00 9.522222222222221921e-01 5.827759197324414719e-01 9.555555555555556024e-02 1.220735785953177277e-01
0.000000000000000000e+00 7.727777777777777857e-01 5.292642140468227785e-01 3.666666666666666685e-02 1.053511705685618721e-01
0.000000000000000000e+00 9.561111111111111338e-01 3.929765886287625576e-01 8.777777777777777402e-02 7.023411371237457679e-02
0.000000000000000000e+00 9.733333333333333837e-01 4.732441471571906533e-01 5.333333333333333676e-02 9.698996655518395127e-02
