0.000000000000000000e+00 3.370000000000000218e-01 6.314199395770392353e-01 2.599999999999999881e-02 3.625377643504532066e-02
0.000000000000000000e+00 4.069999999999999729e-01 6.148036253776435478e-01 4.599999999999999922e-02 2.114803625377643589e-02
0.000000000000000000e+00 3.930000000000000160e-01 6.374622356495468489e-01 1.799999999999999864e-02 2.416918429003021146e-02
0.000000000000000000e+00 4.430000000000000049e-01 6.359516616314199178e-01 2.999999999999999889e-02 2.719033232628398702e-02
0.000000000000000000e+00 4.749999999999999778e-01 5.785498489425981994e-01 2.599999999999999881e-02 7.552870090634440647e-02
0.000000000000000000e+00 4.989999999999999991e-01 5.770392749244712682e-01 1.799999999999999864e-02 8.459214501510574358e-02
0.000000000000000000e+00 5.010000000000000009e-01 3.187311178247734245e-01 3.400000000000000244e-02 1.299093655589123875e-01
0.000000000000000000e+00 5.290000000000000258e-01 3.957703927492446927e-01 5.399999999999999939e-02 3.021148036253776606e-02
0.000000000000000000e+00 5.260000000000000231e-01 4.441087613293051573e-01 2.000000000000000042e-02 6.042296072507553212e-02
0.000000000000000000e+00 5.390000000000000346e-01 5.649546827794561521e-01 3.400000000000000244e-02 1.087613293051359481e-01
0.000000000000000000e+00 5.430000000000000382e-01 6.374622356495468489e-01 3.400000000000000244e-02 3.021148036253776606e-02
0.000000000000000000e+00 5.500000000000000444e-01 4.456193353474320329e-01 2.000000000000000042e-02 5.740181268882175308e-02
0.000000000000000000e+00 8.040000000000000480e-01 3.640483383685800822e-01 1.400000000000000133e-01 9.969788519637462487e-02
0.000000000000000000e+00 8.569999999999999840e-01 2.915407854984894409e-01 9.800000000000000377e-02 4.531722054380664388e-02
0.000000000000000000e+00 7.059999999999999609e-01 3.157099697885196177e-01 3.599999999999999728e-02 2.719033232628398702e-02
0.000000000000000000e+00 7.740000000000000213e-01 2.824773413897280760e-01 3.200000000000000067e-02 2.114803625377643589e-02
0.000000000000000000e+00 8.090000000000000524e-01 2.703927492447130154e-01 3.400000000000000244e-02 2.114803625377643589e-02
0.000000000000000000e+00 8.750000000000000000e-01 2.401812688821752251e-01 3.400000000000000244e-02 2.719033232628398702e-02
0.000000000000000000e+00 7.620000000000000107e-01 4.607250755287009003e-01 2.000000000000000042e-02 4.531722054380664388e-02
0.000000000000000000e+00 5.230000000000000204e-01 4.969788519637462487e-01 1.400000000000000029e-02 4.531722054380664388e-02
