0.000000000000000000e+00 2.862500000000000044e-01 7.108208955223880299e-01 6.250000000000000000e-02 6.343283582089552508e-02
0.000000000000000000e+00 2.887500000000000067e-01 6.641791044776119701e-01 2.249999999999999917e-02 3.731343283582089221e-02
0.000000000000000000e+00 3.449999999999999734e-01 6.791044776119402604e-01 3.500000000000000333e-02 5.223880597014925187e-02
0.000000000000000000e+00 3.687500000000000222e-01 6.380597014925373234e-01 2.750000000000000014e-02 4.477611940298507204e-02
0.000000000000000000e+00 3.737500000000000266e-01 5.839552238805970630e-01 2.249999999999999917e-02 6.343283582089552508e-02
0.000000000000000000e+00 5.737499999999999822e-01 6.473880597014924909e-01 7.249999999999999500e-02 1.679104477611940427e-01
0.000000000000000000e+00 8.037499999999999645e-01 7.052238805970149071e-01 3.250000000000000111e-02 6.716417910447761153e-02
0.000000000000000000e+00 8.487500000000000044e-01 6.287313432835820448e-01 3.749999999999999861e-02 5.597014925373134525e-02
0.000000000000000000e+00 4.949999999999999956e-01 7.014925373134328623e-01 3.500000000000000333e-02 9.701492537313433084e-02
0.000000000000000000e+00 6.437500000000000444e-01 8.097014925373133831e-01 3.250000000000000111e-02 8.208955223880597118e-02
0.000000000000000000e+00 7.399999999999999911e-01 8.283582089552238292e-01 2.999999999999999889e-02 5.223880597014925187e-02
