0.000000000000000000e+00 1.827242524916943694e-02 5.676020408163264808e-01 9.966777408637873120e-03 6.377551020408163407e-02
0.000000000000000000e+00 7.475083056478405708e-03 5.969387755102041337e-01 1.162790697674418589e-02 1.530612244897959148e-02
0.000000000000000000e+00 9.136212624584717779e-02 5.599489795918367596e-01 1.063122923588039892e-01 1.785714285714285615e-02
0.000000000000000000e+00 3.064784053156145993e-01 6.556122448979592177e-01 3.488372093023255766e-02 2.551020408163265363e-02
0.000000000000000000e+00 3.397009966777408407e-01 6.454081632653061451e-01 3.156146179401993213e-02 2.040816326530612082e-02
0.000000000000000000e+00 3.621262458471760648e-01 6.173469387755101678e-01 1.993355481727574624e-02 7.653061224489796088e-02
0.000000000000000000e+00 3.795681063122923748e-01 6.301020408163264808e-01 1.495016611295681142e-02 4.591836734693877792e-02
0.000000000000000000e+00 3.995016611295680864e-01 6.415816326530612290e-01 1.827242524916943694e-02 1.785714285714285615e-02
0.000000000000000000e+00 1.802325581395348708e-01 6.619897959183673741e-01 2.159468438538205901e-02 3.826530612244898044e-02
0.000000000000000000e+00 4.144518272425249394e-01 5.548469387755101678e-01 1.827242524916943694e-02 3.316326530612245110e-02
0.000000000000000000e+00 4.601328903654485214e-01 5.420918367346938549e-01 1.661129568106312418e-02 3.316326530612245110e-02
