0.000000000000000000e+00 4.835937499999999889e-01 6.305555555555555358e-01 2.968749999999999861e-02 7.222222222222221544e-02
0.000000000000000000e+00 5.015625000000000222e-01 6.726851851851851638e-01 2.291666666666666505e-02 4.351851851851851888e-02
0.000000000000000000e+00 4.916666666666666408e-01 7.337962962962962798e-01 2.291666666666666505e-02 4.907407407407407551e-02
0.000000000000000000e+00 5.554687499999999556e-01 3.939814814814814881e-01 2.031250000000000069e-02 4.166666666666666435e-02
0.000000000000000000e+00 4.531250000000000000e-01 5.185185185185185036e-02 4.166666666666666435e-02 8.518518518518518323e-02
0.000000000000000000e+00 4.333333333333333481e-01 3.361111111111111382e-01 1.354166666666666713e-02 5.740740740740740700e-02
0.000000000000000000e+00 4.643229166666666408e-01 2.800925925925926152e-01 4.322916666666666574e-02 4.722222222222222099e-02
0.000000000000000000e+00 6.140624999999999556e-01 3.717592592592592338e-01 2.291666666666666505e-02 5.462962962962963215e-02
0.000000000000000000e+00 5.182291666666666297e-01 1.486111111111111105e-01 1.458333333333333356e-02 9.722222222222222376e-02
0.000000000000000000e+00 5.309895833333333481e-01 2.305555555555555691e-01 2.135416666666666713e-02 7.407407407407406996e-02
0.000000000000000000e+00 5.041666666666666519e-01 1.060185185185185119e-01 2.083333333333333218e-02 3.240740740740740561e-02
0.000000000000000000e+00 5.059895833333333259e-01 2.546296296296296155e-02 1.197916666666666748e-02 4.907407407407407551e-02
0.000000000000000000e+00 5.872395833333333703e-01 3.245370370370370128e-01 2.343750000000000000e-02 2.870370370370370350e-02
