0.000000000000000000e+00 5.816135084427767055e-01 4.299999999999999933e-01 1.013133208255159456e-01 8.000000000000000167e-02
0.000000000000000000e+00 6.294559099437148086e-01 5.024999999999999467e-01 2.063789868667917360e-02 3.500000000000000333e-02
0.000000000000000000e+00 7.045028142589118136e-01 4.475000000000000089e-01 3.564727954971857321e-02 6.500000000000000222e-02
0.000000000000000000e+00 7.579737335834896284e-01 4.550000000000000155e-01 3.001876172607879922e-02 5.999999999999999778e-02
0.000000000000000000e+00 8.499061913696059900e-01 4.787500000000000089e-01 5.628517823639774681e-02 5.249999999999999806e-02
0.000000000000000000e+00 9.474671669793620632e-01 4.824999999999999845e-01 5.253283302063790211e-02 5.000000000000000278e-02
0.000000000000000000e+00 9.643527204502814199e-01 5.450000000000000400e-01 3.001876172607879922e-02 4.000000000000000083e-02
0.000000000000000000e+00 3.893058161350844149e-01 2.812500000000000000e-01 6.941838649155722407e-02 4.250000000000000305e-02
0.000000000000000000e+00 4.774859287054408763e-01 3.049999999999999933e-01 1.069418386491557266e-01 4.000000000000000083e-02
0.000000000000000000e+00 5.741088180112570161e-01 3.287499999999999867e-01 6.003752345215759845e-02 2.750000000000000014e-02
0.000000000000000000e+00 7.467166979362100943e-01 3.487500000000000044e-01 3.377110694183865086e-02 3.749999999999999861e-02
