0.000000000000000000e+00 4.644444444444444375e-01 2.399999999999999911e-01 1.288888888888888862e-01 3.066666666666666430e-01
0.000000000000000000e+00 4.444444444444444198e-01 4.883333333333333415e-01 4.000000000000000083e-02 1.833333333333333204e-01
0.000000000000000000e+00 4.422222222222222388e-01 6.283333333333332993e-01 1.288888888888888862e-01 5.666666666666666380e-02
0.000000000000000000e+00 5.922222222222222054e-01 6.266666666666667052e-01 2.444444444444444572e-02 5.333333333333333676e-02
0.000000000000000000e+00 1.855555555555555569e-01 6.666666666666666297e-01 2.444444444444444572e-02 4.000000000000000083e-02
0.000000000000000000e+00 2.466666666666666730e-01 6.883333333333333526e-01 8.444444444444444697e-02 3.666666666666666685e-02
0.000000000000000000e+00 2.555555555555555358e-01 6.466666666666666119e-01 2.222222222222222307e-02 4.000000000000000083e-02
0.000000000000000000e+00 3.455555555555555602e-01 7.683333333333333126e-01 1.177777777777777729e-01 2.999999999999999889e-02
0.000000000000000000e+00 1.388888888888888951e-01 7.366666666666666918e-01 5.999999999999999778e-02 3.333333333333333287e-02
0.000000000000000000e+00 3.888888888888888951e-02 6.083333333333332815e-01 2.888888888888888756e-02 8.999999999999999667e-02
