0.000000000000000000e+00 6.327272727272726938e-01 5.081967213114754189e-01 1.345454545454545514e-01 1.147540983606557402e-01
0.000000000000000000e+00 6.681818181818182101e-01 6.215846994535518810e-01 1.363636363636363535e-01 1.284153005464480912e-01
0.000000000000000000e+00 7.763636363636363669e-01 4.890710382513661081e-01 1.490909090909090795e-01 1.530054644808743203e-01
0.000000000000000000e+00 7.809090909090908861e-01 6.051912568306010431e-01 8.909090909090909560e-02 8.469945355191256520e-02
0.000000000000000000e+00 8.100000000000000533e-01 2.622950819672131284e-01 1.036363636363636376e-01 2.295081967213114804e-01
0.000000000000000000e+00 3.609090909090909016e-01 2.786885245901639108e-01 5.636363636363636576e-02 7.103825136612021418e-02
0.000000000000000000e+00 4.154545454545454652e-01 3.196721311475410054e-01 5.272727272727272679e-02 7.650273224043716014e-02
0.000000000000000000e+00 4.490909090909090962e-01 2.377049180327868716e-01 8.363636363636363369e-02 9.836065573770491621e-02
0.000000000000000000e+00 3.781818181818181746e-01 2.185792349726775885e-01 2.545454545454545539e-02 3.825136612021858007e-02
0.000000000000000000e+00 4.281818181818181634e-01 1.543715846994535568e-01 6.727272727272727570e-02 4.098360655737704611e-02
0.000000000000000000e+00 4.809090909090908972e-01 1.352459016393442737e-01 2.000000000000000042e-02 5.191256830601093109e-02
0.000000000000000000e+00 5.127272727272726982e-01 1.980874316939890689e-01 3.636363636363636187e-02 5.737704918032787010e-02
0.000000000000000000e+00 5.745454545454545814e-01 4.221311475409836311e-01 8.727272727272727959e-02 8.469945355191256520e-02
