1.000000000000000000e+00 7.681818181818181879e-01 1.609477124183006647e-01 3.590909090909090717e-01 7.679738562091503740e-02
1.000000000000000000e+00 3.670454545454545636e-01 2.058823529411764608e-01 2.159090909090909116e-01 1.274509803921568540e-01
1.000000000000000000e+00 6.443181818181817899e-01 2.638888888888888951e-01 1.022727272727272790e-01 4.738562091503267792e-02
1.000000000000000000e+00 8.034090909090909616e-01 2.426470588235294101e-01 1.159090909090909061e-01 6.699346405228757961e-02
1.000000000000000000e+00 1.181818181818181795e-01 2.017973856209150374e-01 1.681818181818181823e-01 8.006535947712417611e-02
1.000000000000000000e+00 1.875000000000000000e-01 5.710784313725489891e-01 3.204545454545454364e-01 1.094771241830065356e-01
1.000000000000000000e+00 1.977272727272727237e-01 6.854575163398692883e-01 3.363636363636363646e-01 1.029411764705882304e-01
1.000000000000000000e+00 4.375000000000000000e-01 5.857843137254902244e-01 1.386363636363636409e-01 1.225490196078431321e-01
1.000000000000000000e+00 9.045454545454545414e-01 5.767973856209149819e-01 1.454545454545454475e-01 8.496732026143791194e-02
1.000000000000000000e+00 4.420454545454545192e-01 6.936274509803921351e-01 1.295454545454545470e-01 8.006535947712417611e-02
1.000000000000000000e+00 3.125000000000000000e-01 7.908496732026143450e-01 1.113636363636363591e-01 8.169934640522875935e-02
