1.000000000000000000e+00 8.187499999999999778e-01 6.167820069204151823e-01 4.750000000000000056e-02 1.003460207612456717e-01
1.000000000000000000e+00 7.608333333333333615e-01 5.320069204152249043e-01 1.266666666666666774e-01 1.418685121107266522e-01
1.000000000000000000e+00 6.966666666666666563e-01 4.351211072664359913e-01 1.083333333333333370e-01 1.833910034602076189e-01
1.000000000000000000e+00 5.929166666666666474e-01 4.433391003460207536e-01 1.808333333333333459e-01 2.448096885813148826e-01
1.000000000000000000e+00 4.149999999999999800e-01 4.844290657439446202e-01 2.550000000000000044e-01 1.712802768166089840e-01
1.000000000000000000e+00 3.291666666666666630e-01 3.589965397923875479e-01 1.733333333333333393e-01 1.453287197231833972e-01
1.000000000000000000e+00 4.683333333333333237e-01 3.594290657439446202e-01 1.049999999999999961e-01 8.910034602076125076e-02
1.000000000000000000e+00 2.025000000000000133e-01 1.038062283737024166e-01 3.333333333333333148e-01 1.608996539792387492e-01
1.000000000000000000e+00 2.658333333333333104e-01 2.811418685121107042e-01 2.533333333333333548e-01 1.557093425605536319e-01
1.000000000000000000e+00 1.199999999999999956e-01 3.711072664359861828e-01 2.149999999999999967e-01 2.941176470588235392e-01
1.000000000000000000e+00 1.625000000000000056e-01 6.198096885813149104e-01 2.933333333333333348e-01 1.946366782006920537e-01
