1.000000000000000000e+00 7.141666666666666163e-01 2.468750000000000111e-01 1.600000000000000033e-01 3.237499999999999822e-01
1.000000000000000000e+00 5.216666666666666119e-01 1.937500000000000056e-01 2.166666666666666741e-01 3.699999999999999956e-01
1.000000000000000000e+00 1.887500000000000011e-01 3.587500000000000133e-01 2.408333333333333437e-01 3.024999999999999911e-01
1.000000000000000000e+00 6.454166666666666385e-01 4.618749999999999800e-01 1.491666666666666696e-01 2.637499999999999845e-01
1.000000000000000000e+00 3.387499999999999956e-01 6.387500000000000400e-01 1.441666666666666652e-01 2.424999999999999933e-01
1.000000000000000000e+00 7.016666666666666607e-01 7.143749999999999822e-01 8.166666666666666519e-02 1.912500000000000033e-01
1.000000000000000000e+00 4.429166666666666807e-01 7.512499999999999734e-01 5.249999999999999806e-02 1.900000000000000022e-01
1.000000000000000000e+00 3.595833333333333104e-01 1.981249999999999956e-01 1.074999999999999983e-01 2.462499999999999967e-01
1.000000000000000000e+00 1.320833333333333304e-01 5.949999999999999734e-01 2.575000000000000067e-01 1.424999999999999878e-01
1.000000000000000000e+00 8.354166666666666963e-01 2.018749999999999989e-01 7.249999999999999500e-02 1.987500000000000100e-01
1.000000000000000000e+00 5.970833333333332993e-01 7.425000000000000488e-01 1.258333333333333248e-01 1.275000000000000022e-01
