1.000000000000000000e+00 1.409807355516637384e-01 1.416666666666666630e-01 2.784588441330998476e-01 2.766666666666666718e-01
1.000000000000000000e+00 1.436077057793344880e-01 3.533333333333333326e-01 1.436077057793344880e-01 1.266666666666666774e-01
1.000000000000000000e+00 4.781085814360770403e-01 2.949999999999999845e-01 3.642732049036777608e-01 3.766666666666666496e-01
1.000000000000000000e+00 2.521891418563922960e-01 4.333333333333333481e-01 6.304728546409807399e-02 2.933333333333333348e-01
1.000000000000000000e+00 1.654991243432574477e-01 6.016666666666666829e-01 9.281961471103326866e-02 3.433333333333333237e-01
1.000000000000000000e+00 2.574430823117337952e-01 7.683333333333333126e-01 8.406304728546409866e-02 3.633333333333333415e-01
1.000000000000000000e+00 4.570928196147110434e-01 6.366666666666667140e-01 3.117338003502627131e-01 2.933333333333333348e-01
1.000000000000000000e+00 6.663747810858143827e-01 6.083333333333332815e-01 9.982486865148861022e-02 2.366666666666666641e-01
1.000000000000000000e+00 3.633975481611208536e-01 8.566666666666666874e-01 1.103327495621716225e-01 1.333333333333333315e-01
1.000000000000000000e+00 7.565674255691768879e-01 7.383333333333332860e-01 6.304728546409807399e-02 1.033333333333333326e-01
1.000000000000000000e+00 7.880910683012258833e-01 8.916666666666667185e-01 4.903677758318739088e-02 1.700000000000000122e-01
