1.000000000000000000e+00 6.079101562500000000e-01 6.583577712609970378e-01 1.396484375000000000e-01 7.917888563049853279e-02
1.000000000000000000e+00 7.236328125000000000e-01 5.769794721407625060e-01 8.203125000000000000e-02 5.718475073313782769e-02
1.000000000000000000e+00 7.241210937500000000e-01 7.844574780058650998e-02 2.373046875000000000e-01 1.011730205278592309e-01
1.000000000000000000e+00 6.435546875000000000e-01 2.016129032258064391e-01 1.757812500000000000e-01 1.217008797653958974e-01
1.000000000000000000e+00 5.449218750000000000e-01 3.357771260997067242e-01 1.250000000000000000e-01 7.917888563049853279e-02
1.000000000000000000e+00 9.311523437500000000e-01 9.164222873900293442e-02 1.279296875000000000e-01 1.304985337243401711e-01
1.000000000000000000e+00 4.501953125000000000e-01 7.184750733137830470e-02 2.109375000000000000e-01 1.055718475073313817e-01
1.000000000000000000e+00 5.083007812500000000e-01 6.891495601173021068e-01 4.980468750000000000e-02 4.398826979472141019e-02
1.000000000000000000e+00 3.437500000000000000e-01 3.636363636363636465e-01 8.984375000000000000e-02 9.677419354838709409e-02
1.000000000000000000e+00 4.799804687500000000e-01 5.146627565982404562e-01 7.519531250000000000e-02 9.970674486803518533e-02
