1.000000000000000000e+00 1.441666666666666652e-01 1.036269430051813406e-01 2.049999999999999878e-01 1.943005181347150223e-01
1.000000000000000000e+00 3.833333333333333037e-02 1.120466321243523272e-01 6.500000000000000222e-02 2.007772020725388518e-01
1.000000000000000000e+00 8.874999999999999556e-02 3.283678756476683946e-01 1.474999999999999922e-01 2.137305699481865384e-01
1.000000000000000000e+00 1.604166666666666796e-01 5.537564766839377928e-01 2.275000000000000078e-01 2.240932642487046544e-01
1.000000000000000000e+00 2.054166666666666641e-01 3.898963730569948161e-01 8.916666666666667185e-02 1.191709844559585424e-01
1.000000000000000000e+00 3.375000000000000222e-01 4.773316062176165553e-01 1.616666666666666530e-01 2.318652849740932553e-01
1.000000000000000000e+00 1.941666666666666541e-01 7.441709844559585285e-01 2.349999999999999867e-01 1.619170984455958473e-01
1.000000000000000000e+00 5.216666666666666119e-01 3.270725388601036232e-01 1.749999999999999889e-01 2.292746113989637402e-01
1.000000000000000000e+00 6.791666666666666963e-01 3.419689119170984393e-01 1.483333333333333448e-01 2.487046632124352286e-01
1.000000000000000000e+00 5.458333333333332815e-01 5.595854922279792643e-01 2.000000000000000111e-01 2.331606217616580268e-01
1.000000000000000000e+00 5.062499999999999778e-01 7.674870466321243034e-01 2.191666666666666763e-01 1.230569948186528428e-01
1.000000000000000000e+00 7.416666666666666963e-01 1.722797927461139911e-01 9.166666666666666019e-02 8.549222797927460982e-02
1.000000000000000000e+00 9.166666666666666297e-01 2.001295336787564660e-01 1.566666666666666763e-01 2.240932642487046544e-01
1.000000000000000000e+00 8.645833333333333703e-01 3.918393782383419732e-01 2.225000000000000033e-01 2.240932642487046544e-01
1.000000000000000000e+00 7.495833333333333792e-01 6.599740932642487179e-01 1.224999999999999978e-01 9.196891191709843927e-02
1.000000000000000000e+00 9.316666666666666430e-01 5.602331606217616500e-01 1.166666666666666685e-01 1.282383419689119286e-01
1.000000000000000000e+00 6.641666666666666829e-01 7.707253886010362320e-01 6.166666666666666824e-02 7.253886010362693704e-02
1.000000000000000000e+00 7.958333333333332815e-01 7.623056994818653287e-01 1.133333333333333276e-01 9.196891191709843927e-02
