1.000000000000000000e+00 1.254166666666666763e-01 1.198186528497409281e-01 2.341666666666666619e-01 2.137305699481865384e-01
1.000000000000000000e+00 8.375000000000000500e-02 3.911917098445595875e-01 1.474999999999999922e-01 3.108808290155440357e-01
1.000000000000000000e+00 2.854166666666666519e-01 4.630829015544041249e-01 2.591666666666666563e-01 2.085492227979274527e-01
1.000000000000000000e+00 2.320833333333333359e-01 6.554404145077720178e-01 2.525000000000000022e-01 2.176165803108808250e-01
1.000000000000000000e+00 5.870833333333332904e-01 3.503886010362694536e-01 2.874999999999999778e-01 2.603626943005181160e-01
1.000000000000000000e+00 5.433333333333333348e-01 5.867875647668393535e-01 1.650000000000000078e-01 2.124352331606217670e-01
1.000000000000000000e+00 7.395833333333333703e-01 1.845854922279792643e-01 9.750000000000000333e-02 1.334196891191709866e-01
1.000000000000000000e+00 9.108333333333333837e-01 1.975388601036269509e-01 1.499999999999999944e-01 2.474093264248704571e-01
1.000000000000000000e+00 8.387499999999999956e-01 3.678756476683937571e-01 2.341666666666666619e-01 2.331606217616580268e-01
1.000000000000000000e+00 9.241666666666666918e-01 5.505181347150258642e-01 1.199999999999999956e-01 1.165803108808290134e-01
1.000000000000000000e+00 7.383333333333332860e-01 6.632124352331606465e-01 1.150000000000000050e-01 1.088082901554404125e-01
1.000000000000000000e+00 4.858333333333333393e-01 7.629533678756477144e-01 1.900000000000000022e-01 1.113989637305699415e-01
