1.000000000000000000e+00 8.509454949944382507e-02 8.319672131147540783e-01 1.635150166852057940e-01 2.459016393442622905e-01
1.000000000000000000e+00 2.363737486095661977e-01 7.445355191256830540e-01 1.323692992213570674e-01 1.311475409836065642e-01
1.000000000000000000e+00 3.414905450500556050e-01 6.721311475409835756e-01 8.231368186874304937e-02 1.830601092896174953e-01
1.000000000000000000e+00 7.953281423804227368e-02 6.031420765027322162e-01 1.323692992213570674e-01 2.008196721311475419e-01
1.000000000000000000e+00 1.318131256952169150e-01 2.896174863387978027e-01 2.302558398220244662e-01 4.207650273224043946e-01
1.000000000000000000e+00 3.659621802002224755e-01 1.461748633879781378e-01 2.335928809788654081e-01 2.377049180327868716e-01
1.000000000000000000e+00 3.659621802002224755e-01 3.613387978142076351e-01 1.557285873192436054e-01 1.844262295081967318e-01
1.000000000000000000e+00 6.713014460511679271e-01 3.702185792349727000e-01 1.301446051167964302e-01 1.174863387978142132e-01
1.000000000000000000e+00 5.556173526140155694e-01 5.116120218579235379e-01 1.123470522803114574e-01 6.147540983606557263e-02
1.000000000000000000e+00 6.674082313681868328e-01 4.863387978142076351e-01 7.341490545050055605e-02 7.650273224043716014e-02
1.000000000000000000e+00 4.221357063403782250e-01 6.024590163934425702e-01 7.675194660734148411e-02 1.420765027322404284e-01
