1.000000000000000000e+00 2.919999999999999818e-01 2.666666666666666630e-01 1.880000000000000004e-01 1.946666666666666545e-01
1.000000000000000000e+00 6.099999999999999867e-02 4.453333333333333588e-01 1.160000000000000059e-01 4.613333333333333175e-01
1.000000000000000000e+00 1.680000000000000104e-01 5.106666666666667131e-01 9.199999999999999845e-02 3.760000000000000009e-01
1.000000000000000000e+00 3.624999999999999889e-01 6.213333333333332931e-01 2.810000000000000275e-01 1.759999999999999898e-01
1.000000000000000000e+00 4.879999999999999893e-01 4.386666666666666492e-01 2.039999999999999869e-01 2.000000000000000111e-01
1.000000000000000000e+00 4.104999999999999760e-01 7.626666666666667149e-01 2.389999999999999902e-01 9.866666666666666641e-02
1.000000000000000000e+00 6.945000000000000062e-01 6.926666666666666528e-01 1.670000000000000095e-01 2.839999999999999747e-01
1.000000000000000000e+00 8.764999999999999458e-01 6.740000000000000435e-01 1.950000000000000067e-01 1.826666666666666716e-01
1.000000000000000000e+00 3.935000000000000164e-01 9.526666666666666616e-01 2.969999999999999862e-01 8.666666666666666963e-02
1.000000000000000000e+00 7.145000000000000240e-01 3.573333333333333361e-01 1.290000000000000036e-01 2.879999999999999782e-01
