1.000000000000000000e+00 2.162499999999999978e-01 1.045081967213114804e-01 3.975000000000000200e-01 1.680327868852458939e-01
1.000000000000000000e+00 2.700000000000000178e-01 3.319672131147540783e-01 4.249999999999999889e-01 2.704918032786885473e-01
1.000000000000000000e+00 5.050000000000000044e-01 2.479508196721311453e-01 1.250000000000000000e-01 3.155737704918032960e-01
1.000000000000000000e+00 8.149999999999999467e-01 3.831967213114754189e-01 1.849999999999999978e-01 2.581967213114754189e-01
1.000000000000000000e+00 3.375000000000000222e-01 5.348360655737705027e-01 3.049999999999999933e-01 1.352459016393442737e-01
1.000000000000000000e+00 4.425000000000000044e-01 6.680327868852459217e-01 1.900000000000000022e-01 1.311475409836065642e-01
1.000000000000000000e+00 9.000000000000000222e-01 6.762295081967213406e-01 1.600000000000000033e-01 3.114754098360655865e-01
1.000000000000000000e+00 4.887500000000000178e-01 7.950819672131147486e-01 1.375000000000000111e-01 1.229508196721311453e-01
1.000000000000000000e+00 1.300000000000000044e-01 7.049180327868852514e-01 1.400000000000000133e-01 1.557377049180327933e-01
1.000000000000000000e+00 2.787499999999999978e-01 8.258196721311474864e-01 1.325000000000000067e-01 1.270491803278688547e-01
