1.000000000000000000e+00 5.562500000000000222e-01 1.731250000000000011e-01 2.541666666666666519e-01 1.762499999999999900e-01
1.000000000000000000e+00 4.312500000000000222e-01 3.531250000000000222e-01 6.416666666666666352e-02 1.837499999999999967e-01
1.000000000000000000e+00 5.045833333333333837e-01 5.224999999999999645e-01 5.750000000000000250e-02 1.524999999999999967e-01
1.000000000000000000e+00 5.183333333333333126e-01 7.068750000000000311e-01 5.500000000000000028e-02 2.162499999999999978e-01
1.000000000000000000e+00 6.529166666666667007e-01 4.318750000000000089e-01 5.416666666666666852e-02 2.137499999999999956e-01
1.000000000000000000e+00 6.787499999999999645e-01 6.456250000000000044e-01 5.916666666666666602e-02 1.987500000000000100e-01
1.000000000000000000e+00 2.374999999999999889e-01 4.337500000000000244e-01 1.316666666666666541e-01 1.499999999999999944e-01
1.000000000000000000e+00 2.291666666666666574e-01 6.356249999999999956e-01 7.333333333333333370e-02 1.937500000000000056e-01
1.000000000000000000e+00 1.474999999999999922e-01 5.493749999999999467e-01 3.666666666666666685e-02 1.337500000000000078e-01
1.000000000000000000e+00 7.916666666666666297e-02 6.262499999999999734e-01 2.666666666666666838e-02 1.724999999999999867e-01
1.000000000000000000e+00 5.195833333333332860e-01 3.412499999999999978e-01 8.749999999999999445e-02 1.000000000000000056e-01
