1.000000000000000000e+00 8.927272727272727026e-01 1.317934782608695676e-01 2.072727272727272751e-01 2.364130434782608647e-01
1.000000000000000000e+00 7.045454545454545858e-01 1.494565217391304324e-01 1.581818181818181734e-01 2.934782608695652439e-01
1.000000000000000000e+00 8.027272727272727337e-01 3.858695652173912971e-01 2.600000000000000089e-01 2.010869565217391353e-01
1.000000000000000000e+00 5.536363636363635932e-01 1.915760869565217295e-01 1.363636363636363535e-01 3.125000000000000000e-01
1.000000000000000000e+00 5.772727272727272707e-01 4.402173913043478382e-01 1.690909090909090973e-01 1.902173913043478382e-01
1.000000000000000000e+00 1.654545454545454652e-01 1.861413043478260809e-01 1.163636363636363635e-01 3.614130434782608647e-01
1.000000000000000000e+00 2.809090909090908861e-01 1.915760869565217295e-01 1.109090909090909155e-01 3.777173913043478382e-01
1.000000000000000000e+00 3.818181818181818343e-01 2.173913043478260809e-01 8.000000000000000167e-02 4.130434782608695676e-01
1.000000000000000000e+00 3.818181818181818343e-01 4.972826086956521618e-01 8.000000000000000167e-02 1.413043478260869457e-01
1.000000000000000000e+00 2.690909090909091028e-01 4.171195652173912971e-01 1.236363636363636415e-01 5.706521739130434451e-02
1.000000000000000000e+00 3.854545454545454386e-01 6.508152173913043237e-01 7.636363636363636964e-02 1.059782608695652162e-01
1.000000000000000000e+00 8.018181818181817633e-01 5.326086956521739468e-01 1.600000000000000033e-01 7.065217391304347283e-02
1.000000000000000000e+00 6.054545454545454675e-01 5.842391304347825942e-01 1.018181818181818216e-01 7.608695652173913526e-02
