1.000000000000000000e+00 7.159090909090909394e-02 2.043269230769230727e-01 1.340909090909090939e-01 2.548076923076922906e-01
1.000000000000000000e+00 1.204545454545454530e-01 4.110576923076922906e-01 1.499999999999999944e-01 2.932692307692307820e-01
1.000000000000000000e+00 1.715909090909090995e-01 6.225961538461538547e-01 7.045454545454545026e-02 1.586538461538461453e-01
1.000000000000000000e+00 3.443181818181818010e-01 1.298076923076923184e-01 1.977272727272727237e-01 2.211538461538461453e-01
1.000000000000000000e+00 3.488636363636363757e-01 3.605769230769230727e-01 1.749999999999999889e-01 1.730769230769230727e-01
1.000000000000000000e+00 5.761363636363636687e-01 1.225961538461538408e-01 2.613636363636363535e-01 1.586538461538461453e-01
1.000000000000000000e+00 7.215909090909090606e-01 3.052884615384615641e-01 2.795454545454545414e-01 2.067307692307692180e-01
1.000000000000000000e+00 8.284090909090908728e-01 1.225961538461538408e-01 1.250000000000000000e-01 1.105769230769230727e-01
1.000000000000000000e+00 8.852272727272727515e-01 3.293269230769230727e-01 1.113636363636363591e-01 2.451923076923076816e-01
1.000000000000000000e+00 7.284090909090908950e-01 4.783653846153846367e-01 1.568181818181818288e-01 1.298076923076923184e-01
