1.000000000000000000e+00 2.483333333333333226e-01 1.094339622641509469e-01 3.350000000000000200e-01 1.308176100628930805e-01
1.000000000000000000e+00 2.058333333333333404e-01 2.823899371069182318e-01 4.099999999999999756e-01 2.000000000000000111e-01
1.000000000000000000e+00 5.999999999999999778e-01 9.496855345911950352e-02 3.666666666666666408e-01 1.320754716981132060e-01
1.000000000000000000e+00 6.058333333333333348e-01 2.767295597484276670e-01 3.800000000000000044e-01 2.037735849056603876e-01
1.000000000000000000e+00 8.908333333333333659e-01 2.276729559748427723e-01 1.799999999999999933e-01 3.849056603773585161e-01
1.000000000000000000e+00 8.433333333333333792e-01 5.773584905660377187e-01 2.849999999999999756e-01 2.666666666666666630e-01
1.000000000000000000e+00 5.620833333333333792e-01 7.842767295597484756e-01 2.824999999999999734e-01 2.251572327044025212e-01
1.000000000000000000e+00 1.720833333333333381e-01 5.603773584905660243e-01 2.225000000000000033e-01 1.723270440251572222e-01
1.000000000000000000e+00 8.958333333333333426e-02 8.283018867924528683e-01 1.325000000000000067e-01 1.320754716981132060e-01
1.000000000000000000e+00 5.570833333333333748e-01 4.987421383647798745e-01 2.474999999999999978e-01 1.622641509433962181e-01
1.000000000000000000e+00 7.550000000000000044e-01 8.446540880503144999e-01 8.666666666666666963e-02 2.226415094339622702e-01
1.000000000000000000e+00 3.941666666666666652e-01 8.698113207547170100e-01 1.266666666666666774e-01 1.194968553459119509e-01
