1.000000000000000000e+00 5.320833333333333526e-01 1.539424280350437935e-01 3.158333333333333548e-01 2.953692115143929930e-01
1.000000000000000000e+00 3.358333333333333171e-01 1.132665832290362939e-01 6.500000000000000222e-02 2.090112640801001231e-01
1.000000000000000000e+00 5.141666666666666607e-01 4.186483103879850010e-01 2.066666666666666652e-01 2.090112640801001231e-01
1.000000000000000000e+00 6.408333333333333659e-01 5.963704630788485561e-01 1.150000000000000050e-01 1.739674593241551936e-01
1.000000000000000000e+00 6.270833333333333259e-01 7.715894868585732036e-01 1.224999999999999978e-01 1.614518147684605720e-01
1.000000000000000000e+00 4.116666666666666807e-01 7.165206508135169017e-01 1.199999999999999956e-01 1.789737171464330368e-01
1.000000000000000000e+00 7.262499999999999512e-01 5.056320400500625700e-01 4.416666666666666657e-02 1.001251564455569454e-01
1.000000000000000000e+00 7.129166666666666430e-01 1.170212765957446832e-01 2.583333333333333315e-02 2.015018773466833446e-01
1.000000000000000000e+00 4.525000000000000133e-01 5.700876095118898590e-01 8.833333333333333315e-02 9.637046307884855612e-02
1.000000000000000000e+00 5.187500000000000444e-01 7.672090112640801429e-01 8.250000000000000389e-02 1.702127659574468044e-01
1.000000000000000000e+00 2.704166666666666941e-01 6.570713391739674281e-02 6.250000000000000000e-02 1.239048811013767210e-01
