1.000000000000000000e+00 1.641666666666666552e-01 4.474683544303797444e-01 5.500000000000000028e-02 6.455696202531645278e-02
1.000000000000000000e+00 1.179166666666666696e-01 4.056962025316455667e-01 7.249999999999999500e-02 8.227848101265822223e-02
1.000000000000000000e+00 6.208333333333333065e-02 3.525316455696202445e-01 9.916666666666666685e-02 1.227848101265822806e-01
1.000000000000000000e+00 3.041666666666666824e-02 2.620253164556962111e-01 4.083333333333333259e-02 4.050632911392405139e-02
1.000000000000000000e+00 5.891666666666666163e-01 2.430379746835442945e-01 1.183333333333333320e-01 3.088607594936708667e-01
1.000000000000000000e+00 5.720833333333333881e-01 6.405063291139240222e-01 8.250000000000000389e-02 1.746835443037974556e-01
1.000000000000000000e+00 7.683333333333333126e-01 3.867088607594936778e-01 1.199999999999999956e-01 1.177215189873417750e-01
1.000000000000000000e+00 8.058333333333332904e-01 4.626582278481012889e-01 8.999999999999999667e-02 6.708860759493670556e-02
1.000000000000000000e+00 6.495833333333332904e-01 4.512658227848101444e-01 4.750000000000000056e-02 7.215189873417721111e-02
1.000000000000000000e+00 6.812500000000000222e-01 3.082278481012658000e-01 4.250000000000000305e-02 1.759493670886075889e-01
1.000000000000000000e+00 2.745833333333333459e-01 8.183544303797468666e-01 3.083333333333333412e-02 4.683544303797468333e-02
1.000000000000000000e+00 2.166666666666666741e-01 7.949367088607595111e-01 2.500000000000000139e-02 7.341772151898734444e-02
1.000000000000000000e+00 7.945833333333333082e-01 8.341772151898734222e-01 4.250000000000000305e-02 4.556962025316455694e-02
1.000000000000000000e+00 4.979166666666666741e-01 5.493670886075949777e-01 5.249999999999999806e-02 6.075949367088607361e-02
