1.000000000000000000e+00 1.499999999999999944e-01 1.739380022962112582e-01 2.983333333333333393e-01 3.455797933409873735e-01
1.000000000000000000e+00 2.708333333333333426e-02 4.425947187141217043e-01 5.249999999999999806e-02 1.618828932261767994e-01
1.000000000000000000e+00 8.033333333333333437e-01 1.130884041331802481e-01 1.549999999999999989e-01 1.458094144661308822e-01
1.000000000000000000e+00 8.683333333333332904e-01 8.076923076923077094e-01 2.633333333333333082e-01 3.846153846153846367e-01
1.000000000000000000e+00 5.633333333333333526e-01 8.673938002296210925e-01 1.816666666666666707e-01 2.560275545350172433e-01
1.000000000000000000e+00 4.016666666666666718e-01 5.476463834672790076e-01 1.316666666666666541e-01 1.308840413318025364e-01
1.000000000000000000e+00 5.991666666666666252e-01 2.611940298507462455e-01 1.283333333333333270e-01 1.802525832376578596e-01
1.000000000000000000e+00 8.816666666666667096e-01 3.030998851894374235e-01 1.100000000000000006e-01 2.158438576349024085e-01
1.000000000000000000e+00 2.775000000000000244e-01 8.909299655568312382e-01 2.166666666666666741e-01 8.495981630309988597e-02
1.000000000000000000e+00 3.683333333333333459e-01 7.175660160734786963e-02 1.283333333333333270e-01 1.320321469575200801e-01
1.000000000000000000e+00 9.183333333333333348e-01 5.206659012629162309e-01 1.633333333333333304e-01 1.848450057405281177e-01
1.000000000000000000e+00 5.129166666666666874e-01 4.454649827784156191e-01 8.083333333333332649e-02 1.446613088404133107e-01
