1.000000000000000000e+00 7.875000000000000056e-02 3.624999999999999889e-01 1.291666666666666796e-01 2.000000000000000111e-01
1.000000000000000000e+00 4.320833333333333193e-01 1.499999999999999944e-01 1.575000000000000011e-01 2.250000000000000056e-01
1.000000000000000000e+00 4.729166666666666519e-01 3.624999999999999889e-01 2.575000000000000067e-01 1.499999999999999944e-01
1.000000000000000000e+00 2.508333333333333526e-01 3.468749999999999889e-01 1.600000000000000033e-01 1.262500000000000011e-01
1.000000000000000000e+00 5.224999999999999645e-01 5.812500000000000444e-01 1.166666666666666685e-01 2.625000000000000111e-01
1.000000000000000000e+00 6.500000000000000222e-01 1.531250000000000111e-01 2.666666666666666630e-01 2.462499999999999967e-01
1.000000000000000000e+00 8.908333333333333659e-01 1.506250000000000089e-01 2.149999999999999967e-01 2.512499999999999734e-01
1.000000000000000000e+00 7.950000000000000400e-01 4.006250000000000089e-01 3.866666666666666585e-01 2.162499999999999978e-01
1.000000000000000000e+00 7.141666666666666163e-01 5.793749999999999734e-01 2.866666666666666807e-01 2.512499999999999734e-01
1.000000000000000000e+00 9.266666666666666385e-01 7.193749999999999867e-01 1.216666666666666730e-01 4.037499999999999978e-01
1.000000000000000000e+00 7.379166666666666652e-01 8.556249999999999689e-01 2.225000000000000033e-01 2.137499999999999956e-01
