1.000000000000000000e+00 6.506250000000000089e-01 3.066104078762306728e-01 2.662499999999999867e-01 2.278481012658227778e-01
1.000000000000000000e+00 6.181250000000000355e-01 1.511954992967651235e-01 1.712500000000000133e-01 7.172995780590717130e-02
1.000000000000000000e+00 8.331250000000000044e-01 3.284106891701828457e-01 8.874999999999999556e-02 2.320675105485232037e-01
1.000000000000000000e+00 2.106250000000000067e-01 3.811533052039381420e-01 2.137499999999999956e-01 1.434599156118143426e-01
1.000000000000000000e+00 1.843750000000000111e-01 4.859353023909985803e-01 3.662500000000000200e-01 2.095639943741209599e-01
1.000000000000000000e+00 1.093750000000000000e-01 6.469760900140647530e-01 2.062499999999999889e-01 8.438818565400843519e-02
1.000000000000000000e+00 4.131250000000000200e-01 5.815752461322081235e-01 1.837499999999999967e-01 1.814345991561181481e-01
1.000000000000000000e+00 4.949999999999999956e-01 7.334739803094233457e-01 1.600000000000000033e-01 1.476793248945147685e-01
1.000000000000000000e+00 7.650000000000000133e-01 5.330520393811533086e-01 1.375000000000000111e-01 2.109704641350211018e-01
1.000000000000000000e+00 7.281250000000000222e-01 7.693389592123769383e-01 1.162500000000000061e-01 2.784810126582278333e-01
