1.000000000000000000e+00 3.646153846153846190e-01 6.986111111111110716e-01 1.969230769230769229e-01 9.166666666666666019e-02
1.000000000000000000e+00 4.284615384615384492e-01 5.749999999999999556e-01 2.784615384615384825e-01 1.388888888888888951e-01
1.000000000000000000e+00 3.346153846153845923e-01 4.708333333333333259e-01 6.615384615384616029e-02 7.499999999999999722e-02
1.000000000000000000e+00 4.984615384615384559e-01 6.833333333333333481e-01 7.692307692307692735e-02 8.333333333333332871e-02
1.000000000000000000e+00 4.546153846153845879e-01 4.263888888888888729e-01 1.061538461538461542e-01 1.749999999999999889e-01
1.000000000000000000e+00 5.046153846153845768e-01 3.027777777777777568e-01 1.292307692307692324e-01 1.055555555555555552e-01
1.000000000000000000e+00 6.500000000000000222e-01 4.402777777777777679e-01 2.753846153846153944e-01 1.472222222222222265e-01
1.000000000000000000e+00 6.192307692307692513e-01 5.777777777777777235e-01 9.384615384615384304e-02 1.277777777777777679e-01
1.000000000000000000e+00 6.846153846153846256e-01 2.930555555555555691e-01 2.123076923076923084e-01 1.361111111111110994e-01
1.000000000000000000e+00 8.846153846153845812e-01 3.902777777777777790e-01 1.876923076923076861e-01 2.694444444444444309e-01
