1.000000000000000000e+00 1.373684210526315841e-01 5.860979462875197665e-01 5.578947368421052766e-02 1.200631911532385465e-01
1.000000000000000000e+00 5.105263157894737031e-02 5.884676145339652331e-01 9.368421052631578649e-02 1.248025276461295352e-01
1.000000000000000000e+00 2.357894736842105210e-01 5.900473933649289515e-01 1.263157894736842146e-01 1.311216429699842145e-01
1.000000000000000000e+00 3.557894736842105443e-01 5.995260663507109289e-01 1.157894736842105254e-01 1.216429699842022094e-01
1.000000000000000000e+00 4.568421052631578827e-01 6.105845181674565136e-01 5.894736842105263025e-02 1.279620853080568610e-01
1.000000000000000000e+00 5.321052631578947478e-01 5.718799368088467450e-01 7.684210526315789214e-02 7.898894154818325575e-02
1.000000000000000000e+00 6.221052631578947167e-01 6.319115323854660460e-01 6.315789473684210731e-02 7.898894154818325575e-02
1.000000000000000000e+00 7.131578947368421018e-01 6.342812006319115126e-01 8.105263157894736226e-02 9.004739336492890989e-02
1.000000000000000000e+00 1.284210526315789358e-01 2.819905213270142430e-01 2.378947368421052699e-01 4.849921011058451747e-01
1.000000000000000000e+00 3.699999999999999956e-01 3.696682464454976169e-01 2.263157894736842202e-01 2.969984202211690127e-01
1.000000000000000000e+00 5.968421052631578405e-01 4.344391785150079066e-01 2.063157894736842024e-01 2.559241706161137220e-01
1.000000000000000000e+00 7.942105263157894779e-01 4.375987361769352324e-01 1.968421052631579016e-01 3.285939968404423261e-01
1.000000000000000000e+00 9.452631578947368052e-01 4.296998420221169179e-01 1.052631578947368363e-01 4.707740916271722087e-01
