1.000000000000000000e+00 2.281191806331471228e-01 3.190104166666666435e-02 4.525139664804469497e-01 5.859375000000000000e-02
1.000000000000000000e+00 3.640595903165735336e-01 8.528645833333332871e-02 1.769087523277467489e-01 4.296875000000000000e-02
1.000000000000000000e+00 5.400372439478584585e-01 1.315104166666666574e-01 1.675977653631284814e-01 1.093750000000000000e-01
1.000000000000000000e+00 5.577281191806331417e-01 2.089843750000000000e-01 1.806331471135940447e-01 4.557291666666666435e-02
1.000000000000000000e+00 6.173184357541899869e-01 2.493489583333333426e-01 1.173184357541899453e-01 3.776041666666666435e-02
1.000000000000000000e+00 6.527001862197392423e-01 2.890625000000000000e-01 1.173184357541899453e-01 4.166666666666666435e-02
1.000000000000000000e+00 6.163873370577280797e-01 3.326822916666666852e-01 5.586592178770949380e-02 4.296875000000000000e-02
1.000000000000000000e+00 6.657355679702048334e-01 3.339843750000000000e-01 6.517690875232774739e-02 1.432291666666666609e-02
1.000000000000000000e+00 6.852886405959032201e-01 3.515625000000000000e-01 4.096834264432029638e-02 2.083333333333333218e-02
1.000000000000000000e+00 6.247672253258845787e-01 3.821614583333333148e-01 4.283054003724395126e-02 4.557291666666666435e-02
1.000000000000000000e+00 6.601489757914339451e-01 3.893229166666666852e-01 2.420856610800744754e-02 4.166666666666666435e-02
1.000000000000000000e+00 6.601489757914339451e-01 4.277343750000000000e-01 2.793296089385474690e-02 3.255208333333333565e-02
1.000000000000000000e+00 6.284916201117318746e-01 4.804687500000000000e-01 3.165735567970204972e-02 3.385416666666666435e-02
1.000000000000000000e+00 6.508379888268156499e-01 5.540364583333333703e-01 5.400372439478584585e-02 3.776041666666666435e-02
1.000000000000000000e+00 6.694599627560521293e-01 5.983072916666666297e-01 6.145251396648044456e-02 4.557291666666666435e-02
