1.000000000000000000e+00 9.133333333333333304e-01 4.656735751295336678e-01 1.383333333333333359e-01 9.974093264248704016e-02
1.000000000000000000e+00 7.099999999999999645e-01 2.791450777202072464e-01 5.366666666666666252e-01 1.515544041450777313e-01
1.000000000000000000e+00 5.875000000000000222e-01 1.010362694300518116e-01 3.383333333333333193e-01 1.865284974093264214e-01
1.000000000000000000e+00 4.258333333333333415e-01 4.831606217616580268e-01 6.833333333333332926e-02 2.331606217616580268e-01
1.000000000000000000e+00 7.287500000000000089e-01 5.660621761658031215e-01 8.083333333333332649e-02 7.253886010362693704e-02
1.000000000000000000e+00 3.037500000000000200e-01 2.849740932642487179e-01 6.583333333333332704e-02 1.217616580310880853e-01
1.000000000000000000e+00 5.458333333333333093e-02 1.010362694300518116e-01 1.074999999999999983e-01 1.994818652849740803e-01
1.000000000000000000e+00 3.658333333333333437e-01 5.693005181347150501e-01 4.666666666666666879e-02 9.715025906735751116e-02
1.000000000000000000e+00 5.858333333333333171e-01 4.358808290155440357e-01 7.499999999999999722e-02 1.256476683937823857e-01
1.000000000000000000e+00 8.554166666666667140e-01 7.318652849740932276e-02 1.708333333333333370e-01 1.282383419689119286e-01
1.000000000000000000e+00 8.133333333333333526e-01 6.042746113989637680e-01 6.333333333333333870e-02 1.023316062176165830e-01
1.000000000000000000e+00 3.204166666666666829e-01 6.178756476683937571e-01 4.250000000000000305e-02 9.326424870466321071e-02
1.000000000000000000e+00 1.791666666666666755e-02 4.708549222797927536e-01 3.416666666666666463e-02 1.593264248704663322e-01
