1.000000000000000000e+00 6.596679687500000000e-01 1.744186046511627952e-01 2.792968750000000000e-01 3.308327081770442435e-01
1.000000000000000000e+00 9.008789062500000000e-01 1.470367591897974446e-01 1.816406250000000000e-01 2.655663915978994649e-01
1.000000000000000000e+00 5.771484375000000000e-01 4.861215303825956457e-01 3.017578125000000000e-01 2.670667666916728966e-01
1.000000000000000000e+00 3.222656250000000000e-01 5.108777194298574909e-01 7.714843750000000000e-02 1.050262565641410378e-01
1.000000000000000000e+00 7.583007812500000000e-01 3.990997749437359410e-01 4.882812500000000000e-02 9.452363090772693266e-02
1.000000000000000000e+00 4.697265625000000000e-01 2.273068267066766790e-01 6.933593750000000000e-02 2.100525131282820757e-01
1.000000000000000000e+00 3.715820312500000000e-01 3.994748687171792989e-01 7.421875000000000000e-02 6.676669167291822415e-02
1.000000000000000000e+00 4.379882812500000000e-01 6.901725431357839113e-01 7.226562500000000000e-02 1.080270067516879151e-01
1.000000000000000000e+00 5.756835937500000000e-01 6.635408852213052766e-01 1.347656250000000000e-01 5.776444111027757150e-02
1.000000000000000000e+00 1.198730468750000000e-01 8.780945236309076751e-01 1.274414062500000000e-01 2.408102025506376476e-01
