1.000000000000000000e+00 3.864583333333333481e-01 2.013888888888888951e-01 1.177083333333333315e-01 2.287037037037037146e-01
1.000000000000000000e+00 4.546875000000000222e-01 4.074074074074073848e-01 7.499999999999999722e-02 1.499999999999999944e-01
1.000000000000000000e+00 5.552083333333333037e-01 2.462962962962962910e-01 2.010416666666666741e-01 1.629629629629629761e-01
1.000000000000000000e+00 6.015625000000000000e-01 9.537037037037036924e-02 5.625000000000000139e-02 1.259259259259259134e-01
1.000000000000000000e+00 6.911458333333333481e-01 1.027777777777777735e-01 1.208333333333333343e-01 1.148148148148148140e-01
1.000000000000000000e+00 6.072916666666666741e-01 3.935185185185185452e-01 1.614583333333333426e-01 1.148148148148148140e-01
1.000000000000000000e+00 8.114583333333332815e-01 2.495370370370370294e-01 3.031249999999999778e-01 1.749999999999999889e-01
1.000000000000000000e+00 8.296875000000000222e-01 3.944444444444444309e-01 2.562499999999999778e-01 1.055555555555555552e-01
1.000000000000000000e+00 8.984375000000000000e-01 5.111111111111110716e-01 1.354166666666666574e-01 1.092592592592592643e-01
1.000000000000000000e+00 8.588541666666666963e-01 7.777777777777777901e-02 2.000000000000000111e-01 1.537037037037037035e-01
