1.000000000000000000e+00 6.956250000000000488e-01 9.249999999999999889e-02 4.412499999999999756e-01 1.816666666666666707e-01
1.000000000000000000e+00 3.512500000000000067e-01 9.666666666666666463e-02 2.374999999999999889e-01 1.733333333333333393e-01
1.000000000000000000e+00 3.875000000000000111e-01 2.483333333333333226e-01 1.824999999999999956e-01 1.166666666666666685e-01
1.000000000000000000e+00 6.462499999999999911e-01 2.441666666666666707e-01 3.024999999999999911e-01 1.216666666666666730e-01
1.000000000000000000e+00 6.875000000000000000e-01 3.783333333333333548e-01 1.950000000000000067e-01 1.400000000000000133e-01
1.000000000000000000e+00 4.187500000000000111e-01 3.966666666666666674e-01 1.625000000000000056e-01 1.666666666666666574e-01
1.000000000000000000e+00 4.143749999999999933e-01 6.291666666666666519e-01 7.624999999999999833e-02 1.116666666666666641e-01
1.000000000000000000e+00 3.400000000000000244e-01 6.808333333333332904e-01 7.000000000000000666e-02 4.833333333333333232e-02
1.000000000000000000e+00 6.987499999999999822e-01 4.933333333333333459e-01 1.000000000000000056e-01 8.999999999999999667e-02
1.000000000000000000e+00 5.899999999999999689e-01 4.991666666666666474e-01 1.100000000000000006e-01 9.833333333333332815e-02
1.000000000000000000e+00 4.462499999999999800e-01 5.224999999999999645e-01 1.049999999999999961e-01 7.499999999999999722e-02
1.000000000000000000e+00 5.481249999999999734e-01 3.991666666666666696e-01 4.875000000000000167e-02 9.166666666666666019e-02
