1.000000000000000000e+00 1.192708333333333398e-01 3.902777777777777790e-01 2.000000000000000111e-01 3.527777777777778012e-01
1.000000000000000000e+00 2.802083333333333370e-01 5.671296296296296502e-01 8.854166666666667129e-02 2.546296296296296502e-01
1.000000000000000000e+00 3.562500000000000111e-01 8.458333333333333259e-01 2.239583333333333426e-01 3.046296296296296391e-01
1.000000000000000000e+00 2.005208333333333426e-01 9.379629629629629983e-01 7.083333333333333148e-02 1.037037037037037007e-01
1.000000000000000000e+00 6.041666666666666297e-01 5.041666666666666519e-01 5.531249999999999778e-01 3.898148148148148362e-01
1.000000000000000000e+00 6.494791666666667185e-01 8.499999999999999778e-01 3.479166666666666519e-01 2.907407407407407440e-01
1.000000000000000000e+00 9.276041666666666741e-01 8.342592592592592560e-01 1.187499999999999944e-01 2.555555555555555358e-01
1.000000000000000000e+00 5.005208333333333037e-01 1.856481481481481455e-01 1.229166666666666602e-01 2.527777777777777679e-01
1.000000000000000000e+00 6.161458333333332815e-01 9.537037037037036924e-02 1.062499999999999972e-01 1.814814814814814936e-01
1.000000000000000000e+00 7.442708333333333259e-01 8.611111111111111049e-02 1.270833333333333259e-01 1.629629629629629761e-01
1.000000000000000000e+00 6.963541666666667185e-01 2.495370370370370294e-01 2.479166666666666741e-01 1.101851851851851916e-01
