1.000000000000000000e+00 3.489583333333333426e-02 6.759259259259259300e-02 6.666666666666666574e-02 1.333333333333333315e-01
1.000000000000000000e+00 1.192708333333333398e-01 2.194444444444444420e-01 1.041666666666666713e-01 1.518518518518518490e-01
1.000000000000000000e+00 1.869791666666666685e-01 3.449074074074073848e-01 7.083333333333333148e-02 9.166666666666666019e-02
1.000000000000000000e+00 2.572916666666666408e-01 4.287037037037036979e-01 6.979166666666666852e-02 8.148148148148148806e-02
1.000000000000000000e+00 3.333333333333333148e-01 5.166666666666667185e-01 8.645833333333333148e-02 9.074074074074074681e-02
1.000000000000000000e+00 5.114583333333333481e-01 5.990740740740740922e-01 2.635416666666666741e-01 7.777777777777777901e-02
1.000000000000000000e+00 3.973958333333333370e-01 7.129629629629630205e-02 6.541666666666666741e-01 1.370370370370370405e-01
1.000000000000000000e+00 4.447916666666666408e-01 2.222222222222222099e-01 5.343750000000000444e-01 1.537037037037037035e-01
1.000000000000000000e+00 4.687500000000000000e-01 3.435185185185185008e-01 4.760416666666666408e-01 7.777777777777777901e-02
1.000000000000000000e+00 4.848958333333333592e-01 4.324074074074074070e-01 3.770833333333333259e-01 7.037037037037037479e-02
1.000000000000000000e+00 5.252604166666666741e-01 5.166666666666667185e-01 3.005208333333333481e-01 8.703703703703703776e-02
1.000000000000000000e+00 7.458333333333333481e-01 1.884259259259259134e-01 4.687500000000000000e-02 3.583333333333333370e-01
1.000000000000000000e+00 5.250000000000000222e-01 6.884259259259258856e-01 2.364583333333333259e-01 8.796296296296296502e-02
