1.000000000000000000e+00 1.290000000000000036e-01 1.280000000000000027e-01 2.459999999999999964e-01 2.240000000000000047e-01
1.000000000000000000e+00 1.660000000000000087e-01 3.293333333333333113e-01 2.039999999999999869e-01 1.733333333333333393e-01
1.000000000000000000e+00 1.980000000000000093e-01 5.586666666666666448e-01 3.479999999999999760e-01 2.479999999999999982e-01
1.000000000000000000e+00 5.700000000000000205e-02 7.479999999999999982e-01 1.019999999999999934e-01 1.253333333333333244e-01
1.000000000000000000e+00 3.360000000000000209e-01 3.226666666666666572e-01 1.039999999999999952e-01 1.920000000000000040e-01
1.000000000000000000e+00 5.380000000000000338e-01 2.720000000000000195e-01 1.280000000000000027e-01 2.026666666666666616e-01
1.000000000000000000e+00 6.840000000000000524e-01 2.119999999999999940e-01 1.039999999999999952e-01 1.253333333333333244e-01
1.000000000000000000e+00 6.530000000000000249e-01 3.466666666666666785e-01 8.999999999999999667e-02 1.280000000000000027e-01
1.000000000000000000e+00 8.409999999999999698e-01 8.400000000000000522e-02 2.179999999999999993e-01 1.626666666666666539e-01
1.000000000000000000e+00 4.510000000000000120e-01 4.733333333333333282e-01 1.019999999999999934e-01 1.199999999999999956e-01
