1.000000000000000000e+00 8.516666666666666829e-01 2.437499999999999944e-01 2.899999999999999800e-01 4.749999999999999778e-01
1.000000000000000000e+00 8.525000000000000355e-01 5.912500000000000533e-01 2.916666666666666852e-01 2.099999999999999922e-01
1.000000000000000000e+00 6.020833333333333037e-01 3.524999999999999800e-01 2.058333333333333404e-01 7.025000000000000133e-01
1.000000000000000000e+00 3.866666666666666585e-01 3.568749999999999978e-01 2.266666666666666552e-01 7.012500000000000400e-01
1.000000000000000000e+00 1.379166666666666596e-01 3.356250000000000067e-01 2.591666666666666563e-01 6.512499999999999956e-01
1.000000000000000000e+00 2.129166666666666707e-01 7.143749999999999822e-01 1.158333333333333298e-01 1.012500000000000067e-01
1.000000000000000000e+00 3.904166666666666896e-01 7.462499999999999689e-01 1.591666666666666785e-01 6.750000000000000444e-02
1.000000000000000000e+00 4.920833333333333171e-01 8.375000000000000222e-01 1.224999999999999978e-01 1.074999999999999983e-01
1.000000000000000000e+00 5.975000000000000311e-01 7.506249999999999867e-01 2.166666666666666741e-01 8.624999999999999334e-02
1.000000000000000000e+00 7.566666666666667096e-01 7.493750000000000133e-01 8.500000000000000611e-02 6.625000000000000333e-02
1.000000000000000000e+00 6.487500000000000488e-01 8.287499999999999867e-01 1.041666666666666713e-01 7.000000000000000666e-02
