1.000000000000000000e+00 3.308333333333333126e-01 5.531249999999999778e-01 1.749999999999999889e-01 1.737499999999999878e-01
1.000000000000000000e+00 5.324999999999999734e-01 6.875000000000000555e-02 2.933333333333333348e-01 1.350000000000000089e-01
1.000000000000000000e+00 3.445833333333333526e-01 3.606249999999999734e-01 1.541666666666666741e-01 2.037499999999999867e-01
1.000000000000000000e+00 6.899999999999999467e-01 2.374999999999999889e-01 2.849999999999999756e-01 1.474999999999999922e-01
1.000000000000000000e+00 9.200000000000000400e-01 1.637500000000000067e-01 1.600000000000000033e-01 1.975000000000000089e-01
1.000000000000000000e+00 6.241666666666666474e-01 4.400000000000000022e-01 1.066666666666666735e-01 2.824999999999999734e-01
1.000000000000000000e+00 4.970833333333333215e-01 4.556250000000000022e-01 1.424999999999999878e-01 3.312499999999999889e-01
1.000000000000000000e+00 7.375000000000000444e-01 4.456249999999999933e-01 1.250000000000000000e-01 2.762499999999999956e-01
1.000000000000000000e+00 9.008333333333333748e-01 4.043749999999999845e-01 1.983333333333333337e-01 2.912500000000000089e-01
1.000000000000000000e+00 8.279166666666666341e-01 5.437499999999999972e-02 3.441666666666666763e-01 1.062499999999999972e-01
1.000000000000000000e+00 4.625000000000000222e-01 2.112499999999999933e-01 1.700000000000000122e-01 1.499999999999999944e-01
