1.000000000000000000e+00 8.277777777777777235e-01 1.889352818371607401e-01 2.305555555555555691e-01 2.317327766179540782e-01
1.000000000000000000e+00 6.208333333333333481e-01 1.158663883089770391e-01 1.611111111111111216e-01 2.025052192066805756e-01
1.000000000000000000e+00 4.243055555555555469e-01 1.116910229645093899e-01 2.208333333333333259e-01 1.774530271398747361e-01
1.000000000000000000e+00 4.131944444444444198e-01 3.006263048016701300e-01 2.625000000000000111e-01 1.670146137787056340e-01
1.000000000000000000e+00 6.291666666666666519e-01 2.974947807933194244e-01 1.694444444444444531e-01 1.482254697286012612e-01
1.000000000000000000e+00 6.243055555555555580e-01 4.885177453027139682e-01 1.013888888888888895e-01 1.503131524008350650e-01
1.000000000000000000e+00 9.027777777777777901e-01 6.148225469728600956e-01 1.944444444444444475e-01 2.108559498956158740e-01
1.000000000000000000e+00 1.694444444444444531e-01 1.283924843423799589e-01 2.555555555555555358e-01 1.941544885177453050e-01
1.000000000000000000e+00 1.444444444444444309e-01 4.039665970772442494e-01 2.750000000000000222e-01 1.732776617954071008e-01
1.000000000000000000e+00 3.020833333333333148e-01 5.532359081419624403e-01 7.916666666666666297e-02 7.933194154488518168e-02
1.000000000000000000e+00 9.423611111111110938e-01 4.363256784968684854e-01 1.152777777777777846e-01 1.419624217118997944e-01
