1.000000000000000000e+00 3.529411764705882582e-01 5.555555555555555802e-01 1.223529411764705949e-01 2.433862433862433727e-01
1.000000000000000000e+00 2.129411764705882448e-01 4.708994708994708733e-01 1.458823529411764630e-01 1.834215167548500780e-01
1.000000000000000000e+00 1.323529411764705899e-01 1.913580246913580141e-01 2.223529411764705865e-01 3.368606701940035086e-01
1.000000000000000000e+00 2.952941176470588180e-01 8.112874779541445758e-02 8.705882352941175795e-02 1.481481481481481399e-01
1.000000000000000000e+00 3.394117647058823573e-01 2.830687830687830808e-01 1.658823529411764808e-01 2.310405643738976944e-01
1.000000000000000000e+00 5.529411764705882693e-01 9.082892416225749055e-02 2.494117647058823606e-01 1.746031746031745935e-01
1.000000000000000000e+00 4.741176470588235325e-01 3.412698412698412787e-01 9.411764705882352811e-02 3.368606701940035086e-01
1.000000000000000000e+00 5.882352941176470784e-01 2.980599647266313768e-01 1.364705882352941213e-01 2.398589065255731789e-01
1.000000000000000000e+00 6.535294117647059142e-01 4.506172839506172867e-01 9.529411764705882082e-02 1.428571428571428492e-01
1.000000000000000000e+00 7.470588235294117752e-01 3.597883597883597684e-01 1.835294117647058854e-01 1.093474426807760080e-01
1.000000000000000000e+00 7.276470588235294246e-01 1.913580246913580141e-01 1.188235294117647028e-01 2.451499118165784696e-01
1.000000000000000000e+00 9.276470588235293802e-01 3.641975308641975384e-01 6.941176470588235337e-02 7.583774250440916687e-02
