1.000000000000000000e+00 5.255271920088789850e-01 6.847619047619047938e-01 4.328523862375138753e-02 8.952380952380951940e-02
1.000000000000000000e+00 5.288568257491675917e-01 5.752380952380952150e-01 8.990011098779134013e-02 1.295238095238095133e-01
1.000000000000000000e+00 5.283018867924528239e-01 4.400000000000000022e-01 1.043285238623751360e-01 1.485714285714285765e-01
1.000000000000000000e+00 5.271920088790232883e-01 3.095238095238095344e-01 1.198668146503884535e-01 1.276190476190476319e-01
1.000000000000000000e+00 5.288568257491675917e-01 1.828571428571428570e-01 1.431742508324084229e-01 1.409523809523809401e-01
1.000000000000000000e+00 5.388457269700333008e-01 7.333333333333333370e-02 1.764705882352941291e-01 1.161904761904761912e-01
1.000000000000000000e+00 6.265260821309656114e-01 6.342857142857142305e-01 1.076581576026637010e-01 1.561904761904761851e-01
1.000000000000000000e+00 6.625971143174250733e-01 4.790476190476190554e-01 1.642619311875693766e-01 1.466666666666666674e-01
1.000000000000000000e+00 6.964483906770255750e-01 3.466666666666666785e-01 1.831298557158712592e-01 1.447619047619047583e-01
1.000000000000000000e+00 7.208657047724750244e-01 2.028571428571428470e-01 2.053274139844617208e-01 1.352380952380952406e-01
1.000000000000000000e+00 8.396226415094339979e-01 7.238095238095237915e-02 2.475027746947835727e-01 1.028571428571428553e-01
