1.000000000000000000e+00 1.266666666666666774e-01 1.088888888888888823e-01 2.333333333333333370e-01 1.688888888888888939e-01
1.000000000000000000e+00 3.875000000000000111e-01 1.155555555555555503e-01 2.766666666666666718e-01 1.733333333333333393e-01
1.000000000000000000e+00 8.112500000000000266e-01 8.999999999999999667e-02 3.341666666666666674e-01 1.466666666666666674e-01
1.000000000000000000e+00 2.183333333333333237e-01 3.316666666666666652e-01 4.199999999999999845e-01 2.655555555555555447e-01
1.000000000000000000e+00 1.024999999999999939e-01 6.416666666666667185e-01 1.866666666666666752e-01 3.366666666666666696e-01
1.000000000000000000e+00 3.504166666666666541e-01 5.966666666666666785e-01 2.891666666666666829e-01 2.555555555555555358e-01
1.000000000000000000e+00 5.404166666666666563e-01 3.372222222222222010e-01 2.174999999999999989e-01 2.766666666666666718e-01
1.000000000000000000e+00 9.183333333333333348e-01 3.338888888888889017e-01 1.516666666666666718e-01 2.322222222222222188e-01
1.000000000000000000e+00 7.904166666666666563e-01 5.544444444444444065e-01 3.891666666666666607e-01 1.822222222222222299e-01
1.000000000000000000e+00 7.574999999999999512e-01 7.600000000000000089e-01 4.433333333333333570e-01 2.222222222222222099e-01
