1.000000000000000000e+00 2.933333333333333348e-01 4.742547425474254869e-02 1.266666666666666774e-01 8.943089430894309022e-02
1.000000000000000000e+00 3.133333333333333526e-01 1.273712737127371264e-01 9.333333333333333759e-02 5.962059620596205783e-02
1.000000000000000000e+00 3.983333333333333171e-01 2.181571815718157115e-01 1.499999999999999944e-01 1.002710027100271045e-01
1.000000000000000000e+00 4.483333333333333059e-01 3.401084010840108585e-01 1.300000000000000044e-01 1.436314363143631478e-01
1.000000000000000000e+00 6.999999999999999556e-01 4.200542005420054154e-02 1.333333333333333315e-01 7.859078590785907592e-02
1.000000000000000000e+00 8.050000000000000488e-01 1.490514905149051550e-01 1.700000000000000122e-01 1.246612466124661228e-01
1.000000000000000000e+00 8.366666666666666696e-01 2.452574525745257472e-01 1.466666666666666674e-01 7.859078590785907592e-02
1.000000000000000000e+00 8.950000000000000178e-01 3.468834688346883466e-01 1.033333333333333326e-01 1.192411924119241157e-01
1.000000000000000000e+00 6.683333333333333348e-01 3.739837398373983546e-01 1.033333333333333326e-01 6.504065040650407192e-02
1.000000000000000000e+00 4.966666666666666452e-01 4.390243902439024404e-01 1.199999999999999956e-01 4.878048780487805047e-02
1.000000000000000000e+00 5.649999999999999467e-01 3.577235772357723609e-01 9.666666666666666463e-02 9.756097560975610095e-02
