1.000000000000000000e+00 7.179166666666666474e-01 2.488888888888888817e-01 5.608333333333332948e-01 4.911111111111111094e-01
1.000000000000000000e+00 7.366666666666666918e-01 9.005555555555555536e-01 4.833333333333333232e-02 8.999999999999999667e-02
1.000000000000000000e+00 2.974999999999999867e-01 4.277777777777777568e-01 2.700000000000000178e-01 3.511111111111110961e-01
1.000000000000000000e+00 1.433333333333333404e-01 7.033333333333333659e-01 4.333333333333333481e-02 7.555555555555555636e-02
1.000000000000000000e+00 9.291666666666666130e-02 7.394444444444444597e-01 4.416666666666666657e-02 9.666666666666666463e-02
1.000000000000000000e+00 2.233333333333333282e-01 6.677777777777778034e-01 5.833333333333333426e-02 1.244444444444444409e-01
1.000000000000000000e+00 6.895833333333333259e-01 8.027777777777778123e-01 1.241666666666666613e-01 1.055555555555555552e-01
1.000000000000000000e+00 1.516666666666666718e-01 6.244444444444444686e-01 5.000000000000000278e-02 8.666666666666666963e-02
1.000000000000000000e+00 1.637500000000000067e-01 5.238888888888888484e-01 1.041666666666666713e-01 1.344444444444444497e-01
1.000000000000000000e+00 9.083333333333333537e-02 6.233333333333332948e-01 5.500000000000000028e-02 1.133333333333333276e-01
