1.000000000000000000e+00 1.491666666666666696e-01 1.509067357512953456e-01 2.816666666666666763e-01 2.681347150259067447e-01
1.000000000000000000e+00 1.566666666666666763e-01 4.248704663212435340e-01 2.916666666666666852e-01 2.746113989637305464e-01
1.000000000000000000e+00 4.625000000000000222e-01 1.515544041450777313e-01 3.366666666666666696e-01 2.590673575129533446e-01
1.000000000000000000e+00 8.137499999999999734e-01 1.664507772020725473e-01 3.641666666666666941e-01 2.862694300518134893e-01
1.000000000000000000e+00 4.695833333333333526e-01 4.248704663212435340e-01 3.275000000000000133e-01 2.590673575129533446e-01
1.000000000000000000e+00 8.129166666666666208e-01 4.572538860103627090e-01 3.591666666666666896e-01 2.875647668393782608e-01
1.000000000000000000e+00 3.337499999999999911e-01 6.405440414507772573e-01 3.341666666666666674e-01 1.696891191709844482e-01
1.000000000000000000e+00 6.108333333333333393e-01 6.347150259067357858e-01 2.049999999999999878e-01 1.398963730569948161e-01
1.000000000000000000e+00 8.366666666666666696e-01 6.509067357512953178e-01 1.216666666666666730e-01 9.974093264248704016e-02
1.000000000000000000e+00 1.208333333333333343e-01 6.230569948186528428e-01 1.100000000000000006e-01 1.321243523316062152e-01
