1.000000000000000000e+00 3.266666666666666607e-01 7.777777777777777901e-02 2.066666666666666652e-01 1.288888888888888862e-01
1.000000000000000000e+00 2.500000000000000000e-01 1.966666666666666563e-01 2.833333333333333259e-01 1.577777777777777668e-01
1.000000000000000000e+00 4.874999999999999889e-01 2.911111111111110983e-01 1.816666666666666707e-01 1.777777777777777846e-01
1.000000000000000000e+00 2.241666666666666530e-01 3.888888888888888951e-01 3.916666666666666630e-01 2.177777777777777646e-01
1.000000000000000000e+00 2.741666666666666696e-01 5.977777777777777413e-01 1.716666666666666619e-01 1.600000000000000033e-01
1.000000000000000000e+00 5.675000000000000044e-01 5.066666666666667096e-01 1.516666666666666718e-01 1.733333333333333393e-01
1.000000000000000000e+00 3.500000000000000333e-02 1.266666666666666774e-01 5.999999999999999778e-02 1.022222222222222282e-01
1.000000000000000000e+00 7.366666666666666918e-01 5.177777777777777812e-01 1.666666666666666574e-01 1.733333333333333393e-01
1.000000000000000000e+00 6.166666666666666963e-01 6.666666666666666297e-01 2.266666666666666552e-01 1.333333333333333315e-01
1.000000000000000000e+00 8.441666666666666208e-01 6.888888888888888840e-01 2.283333333333333326e-01 1.777777777777777846e-01
1.000000000000000000e+00 9.091666666666666785e-01 8.800000000000000044e-01 1.583333333333333259e-01 2.000000000000000111e-01
1.000000000000000000e+00 4.241666666666666918e-01 5.922222222222222054e-01 1.350000000000000089e-01 1.666666666666666574e-01
1.000000000000000000e+00 6.183333333333332904e-01 3.211111111111111249e-01 4.666666666666666879e-02 1.044444444444444509e-01
