1.000000000000000000e+00 3.522267206477732726e-01 1.139817629179331326e-01 1.963562753036437181e-01 2.127659574468085124e-01
1.000000000000000000e+00 3.896761133603238725e-01 2.955927051671732309e-01 7.894736842105262720e-02 1.443768996960486384e-01
1.000000000000000000e+00 5.966599190283400356e-01 6.990881458966564932e-02 2.844129554655870362e-01 1.185410334346504585e-01
1.000000000000000000e+00 7.044534412955465452e-01 1.785714285714285754e-01 6.680161943319838647e-02 9.574468085106382920e-02
1.000000000000000000e+00 7.054655870445344368e-01 2.978723404255319007e-01 6.275303643724695901e-02 1.124620060790273574e-01
1.000000000000000000e+00 6.837044534412956009e-01 5.767477203647416450e-01 1.244939271255060681e-01 2.234042553191489255e-01
1.000000000000000000e+00 8.122469635627530549e-01 5.592705167173251946e-01 7.793522267206477727e-02 4.559270516717325306e-01
1.000000000000000000e+00 8.977732793522267274e-01 5.653495440729483512e-01 8.502024291497975450e-02 2.006079027355623101e-01
1.000000000000000000e+00 3.517206477732793268e-01 5.980243161094225268e-01 1.022267206477732726e-01 3.601823708206686736e-01
1.000000000000000000e+00 5.870445344129554543e-02 5.585106382978722861e-01 1.052631578947368363e-01 2.781155015197568359e-01
1.000000000000000000e+00 1.604251012145749000e-01 7.386018237082067062e-01 1.082995951417003999e-01 1.367781155015197481e-01
