1.000000000000000000e+00 9.150000000000000355e-01 2.357512953367875697e-01 1.616666666666666530e-01 3.497409326424870679e-01
1.000000000000000000e+00 7.183333333333333792e-01 6.489637305699481606e-01 8.833333333333333315e-02 1.269430051813471572e-01
1.000000000000000000e+00 1.641666666666666552e-01 4.397668393782383500e-01 8.333333333333332871e-02 1.826424870466321349e-01
1.000000000000000000e+00 1.041666666666666713e-01 1.088082901554404125e-01 2.000000000000000111e-01 1.865284974093264214e-01
1.000000000000000000e+00 5.124999999999999556e-01 4.022020725388600892e-01 1.499999999999999944e-01 3.121761658031088071e-01
1.000000000000000000e+00 7.104166666666666963e-01 3.316062176165803232e-01 2.141666666666666718e-01 1.917098445595854794e-01
1.000000000000000000e+00 7.458333333333333481e-01 1.839378238341968785e-01 9.333333333333333759e-02 1.036269430051813406e-01
1.000000000000000000e+00 9.433333333333333570e-01 5.550518134715025642e-01 8.333333333333332871e-02 1.126943005181347129e-01
1.000000000000000000e+00 2.483333333333333226e-01 7.072538860103626535e-01 1.416666666666666630e-01 1.839378238341968785e-01
1.000000000000000000e+00 3.633333333333333415e-01 4.533678756476683946e-01 1.100000000000000006e-01 1.787564766839378205e-01
1.000000000000000000e+00 8.416666666666666741e-02 4.909326424870466554e-01 5.166666666666666630e-02 8.808290155440413882e-02
1.000000000000000000e+00 4.970833333333333215e-01 7.506476683937823857e-01 1.191666666666666707e-01 1.126943005181347129e-01
1.000000000000000000e+00 6.429166666666666918e-01 7.636010362694301001e-01 6.916666666666666796e-02 7.642487046632123748e-02
1.000000000000000000e+00 1.437499999999999889e-01 6.217616580310880714e-01 6.416666666666666352e-02 1.373056994818652732e-01
