1.000000000000000000e+00 5.524999999999999911e-01 9.183673469387755584e-02 1.499999999999999944e-01 1.768707482993197300e-01
1.000000000000000000e+00 6.975000000000000089e-01 1.717687074829931937e-01 1.350000000000000089e-01 2.278911564625850372e-01
1.000000000000000000e+00 7.387500000000000178e-01 3.656462585034013779e-01 1.575000000000000011e-01 1.598639455782313035e-01
1.000000000000000000e+00 7.662499999999999867e-01 5.459183673469387710e-01 2.474999999999999978e-01 2.006802721088435382e-01
1.000000000000000000e+00 7.600000000000000089e-01 7.227891156462584732e-01 2.250000000000000056e-01 1.530612244897959218e-01
1.000000000000000000e+00 7.449999999999999956e-01 8.418367346938775420e-01 1.950000000000000067e-01 8.503401360544217413e-02
1.000000000000000000e+00 5.462500000000000133e-01 9.336734693877550839e-01 1.074999999999999983e-01 1.054421768707483054e-01
1.000000000000000000e+00 5.074999999999999512e-01 6.071428571428570953e-01 8.500000000000000611e-02 1.870748299319728025e-01
1.000000000000000000e+00 5.875000000000000222e-01 5.221088435374149350e-01 1.000000000000000056e-01 9.863945578231292366e-02
1.000000000000000000e+00 5.287500000000000533e-01 2.789115646258503167e-01 8.250000000000000389e-02 8.843537414965986498e-02
1.000000000000000000e+00 5.849999999999999645e-01 4.030612244897959218e-01 1.049999999999999961e-01 9.863945578231292366e-02
1.000000000000000000e+00 6.125000000000000444e-01 7.210884353741496833e-01 4.000000000000000083e-02 2.857142857142856984e-01
1.000000000000000000e+00 5.987500000000000044e-01 2.874149659863945439e-01 5.249999999999999806e-02 1.054421768707483054e-01
