1.000000000000000000e+00 5.576559546313799437e-02 5.461783439490446312e-01 1.001890359168241956e-01 7.961783439490445480e-02
1.000000000000000000e+00 1.502835538752362865e-01 3.670382165605095559e-01 1.455576559546313820e-01 1.958598726114649802e-01
1.000000000000000000e+00 1.758034026465028488e-01 5.350318471337579540e-01 1.172022684310018853e-01 1.242038216560509556e-01
1.000000000000000000e+00 2.986767485822306445e-01 4.968152866242038224e-01 1.020793950850661658e-01 1.942675159235668914e-01
1.000000000000000000e+00 4.773156899810964138e-01 5.286624203821655987e-01 1.304347826086956486e-01 1.050955414012738898e-01
1.000000000000000000e+00 5.085066162570888171e-01 3.742038216560509278e-01 1.814744801512287453e-01 1.273885350318471332e-01
1.000000000000000000e+00 5.047258979206049601e-01 2.237261146496815345e-01 2.608695652173912971e-01 1.385350318471337550e-01
1.000000000000000000e+00 9.158790170132324882e-01 1.966560509554140246e-01 1.342155009451795888e-01 1.863057324840764195e-01
1.000000000000000000e+00 9.224952741020794322e-01 5.414012738853503370e-02 1.361058601134215451e-01 8.598726114649681007e-02
1.000000000000000000e+00 9.045368620037806950e-01 5.995222929936305789e-01 1.644612476370510279e-01 9.394904458598726804e-02
