1.000000000000000000e+00 5.866666666666666696e-01 5.518750000000000044e-01 5.500000000000000028e-02 8.624999999999999334e-02
1.000000000000000000e+00 5.554166666666666696e-01 6.524999999999999689e-01 3.416666666666666463e-02 5.000000000000000278e-02
1.000000000000000000e+00 2.666666666666666838e-02 5.481249999999999734e-01 4.833333333333333232e-02 7.624999999999999833e-02
1.000000000000000000e+00 1.541666666666666741e-01 6.043749999999999956e-01 4.333333333333333481e-02 3.624999999999999750e-02
1.000000000000000000e+00 4.054166666666666474e-01 4.550000000000000155e-01 4.750000000000000056e-02 5.249999999999999806e-02
1.000000000000000000e+00 8.654166666666666119e-01 4.924999999999999933e-01 3.250000000000000111e-02 5.750000000000000250e-02
1.000000000000000000e+00 6.912500000000000311e-01 4.106250000000000178e-01 3.749999999999999861e-02 3.624999999999999750e-02
1.000000000000000000e+00 8.525000000000000355e-01 2.112499999999999933e-01 4.833333333333333232e-02 6.250000000000000000e-02
1.000000000000000000e+00 7.874999999999999778e-01 1.281249999999999889e-01 6.166666666666666824e-02 8.375000000000000500e-02
1.000000000000000000e+00 8.537500000000000089e-01 3.500000000000000333e-02 3.749999999999999861e-02 5.999999999999999778e-02
1.000000000000000000e+00 6.079166666666666607e-01 1.406250000000000000e-01 4.250000000000000305e-02 7.124999999999999389e-02
1.000000000000000000e+00 3.250000000000000111e-01 4.125000000000000194e-02 7.000000000000000666e-02 5.999999999999999778e-02
