1.000000000000000000e+00 4.400000000000000022e-01 4.046283309957924290e-01 2.231578947368421106e-01 2.398316970546984506e-01
1.000000000000000000e+00 3.263157894736842257e-01 2.826086956521738913e-01 3.031578947368421262e-01 1.893408134642356189e-01
1.000000000000000000e+00 2.984210526315789203e-01 1.044880785413744712e-01 1.147368421052631510e-01 1.444600280504908796e-01
1.000000000000000000e+00 4.131578947368421129e-01 1.346423562412342179e-01 8.105263157894736226e-02 8.695652173913043237e-02
1.000000000000000000e+00 1.473684210526315652e-01 7.503506311360448600e-02 1.726315789473684137e-01 1.107994389901823251e-01
1.000000000000000000e+00 5.957894736842105354e-01 5.385694249649368714e-01 6.736842105263157743e-02 2.328190743338008351e-01
1.000000000000000000e+00 3.994736842105263142e-01 5.820476858345020599e-01 7.052631578947368696e-02 9.256661991584852478e-02
1.000000000000000000e+00 4.884210526315789225e-01 5.953716690042075710e-01 7.789473684210526661e-02 1.192145862552594637e-01
1.000000000000000000e+00 6.800000000000000488e-01 6.213183730715287068e-01 8.000000000000000167e-02 1.458625525946704027e-01
1.000000000000000000e+00 7.484210526315789869e-01 7.601683029453015772e-01 6.315789473684210731e-02 4.488078541374473929e-02
