1.000000000000000000e+00 2.700000000000000178e-01 7.116666666666666696e-01 1.199999999999999956e-01 1.433333333333333404e-01
1.000000000000000000e+00 2.681250000000000022e-01 5.708333333333333037e-01 1.412499999999999867e-01 1.449999999999999900e-01
1.000000000000000000e+00 3.737500000000000266e-01 7.391666666666666385e-01 6.750000000000000444e-02 1.416666666666666630e-01
1.000000000000000000e+00 4.593749999999999778e-01 7.416666666666666963e-01 8.624999999999999334e-02 1.433333333333333404e-01
1.000000000000000000e+00 4.343750000000000111e-01 5.875000000000000222e-01 1.037499999999999950e-01 1.683333333333333348e-01
1.000000000000000000e+00 2.675000000000000155e-01 4.091666666666666785e-01 1.375000000000000111e-01 1.716666666666666619e-01
1.000000000000000000e+00 1.681249999999999967e-01 1.600000000000000033e-01 3.337499999999999911e-01 3.166666666666666519e-01
1.000000000000000000e+00 4.156250000000000222e-01 2.374999999999999889e-01 1.337500000000000078e-01 2.383333333333333415e-01
1.000000000000000000e+00 4.706250000000000155e-01 7.416666666666667240e-02 2.112499999999999933e-01 1.216666666666666730e-01
1.000000000000000000e+00 9.124999999999999778e-01 9.666666666666666463e-02 1.675000000000000100e-01 1.900000000000000022e-01
1.000000000000000000e+00 5.581249999999999822e-01 3.766666666666666496e-01 1.262500000000000011e-01 2.666666666666666630e-01
1.000000000000000000e+00 7.837499999999999467e-01 4.316666666666666430e-01 2.349999999999999867e-01 1.733333333333333393e-01
1.000000000000000000e+00 6.668749999999999956e-01 2.091666666666666674e-01 1.187499999999999944e-01 2.016666666666666607e-01
1.000000000000000000e+00 6.362499999999999822e-01 7.133333333333333748e-01 1.100000000000000006e-01 8.666666666666666963e-02
1.000000000000000000e+00 7.343750000000000000e-01 6.708333333333332815e-01 5.124999999999999695e-02 1.616666666666666530e-01
