1.000000000000000000e+00 2.074999999999999900e-01 4.605263157894736725e-01 7.000000000000000666e-02 1.992481203007518686e-01
1.000000000000000000e+00 1.875000000000000000e-01 7.725563909774436633e-01 1.300000000000000044e-01 1.315789473684210453e-01
1.000000000000000000e+00 6.987499999999999822e-01 7.894736842105262720e-02 1.174999999999999933e-01 1.503759398496240518e-01
1.000000000000000000e+00 7.512499999999999734e-01 2.368421052631578816e-01 1.174999999999999933e-01 1.578947368421052544e-01
1.000000000000000000e+00 5.250000000000000222e-01 2.518796992481203145e-01 8.999999999999999667e-02 1.127819548872180389e-01
1.000000000000000000e+00 5.174999999999999600e-01 5.488721804511278446e-01 8.999999999999999667e-02 9.774436090225563367e-02
1.000000000000000000e+00 5.237500000000000488e-01 7.180451127819549306e-01 8.250000000000000389e-02 1.127819548872180389e-01
1.000000000000000000e+00 5.949999999999999734e-01 6.954887218045112673e-01 5.000000000000000278e-02 9.022556390977443108e-02
1.000000000000000000e+00 2.612499999999999822e-01 1.466165413533834505e-01 7.749999999999999944e-02 2.481203007518796855e-01
1.000000000000000000e+00 3.587500000000000133e-01 1.052631578947368363e-01 1.275000000000000022e-01 1.278195488721804440e-01
1.000000000000000000e+00 2.262500000000000067e-01 6.334586466165413876e-01 7.749999999999999944e-02 1.541353383458646531e-01
