1.000000000000000000e+00 5.097879282218596986e-01 4.437377690802348229e-01 1.615008156606851653e-01 8.121330724070449647e-02
1.000000000000000000e+00 5.195758564437193971e-01 3.635029354207436336e-01 2.006525285481239873e-01 8.904109589041095396e-02
1.000000000000000000e+00 5.228384991843393337e-01 2.842465753424657793e-01 2.332789559543229918e-01 6.947162426614481023e-02
1.000000000000000000e+00 5.008156606851549286e-01 2.133072407045009666e-01 3.230016313213703305e-01 6.653620352250488867e-02
1.000000000000000000e+00 4.853181076672104521e-01 1.379647749510763133e-01 3.539967373572593945e-01 7.632093933463796054e-02
1.000000000000000000e+00 4.225122349102773400e-01 5.332681017612524166e-02 3.393148450244698466e-01 9.686888454011741145e-02
1.000000000000000000e+00 6.655791190864600582e-01 5.577299412915850962e-02 2.381729200652528411e-01 1.017612524461839474e-01
1.000000000000000000e+00 7.030995106035888842e-01 1.580234833659491245e-01 1.533442088091354072e-01 1.223091976516633983e-01
1.000000000000000000e+00 7.789559543230015759e-01 2.646771037181996356e-01 2.854812398042414490e-01 1.007827788649706402e-01
1.000000000000000000e+00 6.900489396411092491e-01 3.502935420743639727e-01 1.500815660685154984e-01 7.827788649706457491e-02
1.000000000000000000e+00 6.851549755301794553e-01 4.227005870841487045e-01 1.598694942903751970e-01 6.849315068493150305e-02
1.000000000000000000e+00 8.295269168026101481e-01 3.938356164383561842e-01 1.223491027732463293e-01 7.338551859099803898e-02
