1.000000000000000000e+00 1.890000000000000013e-01 4.322289156626505924e-01 1.459999999999999909e-01 2.319277108433734913e-01
1.000000000000000000e+00 2.439999999999999947e-01 6.310240963855421326e-01 8.400000000000000522e-02 1.897590361445783136e-01
1.000000000000000000e+00 2.829999999999999738e-01 7.605421686746988152e-01 6.199999999999999956e-02 8.132530120481927527e-02
1.000000000000000000e+00 2.939999999999999836e-01 8.448795180722891152e-01 5.199999999999999761e-02 8.132530120481927527e-02
1.000000000000000000e+00 3.109999999999999987e-01 9.141566265060241392e-01 4.200000000000000261e-02 8.734939759036144946e-02
1.000000000000000000e+00 3.140000000000000013e-01 9.849397590361446131e-01 2.000000000000000042e-02 3.012048192771084321e-02
1.000000000000000000e+00 4.219999999999999862e-01 3.373493975903614217e-01 1.759999999999999898e-01 1.204819277108433728e-01
1.000000000000000000e+00 4.630000000000000226e-01 4.834337349397590522e-01 1.059999999999999970e-01 1.716867469879518049e-01
1.000000000000000000e+00 4.450000000000000067e-01 6.280120481927711218e-01 7.799999999999999989e-02 1.174698795180722927e-01
1.000000000000000000e+00 4.359999999999999987e-01 7.409638554216867457e-01 5.600000000000000117e-02 9.638554216867470381e-02
1.000000000000000000e+00 4.420000000000000040e-01 8.087349397590360978e-01 4.399999999999999745e-02 4.518072289156626481e-02
1.000000000000000000e+00 4.390000000000000013e-01 8.659638554216867457e-01 3.400000000000000244e-02 5.722891566265059932e-02
1.000000000000000000e+00 4.390000000000000013e-01 9.262048192771084043e-01 2.599999999999999881e-02 6.325301204819276657e-02
1.000000000000000000e+00 4.390000000000000013e-01 9.849397590361446131e-01 1.799999999999999864e-02 3.012048192771084321e-02
1.000000000000000000e+00 8.169999999999999485e-01 7.048192771084337283e-01 9.400000000000000022e-02 2.349397590361445853e-01
1.000000000000000000e+00 7.620000000000000107e-01 4.081325301204819511e-01 2.560000000000000053e-01 1.475903614457831359e-01
1.000000000000000000e+00 7.790000000000000258e-01 5.316265060240963347e-01 2.099999999999999922e-01 9.939759036144578397e-02
1.000000000000000000e+00 5.749999999999999556e-01 4.081325301204819511e-01 5.800000000000000294e-02 1.295180722891566272e-01
1.000000000000000000e+00 6.999999999999999556e-01 2.831325301204819511e-01 3.400000000000000244e-01 1.024096385542168641e-01
