1.000000000000000000e+00 1.808333333333333459e-01 6.215596330275229286e-01 1.000000000000000056e-01 1.559633027522935866e-01
1.000000000000000000e+00 2.645833333333333370e-01 5.573394495412844485e-01 5.249999999999999806e-02 2.889908256880733828e-01
1.000000000000000000e+00 3.179166666666666807e-01 5.240825688073394995e-01 5.249999999999999806e-02 3.325688073394495459e-01
1.000000000000000000e+00 3.787499999999999756e-01 5.183486238532110102e-01 5.916666666666666602e-02 3.715596330275229286e-01
1.000000000000000000e+00 4.387499999999999734e-01 5.538990825688073771e-01 4.916666666666666408e-02 2.866972477064220204e-01
1.000000000000000000e+00 5.037500000000000311e-01 5.905963302752293975e-01 6.416666666666666352e-02 2.408256880733944949e-01
1.000000000000000000e+00 5.729166666666666297e-01 6.077981651376146432e-01 5.249999999999999806e-02 2.477064220183486376e-01
1.000000000000000000e+00 6.391666666666666607e-01 5.711009174311926229e-01 6.500000000000000222e-02 3.027522935779816682e-01
1.000000000000000000e+00 7.158333333333333215e-01 5.217889908256880815e-01 6.500000000000000222e-02 3.967889908256880815e-01
1.000000000000000000e+00 7.862500000000000044e-01 5.137614678899082854e-01 6.416666666666666352e-02 3.853211009174312141e-01
1.000000000000000000e+00 8.508333333333333304e-01 5.080275229357797961e-01 6.500000000000000222e-02 3.555045871559632809e-01
1.000000000000000000e+00 9.204166666666666607e-01 5.252293577981651529e-01 5.416666666666666852e-02 3.348623853211009083e-01
1.000000000000000000e+00 9.737500000000000044e-01 5.206422018348624281e-01 4.416666666666666657e-02 3.577981651376146988e-01
