1.000000000000000000e+00 3.331250000000000044e-01 6.156015037593984829e-01 5.374999999999999917e-02 6.954887218045112396e-02
1.000000000000000000e+00 8.887500000000000400e-01 1.588345864661654117e-01 2.225000000000000033e-01 3.101503759398496207e-01
1.000000000000000000e+00 8.924999999999999600e-01 4.013157894736842368e-01 2.149999999999999967e-01 1.710526315789473728e-01
1.000000000000000000e+00 7.506249999999999867e-01 2.819548872180451249e-01 5.124999999999999695e-02 4.586466165413533580e-01
1.000000000000000000e+00 6.687499999999999556e-01 1.466165413533834505e-01 1.150000000000000050e-01 1.165413533834586401e-01
1.000000000000000000e+00 5.975000000000000311e-01 2.659774436090225347e-01 2.650000000000000133e-01 1.146616541353383395e-01
1.000000000000000000e+00 5.706250000000000488e-01 4.078947368421052544e-01 3.062500000000000222e-01 1.654135338345864570e-01
1.000000000000000000e+00 6.518749999999999822e-01 5.422932330827067160e-01 1.462499999999999911e-01 1.033834586466165356e-01
1.000000000000000000e+00 3.900000000000000133e-01 5.610902255639097502e-01 4.750000000000000056e-02 1.860902255639097780e-01
1.000000000000000000e+00 4.968750000000000111e-01 5.714285714285713969e-01 1.587500000000000022e-01 1.541353383458646531e-01
