1.000000000000000000e+00 1.368749999999999967e-01 1.268796992481203145e-01 2.587499999999999800e-01 2.236842105263157909e-01
1.000000000000000000e+00 3.931250000000000022e-01 1.240601503759398427e-01 2.587499999999999800e-01 2.030075187969924699e-01
1.000000000000000000e+00 1.818750000000000089e-01 3.843984962406015171e-01 2.062499999999999889e-01 2.800751879699248104e-01
1.000000000000000000e+00 3.981250000000000067e-01 3.712406015037593709e-01 2.837500000000000022e-01 3.139097744360902498e-01
1.000000000000000000e+00 4.087500000000000022e-01 6.156015037593984829e-01 2.550000000000000044e-01 1.748120300751879741e-01
1.000000000000000000e+00 4.156250000000000222e-01 7.969924812030074746e-01 2.662499999999999867e-01 1.954887218045112673e-01
1.000000000000000000e+00 5.925000000000000266e-01 7.387218045112782239e-01 9.249999999999999889e-02 1.015037593984962350e-01
1.000000000000000000e+00 6.650000000000000355e-01 1.296992481203007586e-01 2.500000000000000000e-01 2.330827067669172803e-01
1.000000000000000000e+00 9.006250000000000089e-01 1.503759398496240518e-01 1.887500000000000011e-01 2.781954887218044958e-01
1.000000000000000000e+00 9.187499999999999556e-01 4.755639097744360777e-01 1.325000000000000067e-01 3.984962406015037373e-01
1.000000000000000000e+00 7.668749999999999734e-01 3.308270676691729140e-01 9.875000000000000444e-02 1.466165413533834505e-01
1.000000000000000000e+00 6.687499999999999556e-01 4.323308270676691767e-01 1.049999999999999961e-01 1.203007518796992414e-01
1.000000000000000000e+00 7.343750000000000000e-01 6.644736842105263275e-01 1.212499999999999967e-01 1.635338345864661702e-01
1.000000000000000000e+00 5.762500000000000400e-01 4.718045112781955042e-01 5.500000000000000028e-02 2.669172932330827197e-01
1.000000000000000000e+00 8.024999999999999911e-01 8.026315789473684736e-01 5.000000000000000278e-02 1.015037593984962350e-01
