1.000000000000000000e+00 6.356249999999999956e-01 7.970588235294118196e-01 2.812500000000000000e-01 1.705882352941176516e-01
1.000000000000000000e+00 8.950000000000000178e-01 7.519607843137254832e-01 2.049999999999999878e-01 2.058823529411764608e-01
1.000000000000000000e+00 6.293750000000000178e-01 5.794117647058824039e-01 3.012500000000000178e-01 2.450980392156862642e-01
1.000000000000000000e+00 8.587500000000000133e-01 4.401960784313725394e-01 1.449999999999999900e-01 4.098039215686274384e-01
1.000000000000000000e+00 9.637499999999999956e-01 2.088235294117647134e-01 6.750000000000000444e-02 4.058823529411764719e-01
1.000000000000000000e+00 8.281250000000000000e-01 1.196078431372549072e-01 1.962500000000000078e-01 2.156862745098039325e-01
1.000000000000000000e+00 1.493750000000000078e-01 7.852941176470588092e-01 1.237499999999999989e-01 1.235294117647058876e-01
1.000000000000000000e+00 2.368750000000000022e-01 6.519607843137255054e-01 2.112499999999999933e-01 1.431372549019607754e-01
1.000000000000000000e+00 3.275000000000000133e-01 7.568627450980391913e-01 2.275000000000000078e-01 6.274509803921568540e-02
1.000000000000000000e+00 4.712500000000000022e-01 7.401960784313725839e-01 4.750000000000000056e-02 8.039215686274510386e-02
1.000000000000000000e+00 4.106250000000000178e-01 6.186274509803921795e-01 1.237499999999999989e-01 1.745098039215686181e-01
1.000000000000000000e+00 2.237500000000000044e-01 4.529411764705882359e-01 2.374999999999999889e-01 2.470588235294117752e-01
1.000000000000000000e+00 4.087500000000000022e-01 4.029411764705882470e-01 1.275000000000000022e-01 2.529411764705882248e-01
1.000000000000000000e+00 6.281250000000000444e-01 3.137254901960784270e-01 3.012500000000000178e-01 2.784313725490196179e-01
1.000000000000000000e+00 2.049999999999999878e-01 2.313725490196078538e-01 2.650000000000000133e-01 1.803921568627450955e-01
1.000000000000000000e+00 4.062500000000000000e-01 1.421568627450980338e-01 1.375000000000000111e-01 2.607843137254902133e-01
1.000000000000000000e+00 6.081250000000000266e-01 9.117647058823528938e-02 2.587499999999999800e-01 1.666666666666666574e-01
1.000000000000000000e+00 1.668749999999999956e-01 7.647058823529412352e-02 3.287499999999999867e-01 1.294117647058823650e-01
