1.000000000000000000e+00 3.350000000000000200e-01 6.612500000000000044e-01 1.266666666666666774e-01 7.749999999999999944e-02
1.000000000000000000e+00 4.050000000000000266e-01 6.075000000000000400e-01 1.366666666666666585e-01 1.199999999999999956e-01
1.000000000000000000e+00 5.087500000000000355e-01 4.831250000000000266e-01 9.916666666666666685e-02 2.012500000000000122e-01
1.000000000000000000e+00 5.716666666666666563e-01 6.368749999999999689e-01 1.916666666666666796e-01 1.162500000000000061e-01
1.000000000000000000e+00 6.154166666666666119e-01 5.100000000000000089e-01 1.174999999999999933e-01 1.900000000000000022e-01
1.000000000000000000e+00 7.291666666666666297e-01 5.881250000000000089e-01 1.166666666666666685e-01 2.537499999999999756e-01
1.000000000000000000e+00 7.916666666666666297e-01 1.856250000000000122e-01 1.516666666666666718e-01 2.687499999999999889e-01
1.000000000000000000e+00 8.695833333333333748e-01 4.018749999999999822e-01 1.908333333333333270e-01 1.537499999999999978e-01
1.000000000000000000e+00 9.295833333333333171e-01 1.687500000000000111e-01 1.174999999999999933e-01 2.700000000000000178e-01
1.000000000000000000e+00 9.375000000000000000e-01 5.999999999999999778e-01 8.666666666666666963e-02 2.174999999999999989e-01
1.000000000000000000e+00 8.416666666666666741e-01 6.574999999999999734e-01 1.083333333333333370e-01 6.250000000000000000e-02
