1.000000000000000000e+00 8.181818181818181768e-02 2.056074766355140138e-01 1.563636363636363713e-01 3.925233644859812965e-01
1.000000000000000000e+00 7.909090909090908672e-02 5.903426791277258667e-01 1.545454545454545414e-01 3.707165109034267769e-01
1.000000000000000000e+00 2.454545454545454530e-01 2.258566978193146391e-01 1.636363636363636354e-01 4.267912772585669701e-01
1.000000000000000000e+00 2.500000000000000000e-01 5.872274143302180782e-01 1.799999999999999933e-01 2.710280373831775447e-01
1.000000000000000000e+00 4.227272727272727293e-01 2.196261682242990620e-01 1.763636363636363613e-01 4.267912772585669701e-01
1.000000000000000000e+00 4.427272727272727471e-01 5.996884735202492323e-01 1.945454545454545492e-01 3.333333333333333148e-01
1.000000000000000000e+00 6.063636363636363269e-01 2.196261682242990620e-01 1.945454545454545492e-01 4.080996884735202390e-01
1.000000000000000000e+00 7.845454545454545459e-01 2.196261682242990620e-01 1.509090909090909094e-01 4.205607476635513930e-01
1.000000000000000000e+00 9.318181818181817677e-01 2.305295950155763218e-01 1.290909090909090895e-01 4.423676012461059126e-01
1.000000000000000000e+00 6.036363636363636376e-01 6.323987538940809561e-01 1.199999999999999956e-01 3.862928348909657195e-01
1.000000000000000000e+00 7.918181818181818654e-01 5.747663551401869242e-01 1.327272727272727215e-01 2.772585669781931217e-01
1.000000000000000000e+00 9.336363636363635976e-01 6.401869158878504829e-01 1.218181818181818116e-01 3.333333333333333148e-01
1.000000000000000000e+00 9.236363636363635887e-01 8.956386292834891405e-01 1.345454545454545514e-01 1.588785046728971861e-01
