1.000000000000000000e+00 4.701618975903614217e-01 5.376506024096385783e-01 1.713102409638554355e-02 2.510040160642570267e-02
1.000000000000000000e+00 4.866340361445782858e-01 5.182396251673360155e-01 1.807228915662650523e-02 3.848728246318607743e-02
1.000000000000000000e+00 5.023531626506023695e-01 5.107095046854083220e-01 1.411897590361445819e-02 3.748326639892905071e-02
1.000000000000000000e+00 5.211784638554216587e-01 4.981593038821954256e-01 2.503765060240963763e-02 4.116465863453815099e-02
1.000000000000000000e+00 5.406626506024095891e-01 4.718875502008031964e-01 3.501506024096385367e-02 4.216867469879517771e-02
1.000000000000000000e+00 5.644766566265060348e-01 4.949799196787148525e-01 4.800451807228915679e-02 3.547523427041499033e-02
1.000000000000000000e+00 5.910203313253011848e-01 4.553212851405622486e-01 5.252259036144578397e-02 3.580990629183400387e-02
1.000000000000000000e+00 6.258471385542169196e-01 4.974899598393574540e-01 5.591114457831325435e-02 4.317269076305221137e-02
1.000000000000000000e+00 6.482492469879518326e-01 4.551539491298527418e-01 4.988704819277108710e-02 3.279785809906291677e-02
1.000000000000000000e+00 6.753576807228915957e-01 5.115461847389558558e-01 4.800451807228915679e-02 8.734939759036144946e-02
