1.000000000000000000e+00 6.999999999999999556e-01 8.224592220828105260e-01 4.166666666666666435e-02 1.091593475533249730e-01
1.000000000000000000e+00 7.495833333333333792e-01 7.728983688833124255e-01 6.750000000000000444e-02 1.380175658720200760e-01
1.000000000000000000e+00 8.166666666666666519e-01 7.107904642409034190e-01 7.499999999999999722e-02 1.643663739021329895e-01
1.000000000000000000e+00 8.795833333333333837e-01 6.806775407779172005e-01 7.083333333333333148e-02 2.396486825595985082e-01
1.000000000000000000e+00 9.549999999999999600e-01 6.242158092848180129e-01 8.666666666666666963e-02 2.471769134253450351e-01
1.000000000000000000e+00 2.275000000000000078e-01 4.171894604767879544e-01 9.166666666666666019e-02 1.568381430363864626e-01
1.000000000000000000e+00 3.154166666666666785e-01 3.820577164366373846e-01 8.916666666666667185e-02 2.271016311166875745e-01
1.000000000000000000e+00 4.025000000000000244e-01 3.525721455457967446e-01 8.666666666666666963e-02 2.258469259723965006e-01
1.000000000000000000e+00 4.858333333333333393e-01 3.086574654956085184e-01 1.000000000000000056e-01 2.484316185696361368e-01
1.000000000000000000e+00 5.925000000000000266e-01 2.697616060225846990e-01 1.066666666666666735e-01 2.710163111668758007e-01
1.000000000000000000e+00 7.041666666666667185e-01 2.258469259723965006e-01 1.150000000000000050e-01 3.262233375156838311e-01
1.000000000000000000e+00 8.141666666666667052e-01 2.352572145545796800e-01 1.033333333333333326e-01 2.998745294855709176e-01
1.000000000000000000e+00 9.362500000000000266e-01 2.057716436637390123e-01 1.241666666666666613e-01 3.462986198243412916e-01
