1.000000000000000000e+00 3.520833333333333592e-01 6.722338204592901434e-01 1.125000000000000028e-01 3.256784968684759973e-01
1.000000000000000000e+00 1.472222222222222265e-01 7.505219206680584509e-01 8.888888888888889228e-02 2.901878914405010557e-01
1.000000000000000000e+00 2.090277777777777846e-01 5.041753653444676075e-01 1.347222222222222154e-01 1.941544885177453050e-01
1.000000000000000000e+00 2.291666666666666574e-01 3.329853862212943660e-01 1.388888888888888951e-01 1.315240083507306923e-01
1.000000000000000000e+00 3.680555555555555802e-01 3.820459290187891432e-01 1.555555555555555580e-01 2.588726513569937215e-01
1.000000000000000000e+00 6.743055555555556024e-01 7.881002087682672519e-01 9.583333333333333981e-02 3.277661795407098011e-01
1.000000000000000000e+00 7.743055555555555802e-01 7.286012526096032893e-01 1.069444444444444392e-01 1.962421711899791366e-01
1.000000000000000000e+00 6.854166666666666741e-01 5.260960334029227692e-01 1.625000000000000056e-01 1.670146137787056340e-01
1.000000000000000000e+00 6.020833333333333037e-01 3.361169102296450717e-01 2.319444444444444531e-01 2.045929018789144072e-01
1.000000000000000000e+00 8.340277777777778123e-01 1.910229645093945716e-01 2.847222222222222099e-01 2.192066805845511446e-01
1.000000000000000000e+00 9.284722222222222543e-01 4.989561586638830981e-01 1.375000000000000111e-01 3.757828810020876764e-01
1.000000000000000000e+00 5.659722222222222099e-01 1.210855949895615902e-01 2.625000000000000111e-01 2.129436325678496778e-01
1.000000000000000000e+00 3.041666666666666408e-01 1.325678496868475942e-01 2.888888888888888618e-01 2.442588726513569841e-01
