1.000000000000000000e+00 1.325000000000000067e-01 1.072772898368883343e-01 2.416666666666666685e-01 1.844416562107904778e-01
1.000000000000000000e+00 3.629166666666666652e-01 1.135508155583437873e-01 2.225000000000000033e-01 1.769134253450439231e-01
1.000000000000000000e+00 6.091666666666666341e-01 1.091593475533249730e-01 2.616666666666666585e-01 1.882057716436637274e-01
1.000000000000000000e+00 8.558333333333333348e-01 1.355081555834379003e-01 2.233333333333333282e-01 2.484316185696361368e-01
1.000000000000000000e+00 1.466666666666666674e-01 3.318695106649937054e-01 2.666666666666666630e-01 2.622333751568381444e-01
1.000000000000000000e+00 3.891666666666666607e-01 3.356336260978670105e-01 2.200000000000000011e-01 2.597239648682559410e-01
1.000000000000000000e+00 6.191666666666666430e-01 3.387703889585947370e-01 2.416666666666666685e-01 2.634880803011292461e-01
1.000000000000000000e+00 8.541666666666666297e-01 3.713927227101631035e-01 2.216666666666666785e-01 2.258469259723965006e-01
1.000000000000000000e+00 8.499999999999999778e-01 5.815558343789209994e-01 2.766666666666666718e-01 2.095357590966122896e-01
1.000000000000000000e+00 5.804166666666666918e-01 5.752823086574655465e-01 2.525000000000000022e-01 2.095357590966122896e-01
1.000000000000000000e+00 3.166666666666666519e-01 5.765370138017565926e-01 2.666666666666666630e-01 2.245922208281053989e-01
1.000000000000000000e+00 9.541666666666666352e-02 5.991217063989962011e-01 1.575000000000000011e-01 2.371392722710163048e-01
1.000000000000000000e+00 3.079166666666666718e-01 7.584692597239648393e-01 2.141666666666666718e-01 1.242158092848180684e-01
1.000000000000000000e+00 1.258333333333333248e-01 7.710163111668757452e-01 1.483333333333333448e-01 9.661229611041405319e-02
1.000000000000000000e+00 5.466666666666666341e-01 7.484316185696361368e-01 2.266666666666666552e-01 1.392722710163111777e-01
