1.000000000000000000e+00 1.954166666666666552e-01 6.338888888888888351e-01 1.224999999999999978e-01 1.188888888888888912e-01
1.000000000000000000e+00 2.770833333333333481e-01 5.322222222222222632e-01 1.975000000000000089e-01 6.888888888888888840e-02
1.000000000000000000e+00 3.095833333333333215e-01 4.516666666666666607e-01 1.441666666666666652e-01 1.033333333333333326e-01
1.000000000000000000e+00 3.275000000000000133e-01 6.327777777777777724e-01 1.166666666666666685e-01 1.211111111111111138e-01
1.000000000000000000e+00 4.450000000000000067e-01 5.616666666666666474e-01 1.216666666666666730e-01 2.766666666666666718e-01
1.000000000000000000e+00 6.333333333333333037e-01 5.261111111111110850e-01 2.800000000000000266e-01 3.677777777777777590e-01
1.000000000000000000e+00 8.679166666666666696e-01 2.727777777777777857e-01 2.474999999999999978e-01 1.433333333333333404e-01
1.000000000000000000e+00 8.770833333333333259e-01 5.205555555555555491e-01 2.108333333333333448e-01 3.411111111111110872e-01
1.000000000000000000e+00 4.220833333333333104e-01 8.016666666666666385e-01 4.108333333333333282e-01 1.855555555555555569e-01
1.000000000000000000e+00 4.370833333333333237e-01 9.427777777777778256e-01 3.091666666666666452e-01 1.033333333333333326e-01
1.000000000000000000e+00 7.587500000000000355e-01 8.533333333333333881e-01 2.541666666666666519e-01 2.733333333333333171e-01
