1.000000000000000000e+00 4.327272727272727382e-01 7.653721682847896002e-01 2.072727272727272751e-01 1.650485436893203983e-01
1.000000000000000000e+00 5.736363636363636109e-01 5.711974110032362884e-01 1.327272727272727215e-01 1.391585760517799475e-01
1.000000000000000000e+00 6.700000000000000400e-01 5.016181229773463146e-01 6.363636363636362980e-02 2.977346278317152262e-01
1.000000000000000000e+00 7.645454545454545281e-01 3.446601941747572950e-01 1.145454545454545475e-01 2.944983818770226525e-01
1.000000000000000000e+00 8.590909090909091272e-01 1.148867313915857558e-01 2.163636363636363691e-01 1.779935275080906099e-01
1.000000000000000000e+00 8.900000000000000133e-01 3.381877022653721476e-01 1.000000000000000056e-01 2.038834951456310607e-01
1.000000000000000000e+00 3.581818181818181568e-01 2.216828478964401328e-01 1.163636363636363635e-01 2.038834951456310607e-01
1.000000000000000000e+00 4.772727272727272929e-01 3.122977346278317246e-01 1.036363636363636376e-01 1.909385113268608491e-01
1.000000000000000000e+00 2.800000000000000266e-01 3.770226537216828655e-01 9.818181818181817566e-02 2.297734627831715115e-01
1.000000000000000000e+00 3.727272727272727404e-01 3.996763754045307704e-01 6.545454545454545969e-02 1.132686084142394828e-01
