1.000000000000000000e+00 9.200000000000000400e-01 5.590101522842639836e-01 4.666666666666666879e-02 3.934010152284263956e-02
1.000000000000000000e+00 8.766666666666667052e-01 5.279187817258883531e-01 7.166666666666667018e-02 4.314720812182740867e-02
1.000000000000000000e+00 8.112500000000000266e-01 4.917512690355330118e-01 9.249999999999999889e-02 6.218274111675126808e-02
1.000000000000000000e+00 7.195833333333333526e-01 4.993654822335025223e-01 9.249999999999999889e-02 1.611675126903553412e-01
1.000000000000000000e+00 6.266666666666667052e-01 4.898477157360406342e-01 7.000000000000000666e-02 1.142131979695431426e-01
1.000000000000000000e+00 5.666666666666666519e-01 4.416243654822334941e-01 7.833333333333333814e-02 1.091370558375634459e-01
1.000000000000000000e+00 4.458333333333333592e-01 3.813451776649746106e-01 1.783333333333333437e-01 1.560913705583756306e-01
1.000000000000000000e+00 3.066666666666666430e-01 3.153553299492385942e-01 1.366666666666666585e-01 1.510152284263959477e-01
1.000000000000000000e+00 2.112499999999999933e-01 2.360406091370558512e-01 2.124999999999999944e-01 1.243654822335025362e-01
1.000000000000000000e+00 2.645833333333333370e-01 1.326142131979695382e-01 7.249999999999999500e-02 6.725888324873095792e-02
1.000000000000000000e+00 2.174999999999999989e-01 7.176395939086294140e-01 1.199999999999999956e-01 1.713197969543147070e-01
1.000000000000000000e+00 3.225000000000000089e-01 7.868020304568528189e-01 8.166666666666666519e-02 5.583756345177665059e-02
1.000000000000000000e+00 8.837500000000000355e-01 7.328680203045685460e-01 9.249999999999999889e-02 8.502538071065990355e-02
