1.000000000000000000e+00 3.065843621399176877e-01 1.476923076923077061e-01 4.074074074074073848e-01 2.430769230769230793e-01
1.000000000000000000e+00 5.565843621399176877e-01 2.476923076923076839e-01 9.259259259259258745e-02 2.369230769230769307e-01
1.000000000000000000e+00 6.512345679012345734e-01 2.746153846153845945e-01 8.847736625514403264e-02 1.953846153846153788e-01
1.000000000000000000e+00 7.283950617283950768e-01 3.269230769230769273e-01 6.995884773662551515e-02 9.076923076923076872e-02
1.000000000000000000e+00 3.384773662551440188e-01 3.276923076923076716e-01 3.312757201646090444e-01 1.230769230769230838e-01
1.000000000000000000e+00 5.730452674897119625e-01 4.415384615384615463e-01 4.835390946502057807e-01 1.015384615384615358e-01
1.000000000000000000e+00 6.594650205761316553e-01 5.369230769230769473e-01 3.312757201646090444e-01 8.923076923076922462e-02
1.000000000000000000e+00 8.693415637860082423e-01 5.761538461538461275e-01 8.436213991769547782e-02 1.400000000000000133e-01
1.000000000000000000e+00 7.325102880658436177e-01 6.176923076923076517e-01 1.893004115226337436e-01 7.230769230769230893e-02
1.000000000000000000e+00 8.014403292181070393e-01 6.992307692307692113e-01 1.995884773662551515e-01 9.076923076923076872e-02
1.000000000000000000e+00 8.600823045267489420e-01 7.769230769230769384e-01 2.181069958847736689e-01 7.076923076923076483e-02
1.000000000000000000e+00 4.629629629629629373e-02 5.276923076923076827e-01 8.847736625514403264e-02 1.292307692307692324e-01
1.000000000000000000e+00 1.666666666666666574e-01 5.699999999999999512e-01 1.399176954732510303e-01 6.615384615384616029e-02
1.000000000000000000e+00 3.055555555555555802e-01 5.838461538461537925e-01 1.296296296296296224e-01 6.615384615384616029e-02
1.000000000000000000e+00 4.382716049382716084e-01 5.907692307692308242e-01 1.193415637860082285e-01 4.307692307692307515e-02
1.000000000000000000e+00 5.709876543209876365e-01 6.107692307692307310e-01 1.419753086419753008e-01 5.230769230769230504e-02
