1.000000000000000000e+00 5.200000000000000178e-01 5.610000000000000542e-01 2.079999999999999905e-01 2.260000000000000064e-01
1.000000000000000000e+00 4.759999999999999787e-01 3.900000000000000133e-01 1.733333333333333393e-01 9.600000000000000200e-02
1.000000000000000000e+00 4.719999999999999751e-01 2.560000000000000053e-01 3.519999999999999796e-01 1.400000000000000133e-01
1.000000000000000000e+00 4.119999999999999774e-01 9.400000000000000022e-02 5.786666666666666625e-01 1.839999999999999969e-01
1.000000000000000000e+00 2.999999999999999889e-01 3.910000000000000142e-01 1.786666666666666681e-01 1.340000000000000080e-01
1.000000000000000000e+00 3.333333333333333148e-01 5.080000000000000071e-01 1.226666666666666600e-01 1.039999999999999952e-01
1.000000000000000000e+00 3.586666666666666892e-01 6.219999999999999973e-01 1.039999999999999952e-01 1.199999999999999956e-01
1.000000000000000000e+00 7.266666666666666829e-01 3.330000000000000182e-01 2.533333333333333548e-01 2.300000000000000100e-01
1.000000000000000000e+00 7.479999999999999982e-01 5.520000000000000462e-01 2.159999999999999976e-01 2.079999999999999905e-01
1.000000000000000000e+00 1.693333333333333357e-01 5.879999999999999671e-01 2.533333333333333548e-01 2.320000000000000118e-01
