1.000000000000000000e+00 4.241666666666666918e-01 2.574626865671642006e-01 2.283333333333333326e-01 1.716417910447761153e-01
1.000000000000000000e+00 8.283333333333333659e-01 6.666666666666666297e-01 6.666666666666666574e-02 1.069651741293532327e-01
1.000000000000000000e+00 7.529166666666666785e-01 5.802238805970149071e-01 7.583333333333333592e-02 6.592039800995025400e-02
1.000000000000000000e+00 6.704166666666666607e-01 5.024875621890547706e-01 1.174999999999999933e-01 6.716417910447761153e-02
1.000000000000000000e+00 5.687499999999999778e-01 4.092039800995024845e-01 2.025000000000000133e-01 1.144278606965174194e-01
1.000000000000000000e+00 5.729166666666666297e-01 2.761194029850746468e-01 5.750000000000000250e-02 1.666666666666666574e-01
1.000000000000000000e+00 3.416666666666666741e-01 8.519900497512437887e-02 6.166666666666666824e-02 1.554726368159203842e-01
1.000000000000000000e+00 5.379166666666667096e-01 7.817164179104477695e-01 5.583333333333333204e-02 7.338308457711442689e-02
1.000000000000000000e+00 4.758333333333333304e-01 7.325870646766169392e-01 1.000000000000000056e-01 9.203980099502487300e-02
1.000000000000000000e+00 3.970833333333333437e-01 6.791044776119402604e-01 1.275000000000000022e-01 1.144278606965174194e-01
1.000000000000000000e+00 2.074999999999999900e-01 6.013681592039801238e-01 3.133333333333333526e-01 1.106965174129353191e-01
1.000000000000000000e+00 1.662500000000000089e-01 4.900497512437810843e-01 3.258333333333333082e-01 1.019900497512437748e-01
