1.000000000000000000e+00 1.823076923076923095e-01 1.042857142857142871e-01 1.369230769230769251e-01 1.971428571428571475e-01
1.000000000000000000e+00 1.838461538461538536e-01 3.028571428571428803e-01 1.492307692307692224e-01 1.942857142857142838e-01
1.000000000000000000e+00 1.838461538461538536e-01 5.028571428571428914e-01 1.461538461538461620e-01 2.000000000000000111e-01
1.000000000000000000e+00 3.238461538461538392e-01 1.042857142857142871e-01 1.400000000000000133e-01 1.857142857142857206e-01
1.000000000000000000e+00 3.246153846153846390e-01 3.042857142857142705e-01 1.199999999999999956e-01 1.799999999999999933e-01
1.000000000000000000e+00 3.184615384615384626e-01 5.142857142857142350e-01 1.046153846153846101e-01 2.114285714285714379e-01
1.000000000000000000e+00 4.530769230769230993e-01 5.942857142857143060e-01 1.061538461538461542e-01 2.571428571428571175e-01
1.000000000000000000e+00 4.623076923076923084e-01 3.428571428571428603e-01 1.369230769230769251e-01 2.114285714285714379e-01
1.000000000000000000e+00 4.730769230769230616e-01 1.371428571428571497e-01 1.338461538461538369e-01 2.571428571428571175e-01
1.000000000000000000e+00 7.584615384615384093e-01 1.242857142857142910e-01 1.784615384615384492e-01 2.428571428571428548e-01
1.000000000000000000e+00 7.484615384615385114e-01 3.542857142857142594e-01 1.338461538461538369e-01 1.885714285714285843e-01
1.000000000000000000e+00 7.353846153846154143e-01 5.385714285714285898e-01 8.923076923076922462e-02 1.228571428571428592e-01
1.000000000000000000e+00 7.338461538461538147e-01 7.085714285714285188e-01 6.153846153846154188e-02 1.771428571428571297e-01
