1.000000000000000000e+00 9.355468750000000000e-01 7.131901840490797451e-01 1.093750000000000000e-01 1.319018404907975339e-01
1.000000000000000000e+00 7.534179687500000000e-01 4.808282208588957052e-01 2.373046875000000000e-01 3.205521472392637850e-01
1.000000000000000000e+00 4.130859375000000000e-01 3.803680981595092270e-01 2.128906250000000000e-01 5.490797546012270436e-01
1.000000000000000000e+00 5.781250000000000000e-01 3.619631901840490995e-01 9.765625000000000000e-02 4.877300613496932669e-01
1.000000000000000000e+00 2.534179687500000000e-01 5.199386503067484622e-01 9.082031250000000000e-02 3.527607361963190358e-01
1.000000000000000000e+00 9.277343750000000000e-02 5.812883435582821834e-01 1.542968750000000000e-01 3.067484662576687171e-01
1.000000000000000000e+00 1.357421875000000000e-01 3.259202453987730119e-01 9.179687500000000000e-02 1.150306748466257689e-01
1.000000000000000000e+00 7.202148437500000000e-01 1.832822085889570518e-01 1.044921875000000000e-01 2.622699386503067331e-01
1.000000000000000000e+00 7.280273437500000000e-01 7.898773006134969243e-01 7.128906250000000000e-02 9.202453987730060958e-02
1.000000000000000000e+00 7.763671875000000000e-01 6.840490797546012747e-01 5.468750000000000000e-02 7.055214723926379883e-02
