1.000000000000000000e+00 1.856250000000000122e-01 4.050000000000000266e-01 2.087499999999999911e-01 1.316666666666666541e-01
1.000000000000000000e+00 4.550000000000000155e-01 4.883333333333333415e-01 3.024999999999999911e-01 9.833333333333332815e-02
1.000000000000000000e+00 3.943749999999999756e-01 3.766666666666666496e-01 2.612499999999999822e-01 1.316666666666666541e-01
1.000000000000000000e+00 6.381250000000000533e-01 4.291666666666666408e-01 2.387499999999999900e-01 1.533333333333333215e-01
1.000000000000000000e+00 4.787500000000000089e-01 2.833333333333333259e-01 2.999999999999999889e-01 1.250000000000000000e-01
1.000000000000000000e+00 7.868749999999999911e-01 3.033333333333333437e-01 3.437500000000000000e-01 1.150000000000000050e-01
1.000000000000000000e+00 5.162499999999999867e-01 1.016666666666666691e-01 2.949999999999999845e-01 1.083333333333333370e-01
1.000000000000000000e+00 7.581250000000000488e-01 5.166666666666666630e-02 4.587499999999999911e-01 1.016666666666666691e-01
1.000000000000000000e+00 8.662499999999999645e-01 1.849999999999999978e-01 2.349999999999999867e-01 1.716666666666666619e-01
1.000000000000000000e+00 9.012499999999999956e-01 4.166666666666666852e-01 1.600000000000000033e-01 1.016666666666666691e-01
