1.000000000000000000e+00 4.580078125000000000e-01 5.153061224489795533e-01 4.687500000000000000e-02 5.393586005830904029e-02
1.000000000000000000e+00 7.929687500000000000e-01 3.906705539358600321e-01 1.054687500000000000e-01 1.632653061224489666e-01
1.000000000000000000e+00 6.674804687500000000e-01 3.739067055393586192e-01 1.162109375000000000e-01 8.892128279883382280e-02
1.000000000000000000e+00 5.605468750000000000e-01 4.067055393586005985e-01 6.054687500000000000e-02 7.580174927113703109e-02
1.000000000000000000e+00 5.087890625000000000e-01 4.817784256559766720e-01 3.906250000000000000e-02 3.935860058309038206e-02
1.000000000000000000e+00 7.763671875000000000e-02 6.093294460641399679e-01 1.259765625000000000e-01 1.311953352769679171e-01
1.000000000000000000e+00 1.660156250000000000e-01 5.335276967930029368e-01 1.191406250000000000e-01 1.574344023323615283e-01
1.000000000000000000e+00 2.221679687500000000e-01 4.198250728862973902e-01 1.005859375000000000e-01 1.516034985422740622e-01
1.000000000000000000e+00 5.068359375000000000e-01 2.361516034985422785e-01 1.835937500000000000e-01 1.107871720116618136e-01
1.000000000000000000e+00 7.080078125000000000e-01 9.037900874635568238e-02 1.230468750000000000e-01 1.224489795918367319e-01
1.000000000000000000e+00 6.176757812500000000e-01 5.801749271137026653e-01 7.324218750000000000e-02 4.664723032069970771e-02
1.000000000000000000e+00 6.958007812500000000e-01 5.393586005830903751e-01 7.714843750000000000e-02 4.956268221574344074e-02
1.000000000000000000e+00 8.959960937500000000e-01 4.686588921282798803e-01 7.324218750000000000e-02 6.851311953352769157e-02
