1.000000000000000000e+00 2.084210526315789513e-01 9.296875000000000278e-02 1.789473684210526327e-01 1.734374999999999944e-01
1.000000000000000000e+00 3.947368421052631637e-01 9.062499999999999722e-02 1.852631578947368518e-01 1.625000000000000056e-01
1.000000000000000000e+00 5.768421052631579338e-01 9.296875000000000278e-02 1.726315789473684137e-01 1.640625000000000000e-01
1.000000000000000000e+00 7.494736842105262919e-01 9.062499999999999722e-02 1.600000000000000033e-01 1.625000000000000056e-01
1.000000000000000000e+00 1.957894736842105132e-01 2.570312499999999889e-01 1.915789473684210431e-01 1.359374999999999889e-01
1.000000000000000000e+00 3.868421052631578760e-01 2.874999999999999778e-01 1.631578947368421129e-01 1.906249999999999889e-01
1.000000000000000000e+00 5.542105263157894868e-01 2.859375000000000111e-01 1.673684210526315830e-01 2.000000000000000111e-01
1.000000000000000000e+00 7.189473684210526683e-01 2.843749999999999889e-01 1.515789473684210631e-01 1.968749999999999944e-01
1.000000000000000000e+00 8.457894736842105354e-01 2.992187499999999778e-01 1.042105263157894757e-01 2.046874999999999944e-01
1.000000000000000000e+00 9.094736842105263230e-01 8.046875000000000555e-02 1.515789473684210631e-01 1.453125000000000111e-01
1.000000000000000000e+00 2.605263157894736614e-01 3.882812500000000222e-01 7.894736842105262720e-02 1.078125000000000056e-01
1.000000000000000000e+00 3.873684210526315841e-01 4.648437500000000000e-01 1.515789473684210631e-01 1.359374999999999889e-01
1.000000000000000000e+00 5.668421052631579249e-01 4.781250000000000222e-01 1.863157894736842124e-01 1.531250000000000111e-01
1.000000000000000000e+00 7.426315789473684204e-01 4.749999999999999778e-01 1.421052631578947345e-01 1.343749999999999944e-01
1.000000000000000000e+00 3.900000000000000133e-01 6.070312500000000222e-01 1.484210526315789536e-01 1.578124999999999944e-01
1.000000000000000000e+00 5.531578947368420707e-01 6.382812500000000222e-01 1.568421052631578938e-01 1.453125000000000111e-01
1.000000000000000000e+00 5.589473684210526372e-01 8.148437499999999778e-01 1.578947368421052544e-01 2.046874999999999944e-01
1.000000000000000000e+00 7.205263157894736814e-01 6.070312500000000222e-01 1.631578947368421129e-01 1.078125000000000056e-01
