1.000000000000000000e+00 5.457746478873239104e-02 5.984374999999999556e-01 6.455399061032864039e-02 1.562500000000000000e-01
1.000000000000000000e+00 1.314553990610328738e-01 5.734375000000000444e-01 7.746478873239436014e-02 2.281249999999999944e-01
1.000000000000000000e+00 2.124413145539906234e-01 5.679687500000000222e-01 7.981220657276995312e-02 2.765624999999999889e-01
1.000000000000000000e+00 2.916666666666666852e-01 5.789062499999999556e-01 6.924882629107981247e-02 4.015624999999999889e-01
1.000000000000000000e+00 4.019953051643192499e-01 5.195312500000000000e-01 1.396713615023474075e-01 3.078124999999999889e-01
1.000000000000000000e+00 4.360328638497652509e-01 7.632812500000000222e-01 2.406103286384976558e-01 1.671874999999999889e-01
1.000000000000000000e+00 5.592723004694836186e-01 5.976562500000000000e-01 1.654929577464788748e-01 1.765625000000000111e-01
1.000000000000000000e+00 3.750000000000000000e-01 2.781250000000000111e-01 1.866197183098591561e-01 1.718750000000000000e-01
1.000000000000000000e+00 5.663145539906103698e-01 2.976562500000000111e-01 1.889671361502347491e-01 4.203124999999999778e-01
1.000000000000000000e+00 7.411971830985915055e-01 1.835937500000000000e-01 1.631455399061032818e-01 1.984374999999999889e-01
1.000000000000000000e+00 9.102112676056337559e-01 2.265625000000000000e-01 1.795774647887324049e-01 1.656249999999999944e-01
