1.000000000000000000e+00 2.409999999999999920e-01 7.897897897897897534e-01 1.499999999999999944e-01 1.141141141141141097e-01
1.000000000000000000e+00 3.180000000000000049e-01 6.291291291291291055e-01 5.999999999999999778e-02 1.771771771771771808e-01
1.000000000000000000e+00 4.069999999999999729e-01 6.591591591591591248e-01 8.999999999999999667e-02 2.492492492492492384e-01
1.000000000000000000e+00 5.150000000000000133e-01 5.975975975975975629e-01 9.800000000000000377e-02 2.702702702702702853e-01
1.000000000000000000e+00 7.099999999999999645e-01 6.486486486486486847e-01 1.759999999999999898e-01 1.681681681681681806e-01
1.000000000000000000e+00 7.299999999999999822e-01 1.381381381381381335e-01 5.080000000000000071e-01 2.402402402402402382e-01
1.000000000000000000e+00 4.129999999999999782e-01 2.237237237237237331e-01 1.019999999999999934e-01 1.171171171171171144e-01
1.000000000000000000e+00 6.360000000000000098e-01 4.519519519519519246e-01 1.199999999999999956e-01 1.891891891891891997e-01
1.000000000000000000e+00 9.669999999999999707e-01 3.498498498498498477e-01 6.600000000000000311e-02 1.771771771771771808e-01
1.000000000000000000e+00 9.260000000000000453e-01 5.660660660660660204e-01 1.479999999999999927e-01 2.192192192192192191e-01
