1.000000000000000000e+00 1.037499999999999950e-01 1.350000000000000089e-01 1.991666666666666585e-01 2.625000000000000111e-01
1.000000000000000000e+00 2.829166666666666496e-01 1.512499999999999956e-01 1.524999999999999967e-01 2.800000000000000266e-01
1.000000000000000000e+00 4.404166666666666785e-01 1.531250000000000111e-01 1.375000000000000111e-01 2.762499999999999956e-01
1.000000000000000000e+00 5.604166666666666741e-01 1.556250000000000133e-01 8.749999999999999445e-02 2.912500000000000089e-01
1.000000000000000000e+00 6.537500000000000533e-01 1.575000000000000011e-01 9.416666666666666241e-02 2.849999999999999756e-01
1.000000000000000000e+00 8.533333333333333881e-01 1.843750000000000111e-01 2.899999999999999800e-01 3.262499999999999845e-01
1.000000000000000000e+00 4.829166666666666607e-01 4.068749999999999867e-01 2.025000000000000133e-01 2.137499999999999956e-01
1.000000000000000000e+00 7.937499999999999556e-01 4.693749999999999867e-01 3.891666666666666607e-01 2.587499999999999800e-01
1.000000000000000000e+00 5.054166666666666252e-01 6.256249999999999867e-01 1.925000000000000044e-01 1.862499999999999989e-01
1.000000000000000000e+00 3.666666666666666408e-01 7.162500000000000533e-01 8.999999999999999667e-02 1.749999999999999889e-01
1.000000000000000000e+00 2.945833333333333082e-01 8.256250000000000533e-01 5.249999999999999806e-02 1.162500000000000061e-01
