1.000000000000000000e+00 4.770833333333333592e-01 1.768750000000000044e-01 1.325000000000000067e-01 1.212499999999999967e-01
1.000000000000000000e+00 2.145833333333333204e-01 1.975000000000000089e-01 3.875000000000000111e-01 1.275000000000000022e-01
1.000000000000000000e+00 2.474999999999999978e-01 3.787499999999999756e-01 4.266666666666666941e-01 2.099999999999999922e-01
1.000000000000000000e+00 7.033333333333333659e-01 2.787499999999999978e-01 2.999999999999999889e-01 1.675000000000000100e-01
1.000000000000000000e+00 6.312499999999999778e-01 3.918749999999999734e-01 3.841666666666666563e-01 2.537499999999999756e-01
1.000000000000000000e+00 8.987500000000000488e-01 4.537499999999999867e-01 1.491666666666666696e-01 1.824999999999999956e-01
1.000000000000000000e+00 6.441666666666666652e-01 6.099999999999999867e-01 2.916666666666666852e-01 1.650000000000000078e-01
1.000000000000000000e+00 3.012500000000000178e-01 6.187500000000000222e-01 3.841666666666666563e-01 1.499999999999999944e-01
1.000000000000000000e+00 2.037499999999999867e-01 8.100000000000000533e-01 7.916666666666666297e-02 1.900000000000000022e-01
1.000000000000000000e+00 4.283333333333333437e-01 7.918749999999999956e-01 9.500000000000000111e-02 1.862499999999999989e-01
