1.000000000000000000e+00 9.209090909090908994e-01 3.475609756097560732e-01 1.509090909090909094e-01 3.048780487804877981e-01
1.000000000000000000e+00 8.445454545454545991e-01 8.780487804878048252e-02 2.818181818181818010e-01 1.658536585365853744e-01
1.000000000000000000e+00 6.309090909090908639e-01 2.195121951219512202e-01 1.818181818181818232e-01 4.292682926829268220e-01
1.000000000000000000e+00 7.927272727272727249e-01 3.524390243902438824e-01 1.272727272727272596e-01 2.268292682926829340e-01
1.000000000000000000e+00 4.736363636363636331e-01 5.646341463414633610e-01 1.981818181818181812e-01 2.414634146341463339e-01
1.000000000000000000e+00 4.145454545454545503e-01 3.987804878048780699e-01 2.581818181818181790e-01 1.829268292682926789e-01
1.000000000000000000e+00 4.136363636363636354e-01 1.573170731707317083e-01 2.236363636363636331e-01 3.048780487804877981e-01
1.000000000000000000e+00 1.836363636363636254e-01 2.085365853658536495e-01 1.854545454545454553e-01 3.682926829268292623e-01
1.000000000000000000e+00 4.272727272727272485e-02 1.060975609756097532e-01 7.090909090909090773e-02 1.780487804878048697e-01
1.000000000000000000e+00 2.027272727272727282e-01 5.426829268292683306e-01 1.509090909090909094e-01 1.439024390243902329e-01
