1.000000000000000000e+00 1.312500000000000056e-01 4.527777777777777790e-01 1.677083333333333204e-01 9.629629629629629650e-02
1.000000000000000000e+00 1.447916666666666796e-01 3.416666666666666741e-01 9.479166666666666297e-02 1.185185185185185230e-01
1.000000000000000000e+00 3.031249999999999778e-01 4.472222222222222432e-01 1.885416666666666630e-01 2.000000000000000111e-01
1.000000000000000000e+00 3.218750000000000222e-01 2.824074074074073848e-01 1.822916666666666574e-01 1.148148148148148140e-01
1.000000000000000000e+00 5.208333333333333703e-01 4.648148148148147918e-01 2.427083333333333315e-01 2.388888888888889006e-01
1.000000000000000000e+00 4.531250000000000000e-01 2.671296296296296058e-01 7.187499999999999445e-02 1.546296296296296169e-01
1.000000000000000000e+00 5.244791666666667185e-01 1.648148148148148029e-01 6.458333333333333981e-02 1.240740740740740727e-01
1.000000000000000000e+00 5.718750000000000222e-01 7.962962962962963354e-02 8.645833333333333148e-02 9.814814814814815103e-02
1.000000000000000000e+00 8.208333333333333037e-01 3.712962962962962910e-01 3.468749999999999889e-01 4.370370370370370572e-01
1.000000000000000000e+00 8.130208333333333037e-01 9.722222222222222376e-02 2.000000000000000111e-01 1.037037037037037007e-01
