1.000000000000000000e+00 9.129383313180169934e-02 9.235668789808916535e-02 1.753325272067714768e-01 1.549893842887473394e-01
1.000000000000000000e+00 2.902055622732769291e-01 1.072186836518046749e-01 2.249093107617896048e-01 1.847133757961783307e-01
1.000000000000000000e+00 1.209189842805320492e-01 2.569002123142250515e-01 1.475211608222490867e-01 1.443736730360934140e-01
1.000000000000000000e+00 3.016928657799274327e-01 2.696390658174097621e-01 2.116082224909310860e-01 1.188959660297239929e-01
1.000000000000000000e+00 4.691656590084643530e-01 2.144373673036093497e-01 1.233373639661426852e-01 2.632696390658174068e-01
1.000000000000000000e+00 2.599758162031439168e-01 3.991507430997877082e-01 3.168077388149939666e-01 1.231422505307855630e-01
1.000000000000000000e+00 3.361547762998790545e-01 5.403397027600849167e-01 2.781136638452236798e-01 1.507430997876857692e-01
1.000000000000000000e+00 3.663845223700120668e-01 6.932059447983014433e-01 1.910519951632406177e-01 1.464968152866241990e-01
1.000000000000000000e+00 4.806529625151148566e-01 4.118895966029724187e-01 1.221281741233373602e-01 1.443736730360934140e-01
1.000000000000000000e+00 5.773881499395404626e-01 2.632696390658174068e-01 8.101571946795646517e-02 2.165605095541401348e-01
1.000000000000000000e+00 3.506650544135429537e-01 8.365180467091295480e-01 9.673518742442563378e-02 1.273885350318471332e-01
