1.000000000000000000e+00 2.429508196721311408e-01 5.735080058224163446e-01 9.770491803278688603e-02 1.775836972343522446e-01
1.000000000000000000e+00 3.344262295081967262e-01 2.831149927219795970e-01 1.075409836065573804e-01 4.002911208151382905e-01
1.000000000000000000e+00 3.842622950819671868e-01 5.509461426491993885e-01 1.665573770491803329e-01 1.208151382823871856e-01
1.000000000000000000e+00 6.157377049180328132e-01 6.404657933042212647e-02 5.363934426229508556e-01 1.135371179039301320e-01
1.000000000000000000e+00 4.377049180327868827e-01 3.144104803493449896e-01 8.983606557377049606e-02 3.697234352256186241e-01
1.000000000000000000e+00 5.603278688524589990e-01 3.384279475982532870e-01 1.409836065573770447e-01 4.264919941775837109e-01
1.000000000000000000e+00 6.767213114754098147e-01 3.449781659388646560e-01 8.393442622950819665e-02 2.299854439592430855e-01
1.000000000000000000e+00 7.757377049180327333e-01 2.307132459970887839e-01 1.062295081967213062e-01 2.023289665211062682e-01
1.000000000000000000e+00 7.898360655737705072e-01 4.585152838427947741e-01 1.331147540983606548e-01 2.299854439592430855e-01
1.000000000000000000e+00 8.868852459016393075e-01 6.550218340611353440e-01 1.160655737704918006e-01 1.513828238719068520e-01
1.000000000000000000e+00 8.855737704918033026e-01 5.291120815138282696e-01 5.704918032786885501e-02 1.004366812227074218e-01
