1.000000000000000000e+00 6.541666666666666463e-02 1.152849740932642419e-01 1.224999999999999978e-01 2.098445595854922241e-01
1.000000000000000000e+00 5.916666666666666602e-02 3.121761658031088071e-01 1.049999999999999961e-01 1.709844559585492196e-01
1.000000000000000000e+00 2.875000000000000125e-02 4.669689119170984393e-01 4.916666666666666408e-02 1.282383419689119286e-01
1.000000000000000000e+00 3.133333333333333526e-01 3.089378238341968785e-01 8.000000000000000167e-02 1.670984455958549331e-01
1.000000000000000000e+00 4.429166666666666807e-01 1.204663212435233138e-01 2.041666666666666630e-01 2.253886010362694259e-01
1.000000000000000000e+00 6.654166666666666563e-01 1.230569948186528428e-01 2.391666666666666663e-01 2.098445595854922241e-01
1.000000000000000000e+00 8.879166666666666874e-01 7.836787564766839465e-02 1.941666666666666541e-01 1.282383419689119286e-01
1.000000000000000000e+00 8.924999999999999600e-01 2.810880829015544036e-01 2.066666666666666652e-01 1.865284974093264214e-01
1.000000000000000000e+00 6.441666666666666652e-01 3.134715025906735786e-01 2.700000000000000178e-01 1.554404145077720178e-01
1.000000000000000000e+00 4.454166666666666829e-01 3.594559585492227982e-01 1.041666666666666713e-01 2.163212435233160535e-01
1.000000000000000000e+00 4.025000000000000244e-01 5.414507772020725751e-01 1.616666666666666530e-01 1.036269430051813406e-01
1.000000000000000000e+00 7.458333333333333481e-01 5.718911917098445929e-01 1.350000000000000089e-01 9.715025906735751116e-02
1.000000000000000000e+00 9.179166666666667140e-01 4.734455958549222965e-01 1.291666666666666796e-01 1.152849740932642419e-01
1.000000000000000000e+00 6.129166666666666652e-01 4.520725388601036232e-01 1.074999999999999983e-01 1.113989637305699415e-01
