0 0.12 0.6567307692307692 0.2 0.19423076923076923
0 0.355 0.6403846153846154 0.182 0.18846153846153846
0 0.369 0.8855769230769232 0.198 0.1903846153846154
0 0.096 0.889423076923077 0.17200000000000001 0.20192307692307693
0 0.364 0.37596153846153846 0.23600000000000002 0.1826923076923077
0 0.63 0.6413461538461539 0.18 0.19423076923076923
0 0.893 0.6365384615384616 0.166 0.19230769230769232
0 0.893 0.8826923076923078 0.202 0.18461538461538463
0 0.621 0.8971153846153846 0.198 0.1980769230769231
0 0.632 0.37788461538461543 0.156 0.1903846153846154
0 0.9 0.3730769230769231 0.188 0.2
0 0.9 0.12403846153846154 0.18 0.1903846153846154
0 0.358 0.12211538461538463 0.188 0.20961538461538462
0 0.094 0.38653846153846155 0.176 0.18846153846153846
0 0.105 0.13173076923076923 0.178 0.19423076923076923
