0 0.375 0.6206896551724138 0.17400000000000002 0.1128526645768025
0 0.639 0.615987460815047 0.21 0.12852664576802508
0 0.885 0.19592476489028213 0.19 0.12225705329153605
0 0.603 0.1896551724137931 0.17400000000000002 0.1347962382445141
0 0.376 0.18495297805642633 0.2 0.13793103448275862
0 0.116 0.4184952978056426 0.156 0.16614420062695925
0 0.128 0.6567398119122256 0.212 0.14106583072100312
0 0.126 0.8605015673981191 0.184 0.10344827586206896
0 0.638 0.8557993730407523 0.22 0.15047021943573669
0 0.874 0.8777429467084639 0.17200000000000001 0.13793103448275862
0 0.383 0.8620689655172413 0.202 0.1128526645768025
0 0.153 0.22884012539184953 0.23 0.16927899686520376
