0 0.113 0.6871468926553672 0.15 0.21610169491525424
0 0.176 0.4194915254237288 0.164 0.1581920903954802
0 0.5760000000000001 0.4392655367231638 0.196 0.18361581920903955
0 0.773 0.4067796610169492 0.082 0.1327683615819209
0 0.906 0.3912429378531073 0.108 0.1327683615819209
0 0.672 0.855225988700565 0.23600000000000002 0.1172316384180791
0 0.455 0.07980225988700565 0.098 0.0748587570621469
0 0.6940000000000001 0.16031073446327684 0.06 0.1426553672316384
0 0.913 0.21468926553672316 0.17 0.16666666666666666
0 0.28400000000000003 0.08192090395480225 0.1 0.06214689265536723
0 0.14100000000000001 0.2387005649717514 0.254 0.1016949152542373
