0 0.67 0.1781857451403888 0.124 0.12742980561555076
0 0.809 0.14470842332613393 0.114 0.15982721382289417
0 0.9540000000000001 0.1468682505399568 0.068 0.15982721382289417
0 0.847 0.8498920086393089 0.074 0.2267818574514039
0 0.964 0.8304535637149029 0.064 0.23974082073434128
0 0.5 0.8963282937365011 0.028 0.08207343412526999
0 0.329 0.8898488120950324 0.13 0.1857451403887689
0 0.113 0.8930885529157668 0.17400000000000002 0.07127429805615551
0 0.1 0.5334773218142549 0.148 0.0734341252699784
0 0.098 0.3693304535637149 0.136 0.06479481641468683
0 0.074 0.14362850971922247 0.092 0.2354211663066955
0 0.23700000000000002 0.10367170626349892 0.17400000000000002 0.13390928725701945
0 0.457 0.07775377969762419 0.11 0.10799136069114472
0 0.656 0.3822894168466523 0.088 0.05183585313174946
0 0.526 0.2807775377969763 0.17200000000000001 0.05615550755939525
0 0.329 0.36285097192224625 0.166 0.09935205183585313
0 0.876 0.3920086393088553 0.16 0.09287257019438445
0 0.873 0.5475161987041037 0.11800000000000001 0.06263498920086394
0 0.421 0.7321814254859612 0.07 0.11663066954643629
