1785
427
639
1207
1694
191
1734
1372
834
1464
516
1772
1488
416
961
565
070
855
863
933
207
812
721
1030
227
554
121
236
1458
209
1145
871
904
131
497
386
048
1285
877
1158
816
1839
752
503
164
1450
234
1348
1001
1558
1199
1054
996
1273
1794
1108
543
1599
136
1906
1309
424
1307
1598
912
1644
1653
1324
724
1363
453
1174
073
1352
1470
1743
892
1135
1640
032
1751
746
1066
262
1740
915
1487
528
361
324
362
1045
956
691
599
954
1643
1229
1276
287
505
1195
934
269
185
975
061
1684
1451
618
1687
953
1000
1877
1255
731
410
113
1358
257
1851
437
654
403
1778
1461
597
1093
572
295
492
1171
828
365
1408
1517
1277
854
1588
831
949
275
708
683
848
1867
1012
908
1589
794
1862
1069
753
1050
1236
741
865
754
1290
1427
511
1894
501
931
777
701
1184
1523
1424
1300
1355
291
1089
1781
644
1444
004
1801
649
1428
990
1152
400
925
230
1188
065
1500
149
479
1049
021
1237
002
782
1880
1024
1155
1634
1146
1353
1416
1761
1242
1388
1617
1058
1359
246
825
1209
1559
1032
606
1709
672
1671
707
582
1868
1232
489
006
1689
313
374
1378
1594
312
1881
1784
1283
1008
560
530
326
1481
894
195
1073
1844
1647
522
1808
1607
297
670
1828
292
815
1010
434
716
704
1742
878
1051
302
581
268
1667
605
469
237
1765
080
352
970
322
1756
015
1471
1642
1163
1111
593
1728
129
830
161
1128
671
1445
086
229
428
1848
466
1492
1323
1819
1725
1495
328
1883
1222
471
007
733
296
1173
1831
435
409
499
349
607
525
1745
168
1731
1555
1190
1606
1530
265
448
190
030
531
969
178
813
1702
1514
383
401
1035
112
1664
1100
843
040
1180
239
767
1632
1554
1786
1507
628
143
1356
921
1652
142
713
463
1585
308
380
1782
1339
1716
778
1674
1005
046
804
1459
1345
1440
445
300
1576
735
518
1550
076
066
1178
897
1357
457
1382
1175
376
1447
524
1650
1718
101
1547
077
988
1542
1420
217
1882
1553
1691
1070
1602
1658
1657
821
676
498
526
901
1123
1398
147
1041
826
942
109
700
566
993
397
165
062
1525
789
1196
462
869
1403
1732
587
1859
1439
483
898
289
132
1833
1779
1802
1469
806
747
964
959
1366
1028
1744
020
1059
179
017
719
279
756
861
668
1076
575
1340
1312
418
1234
049
653
697
562
927
235
387
261
1266
1295
532
1314
564
635
110
026
1527
570
1448
1350
1017
866
250
381
1597
467
1373
1787
171
455
028
1435
875
454
344
1603
003
807
156
1668
314
520
556
059
1157
402
1213
773
838
634
1026
1645
243
407
899
184
710
1006
711
1490
043
991
135
310
060
194
903
450
056
399
192
1473
614
144
900
033
1296
832
225
1641
1168
1564
378
1344
1769
1591
932
1406
134
1552
1365
1697
764
1775
098
1818
851
093
1245
1462
180
141
309
306
873
444
885
1176
177
578
473
1139
429
1037
1235
1248
1768
1014
1140
087
449
1502
1509
069
200
1869
303
1060
009
781
1681
1503
615
163
140
1809
363
664
104
1092
1075
1085
1294
1223
186
986
041
1369
1411
288
1630
248
1608
977
1712
1167
1832
1703
348
550
1546
584
1202
1141
1789
749
603
419
1847
1714
1860
787
1799
947
1863
1760
1286
231
1425
636
1181
389
1840
591
1649
1272
1109
1896
552
1727
881
910
1240
1704
643
630
963
1220
527
1776
745
255
998
629
971
1486
1826
491
281
561
1046
438
1519
1124
1496
1067
1858
495
951
1479
1278
1117
267
1321
100
519
1738
336
115
1349
1690
729
1243
1343
739
973
259
294
1770
1639
097
211
320
212
1516
1150
1074
667
594
1627
722
1106
1763
258
1036
1395
244
1807
461
978
1320
1068
1031
394
1262
278
232
1568
1622
1053
027
010
082
632
096
1510
790
159
1271
1381
1616
160
1890
1762
995
712
1179
456
1231
1280
1137
1065
494
1228
426
1221
1899
210
1414
613
512
1399
820
1367
222
1628
1331
1549
370
1898
037
1676
1362
264
1104
1581
1214
172
1407
545
1504
1577
1903
1526
1631
1463
1651
332
823
425
1205
1088
091
674
063
1755
1766
208
359
856
1044
478
818
122
1218
1016
078
1600
887
1096
1269
1302
1685
238
1571
107
1752
1153
053
880
631
432
805
1822
1485
490
547
092
1796
241
1754
1259
652
1699
748
1472
482
103
1656
690
415
1247
913
025
1579
1313
1118
215
656
641
965
551
1557
1115
1166
876
1244
338
1854
197
116
1845
1057
1857
1711
133
1284
1575
771
1855
595
681
472
853
1375
612
1144
1206
1138
882
1850
1884
955
743
1039
844
663
1521
1292
196
1737
1708
1892
475
1432
1319
1797
957
1593
1257
680
081
1907
412
307
298
938
1412
1397
1185
1830
858
311
044
016
596
994
146
1596
1098
1820
770
1316
090
1002
1431
827
1094
1871
102
1662
1019
1441
1360
1287
1518
1311
1529
944
997
870
1489
922
540
1537
648
022
1536
1289
1332
224
486
772
563
1908
960
106
1680
1811
515
1430
1187
573
847
1079
608
762
1493
1497
1084
1020
948
623
1164
1056
1891
1705
1572
775
891
936
645
1580
698
974
266
034
808
1852
751
523
1483
1055
154
968
736
1792
1293
776
1197
502
1853
1713
1505
1478
477
170
677
1586
1405
755
1136
1304
420
1043
914
1027
1409
1615
058
1009
493
029
893
051
1131
1498
111
305
128
1241
251
193
1565
018
1347
780
809
845
1249
1351
321
1376
203
1433
1189
1400
1722
819
1520
1260
1506
935
1170
1254
1501
414
1281
318
1256
005
1686
1475
1823
1655
346
1394
1268
1063
600
421
1107
270
1861
137
150
1267
569
187
436
213
1706
1025
1252
761
1788
598
496
319
1177
728
152
940
1219
726
439
895
928
795
1901
758
398
1482
1729
443
125
1675
440
1533
1748
1193
1374
038
151
423
1590
214
1904
252
835
638
766
669
1161
1661
369
1162
094
1735
1465
1876
1087
167
929
1442
1130
1837
1346
768
1613
797
1211
1191
459
1454
304
984
896
1318
345
911
1419
014
050
301
555
079
814
686
1182
1151
679
024
1337
1757
068
946
1638
406
796
354
1846
508
852
1805
1707
342
966
1566
558
1080
1061
367
1790
036
1317
1736
1842
692
798
1103
660
1825
1601
260
1322
1328
1810
1379
395
902
1122
075
689
1539
521
1446
696
249
1018
293
1023
1132
1306
883
1474
682
1086
384
1683
123
085
254
341
703
1669
1578
1856
1773
372
542
923
1116
1198
1246
385
1334
1774
181
958
538
1710
340
1402
1563
173
1410
413
1800
916
1336
114
786
1747
1531
602
1670
867
031
1806
411
647
1217
169
1370
1759
382
1261
1544
1573
1156
285
1148
474
317
588
533
1160
859
064
585
035
601
1730
1342
391
1696
396
1297
1484
800
1282
198
709
039
583
1592
1097
1726
637
1499
509
1835
1587
1646
1741
673
868
000
325
909
1052
732
1327
992
1476
1609
1605
1216
1567
1888
1387
943
553
1841
1570
1315
1612
1326
1011
1224
791
1767
1524
1455
586
1452
331
1449
850
740
323
1325
571
