0 0.76875 0.4084507042253521 0.040625 0.0892018779342723
0 0.47500000000000003 0.06338028169014084 0.046875 0.0892018779342723
0 0.68125 0.29812206572769956 0.028125 0.028169014084507043
0 0.8562500000000001 0.14906103286384978 0.046875 0.2605633802816901
0 0.6117187500000001 0.18544600938967137 0.0328125 0.056338028169014086
0 0.609375 0.08685446009389672 0.03125 0.056338028169014086
0 0.68359375 0.181924882629108 0.0203125 0.03990610328638498
0 0.6828125 0.38380281690140844 0.015625 0.04929577464788733
0 0.53671875 0.08215962441314555 0.029687500000000002 0.046948356807511735
0 0.81796875 0.4894366197183099 0.0390625 0.04929577464788733
0 0.6218750000000001 0.4812206572769953 0.021875000000000002 0.03755868544600939
