0 0.7349246231155779 0.5607142857142857 0.04271356783919598 0.19285714285714284
0 0.6557788944723618 0.5499999999999999 0.035175879396984924 0.15
0 0.8693467336683417 0.5499999999999999 0.035175879396984924 0.18571428571428572
0 0.36055276381909546 0.5499999999999999 0.032663316582914576 0.15714285714285714
0 0.19095477386934673 0.5517857142857143 0.035175879396984924 0.175
0 0.114321608040201 0.5660714285714286 0.03768844221105528 0.175
0 0.271356783919598 0.5589285714285714 0.035175879396984924 0.14642857142857144
0 0.5263819095477387 0.5571428571428572 0.03768844221105528 0.15
0 0.5967336683417086 0.5589285714285714 0.032663316582914576 0.16785714285714284
0 0.44095477386934673 0.5553571428571429 0.03768844221105528 0.175
0 0.8015075376884422 0.5571428571428572 0.035175879396984924 0.15
