0 0.188715953307393 0.79 0.054474708171206226 0.2
0 0.6167315175097277 0.7833333333333334 0.04669260700389105 0.2
0 0.7587548638132295 0.7983333333333333 0.04669260700389105 0.15000000000000002
0 0.4075875486381323 0.7683333333333334 0.048638132295719845 0.23
0 0.4756809338521401 0.78 0.048638132295719845 0.22
0 0.26264591439688717 0.765 0.05058365758754864 0.25
0 0.3336575875486381 0.7766666666666667 0.04474708171206226 0.22
0 0.12062256809338522 0.8133333333333334 0.042801556420233464 0.15333333333333335
0 0.5466926070038911 0.7866666666666667 0.04669260700389105 0.21333333333333335
0 0.6780155642023347 0.795 0.05642023346303502 0.15666666666666668
0 0.4066147859922179 0.9800000000000001 0.05058365758754864 0.04
0 0.24319066147859922 0.9783333333333334 0.019455252918287938 0.030000000000000002
0 0.4883268482490272 0.9783333333333334 0.0311284046692607 0.030000000000000002
0 0.7178988326848249 0.8016666666666667 0.0933852140077821 0.17
0 0.6235408560311284 0.9766666666666667 0.048638132295719845 0.04
