0 0.33 0.751497005988024 0.048 0.05389221556886228
0 0.579 0.6841317365269461 0.062 0.05089820359281438
0 0.466 0.720059880239521 0.044 0.056886227544910184
0 0.162 0.8008982035928144 0.048 0.05089820359281438
0 0.656 0.6691616766467067 0.048 0.04491017964071856
0 0.095 0.688622754491018 0.034 0.035928143712574856
0 0.798 0.6302395209580839 0.04 0.062874251497006
0 0.739 0.655688622754491 0.03 0.04191616766467066
0 0.862 0.6302395209580839 0.02 0.03293413173652695
0 0.224 0.6676646706586826 0.032 0.029940119760479042
