0 0.17692307692307693 0.18928571428571428 0.06923076923076923 0.19285714285714284
0 0.8307692307692308 0.1839285714285714 0.046153846153846156 0.125
0 0.4134615384615385 0.16964285714285715 0.08846153846153847 0.18214285714285713
0 0.8326923076923077 0.5732142857142857 0.06538461538461539 0.125
0 0.6288461538461538 0.5892857142857143 0.05 0.14285714285714285
0 0.4 0.39464285714285713 0.05384615384615385 0.125
0 0.6442307692307693 0.18928571428571428 0.07307692307692308 0.19285714285714284
0 0.17692307692307693 0.3982142857142857 0.046153846153846156 0.1392857142857143
0 0.3980769230769231 0.5821428571428571 0.04230769230769231 0.1357142857142857
0 0.8250000000000001 0.39464285714285713 0.05 0.11071428571428571
0 0.625 0.39464285714285713 0.05 0.1392857142857143
0 0.17692307692307693 0.6 0.06923076923076923 0.12142857142857143
0 0.8288461538461539 0.7767857142857143 0.05 0.18214285714285713
