0 0.36818181818181817 0.7852112676056339 0.2381818181818182 0.4084507042253521
0 0.39 0.058098591549295774 0.02 0.06690140845070423
0 0.6254545454545455 0.035211267605633804 0.03272727272727273 0.056338028169014086
0 0.6372727272727273 0.12147887323943662 0.02727272727272727 0.0528169014084507
0 0.46545454545454545 0.02112676056338028 0.01818181818181818 0.04225352112676056
0 0.4072727272727273 0.4841549295774648 0.025454545454545455 0.045774647887323945
0 0.610909090909091 0.3573943661971831 0.04363636363636364 0.13732394366197184
0 0.5272727272727272 0.2147887323943662 0.06181818181818182 0.19014084507042253
0 0.6172727272727273 0.3873239436619718 0.03090909090909091 0.07746478873239437
0 0.5809090909090909 0.14788732394366197 0.06 0.09154929577464789
0 0.6063636363636363 0.31338028169014087 0.038181818181818185 0.07042253521126761
0 0.5572727272727273 0.18309859154929578 0.10727272727272727 0.15492957746478875
