0 0.7743589743589744 0.2571428571428571 0.09230769230769231 0.16428571428571428
0 0.258974358974359 0.6321428571428571 0.09230769230769231 0.21428571428571427
0 0.6653846153846154 0.6375 0.08974358974358974 0.26785714285714285
0 0.3230769230769231 0.33749999999999997 0.07692307692307693 0.125
0 0.12692307692307692 0.425 0.07435897435897436 0.19999999999999998
0 0.43333333333333335 0.5053571428571428 0.07179487179487179 0.175
0 0.9320512820512821 0.5 0.0641025641025641 0.19999999999999998
0 0.5435897435897435 0.23214285714285712 0.06666666666666667 0.12857142857142856
0 0.6230769230769231 0.3696428571428571 0.06153846153846154 0.175
0 0.05384615384615385 0.28214285714285714 0.06666666666666667 0.15
0 0.15512820512820513 0.23392857142857143 0.06923076923076923 0.125
0 0.9230769230769231 0.19999999999999998 0.06666666666666667 0.12857142857142856
0 0.029487179487179487 0.09107142857142857 0.05897435897435897 0.175
