0 0.41634615384615387 0.556060606060606 0.20961538461538462 0.21515151515151515
0 0.5836538461538462 0.6090909090909091 0.12884615384615386 0.15151515151515152
0 0.6240384615384615 0.8090909090909091 0.04423076923076923 0.05454545454545454
0 0.5317307692307692 0.6984848484848485 0.025 0.03333333333333333
0 0.6990384615384616 0.8772727272727273 0.03653846153846154 0.045454545454545456
0 0.6605769230769231 0.7363636363636363 0.032692307692307694 0.03636363636363636
0 0.7490384615384615 0.6363636363636364 0.125 0.10909090909090909
0 0.5855769230769231 0.759090909090909 0.032692307692307694 0.051515151515151514
0 0.7048076923076924 0.6060606060606061 0.028846153846153848 0.05454545454545454
0 0.27884615384615385 0.5590909090909091 0.04230769230769231 0.05757575757575758
0 0.6125 0.7893939393939394 0.07500000000000001 0.08181818181818182
