0 0.5126849894291755 0.7482517482517482 0.06976744186046512 0.06993006993006994
0 0.7315010570824525 0.5503496503496503 0.06342494714587738 0.06853146853146853
0 0.5095137420718816 0.644055944055944 0.059196617336152224 0.06573426573426573
0 0.6247357293868923 0.6433566433566433 0.0613107822410148 0.06153846153846154
0 0.6247357293868923 0.5475524475524476 0.05708245243128964 0.06013986013986014
0 0.2674418604651163 0.6503496503496503 0.052854122621564484 0.06713286713286713
0 0.3879492600422833 0.651048951048951 0.048625792811839326 0.06573426573426573
0 0.7325581395348838 0.6433566433566433 0.05708245243128964 0.06153846153846154
0 0.16279069767441862 0.6503496503496503 0.042283298097251586 0.06153846153846154
0 0.14799154334038056 0.9482517482517483 0.046511627906976744 0.055944055944055944
0 0.386892177589852 0.5531468531468532 0.046511627906976744 0.057342657342657345
0 0.27272727272727276 0.5503496503496503 0.046511627906976744 0.06013986013986014
0 0.3594080338266385 0.11818181818181818 0.24101479915433405 0.23076923076923078
0 0.16173361522198731 0.5461538461538461 0.04439746300211417 0.05174825174825175
0 0.6670190274841438 0.4370629370629371 0.26004228329809725 0.04895104895104895
0 0.28224101479915437 0.4013986013986014 0.386892177589852 0.13986013986013987
