0 0.12849872773536897 0.4232142857142857 0.089058524173028 0.18214285714285713
0 0.5814249363867685 0.4482142857142857 0.06361323155216285 0.125
0 0.13867684478371503 0.18214285714285713 0.0534351145038168 0.15
0 0.2913486005089059 0.4392857142857143 0.11959287531806617 0.15714285714285714
0 0.8346055979643766 0.4375 0.06615776081424937 0.14642857142857144
0 0.12977099236641224 0.7339285714285714 0.050890585241730284 0.225
0 0.455470737913486 0.45 0.06106870229007634 0.1357142857142857
0 0.7239185750636132 0.4517857142857143 0.058524173027989825 0.13214285714285715
0 0.8536895674300256 0.16964285714285715 0.04834605597964377 0.175
0 0.28625954198473286 0.7232142857142857 0.04834605597964377 0.18928571428571428
0 0.7099236641221375 0.16607142857142856 0.04580152671755726 0.16785714285714284
0 0.6055979643765904 0.7214285714285714 0.04580152671755726 0.17142857142857143
0 0.5712468193384225 0.17678571428571427 0.04325699745547074 0.18214285714285713
0 0.4211195928753181 0.17678571428571427 0.04834605597964377 0.16785714285714284
0 0.44656488549618323 0.7160714285714286 0.03816793893129771 0.16785714285714284
0 0.27226463104325704 0.18035714285714285 0.04071246819338423 0.175
0 0.8740458015267176 0.7321428571428571 0.0534351145038168 0.09285714285714286
