0 0.7589743589743589 0.2375 0.05128205128205128 0.23928571428571427
0 0.05384615384615385 0.2589285714285714 0.05128205128205128 0.1607142857142857
0 0.2230769230769231 0.2375 0.041025641025641026 0.20357142857142857
0 0.9525641025641025 0.2642857142857143 0.04358974358974359 0.17142857142857143
0 0.4666666666666667 0.2875 0.035897435897435895 0.1392857142857143
0 0.5666666666666667 0.25 0.046153846153846156 0.19999999999999998
0 0.32051282051282054 0.2571428571428571 0.046153846153846156 0.15
0 0.13076923076923078 0.2232142857142857 0.046153846153846156 0.125
0 0.4141025641025641 0.2625 0.038461538461538464 0.125
0 0.6794871794871795 0.28928571428571426 0.041025641025641026 0.09999999999999999
