0 0.2672727272727273 0.5610376398779247 0.04727272727272727 0.04984740590030519
0 0.51 0.728382502543235 0.06 0.05696846388606307
0 0.26636363636363636 0.6444557477110885 0.05272727272727273 0.05595116988809766
0 0.38545454545454544 0.6444557477110885 0.05090909090909091 0.05595116988809766
0 0.5081818181818182 0.6414038657171922 0.05272727272727273 0.05188199389623601
0 0.14272727272727273 0.9008138351983723 0.05272727272727273 0.04374364191251272
0 0.6218181818181818 0.638351983723296 0.05454545454545454 0.04984740590030519
0 0.15181818181818182 0.6444557477110885 0.04181818181818182 0.05188199389623601
0 0.73 0.6398779247202442 0.056363636363636366 0.052899287894201424
0 0.3563636363636364 0.18972533062054933 0.2509090909090909 0.20040691759918616
0 0.73 0.5610376398779247 0.05272727272727273 0.05188199389623601
0 0.38272727272727275 0.5625635808748728 0.045454545454545456 0.048830111902339775
0 0.6663636363636364 0.46236012207527977 0.2672727272727273 0.03560528992878942
0 0.15272727272727274 0.5559511698880977 0.05090909090909091 0.04781281790437436
0 0.39181818181818184 0.811291963377416 0.038181818181818185 0.01525940996948118
