0 0.13793103448275862 0.4870218579234973 0.13348164627363737 0.11065573770491803
0 0.08565072302558398 0.3319672131147541 0.07341490545050056 0.10382513661202186
0 0.5695216907675195 0.0935792349726776 0.01557285873192436 0.020491803278688523
0 0.45773081201334814 0.5594262295081968 0.041156840934371525 0.050546448087431695
0 0.3709677419354839 0.6659836065573771 0.025583982202447165 0.04781420765027322
0 0.43548387096774194 0.383879781420765 0.041156840934371525 0.030054644808743168
0 0.36763070077864296 0.7383879781420765 0.025583982202447165 0.023224043715846996
0 0.052836484983314794 0.555327868852459 0.018909899888765295 0.015027322404371584
0 0.16907675194660735 0.6461748633879781 0.013348164627363737 0.01912568306010929
0 0.746384872080089 0.09289617486338798 0.017797552836484983 0.01912568306010929
0 0.7697441601779755 0.3668032786885246 0.01557285873192436 0.020491803278688523
0 0.46162402669632924 0.569672131147541 0.035595105672969966 0.03278688524590164
