0 0.12393162393162395 0.33214285714285713 0.05982905982905984 0.1357142857142857
0 0.5128205128205129 0.3392857142857143 0.05982905982905984 0.11428571428571428
0 0.32264957264957267 0.33214285714285713 0.06410256410256411 0.12142857142857143
0 0.7072649572649573 0.3392857142857143 0.07264957264957266 0.10714285714285714
0 0.5128205128205129 0.09821428571428571 0.06837606837606838 0.09642857142857142
0 0.6923076923076924 0.5714285714285714 0.05982905982905984 0.08571428571428572
0 0.8803418803418804 0.5589285714285714 0.05128205128205129 0.11785714285714285
0 0.5128205128205129 0.575 0.06837606837606838 0.09285714285714286
0 0.1217948717948718 0.09821428571428571 0.07264957264957266 0.08928571428571429
0 0.13247863247863248 0.5821428571428571 0.07692307692307693 0.09999999999999999
0 0.8974358974358976 0.7999999999999999 0.06837606837606838 0.09999999999999999
0 0.8632478632478633 0.3392857142857143 0.05982905982905984 0.08571428571428572
0 0.31410256410256415 0.10178571428571428 0.07264957264957266 0.06785714285714285
0 0.5192307692307693 0.7964285714285714 0.07264957264957266 0.10714285714285714
0 0.11538461538461539 0.7946428571428571 0.06837606837606838 0.10357142857142856
0 0.6923076923076924 0.08571428571428572 0.06837606837606838 0.08571428571428572
