0 0.5355555555555556 0.05333333333333334 0.07111111111111111 0.1
0 0.6022222222222222 0.935 0.026666666666666665 0.06333333333333334
0 0.73 0.53 0.08222222222222222 0.18000000000000002
0 0.76 0.8566666666666667 0.10222222222222223 0.18000000000000002
0 0.4066666666666667 0.8416666666666667 0.03111111111111111 0.05666666666666667
0 0.6 0.505 0.026666666666666665 0.05
0 0.7166666666666667 0.2866666666666667 0.05555555555555555 0.15333333333333335
0 0.25 0.7833333333333334 0.028888888888888888 0.060000000000000005
0 0.54 0.3566666666666667 0.06666666666666667 0.11333333333333334
0 0.7588888888888888 0.685 0.12222222222222222 0.5033333333333334
