1 0.75703125 0.6361111111111112 0.0328125 0.044444444444444446
1 0.6976562500000001 0.63125 0.0328125 0.04583333333333334
1 0.444140625 0.23055555555555557 0.057031250000000006 0.05277777777777778
1 0.36484375 0.052083333333333336 0.034375 0.09861111111111112
1 0.9421875000000001 0.5743055555555556 0.0140625 0.02638888888888889
1 0.66171875 0.5597222222222222 0.037500000000000006 0.12222222222222223
1 0.6214843750000001 0.47222222222222227 0.02734375 0.06666666666666667
1 0.5875 0.36736111111111114 0.0421875 0.11527777777777778
1 0.52109375 0.3111111111111111 0.09531250000000001 0.06944444444444445
0 0.794921875 0.3791666666666667 0.39140625 0.48333333333333334
0 0.536328125 0.12291666666666667 0.29296875 0.23194444444444445
