1 0.7441964285714285 0.48671875000000003 0.08303571428571428 0.06406250000000001
1 0.44107142857142856 0.6101562500000001 0.05178571428571428 0.0703125
1 0.5566964285714285 0.58203125 0.05089285714285714 0.026562500000000003
1 0.6316964285714286 0.54453125 0.01875 0.0203125
1 0.6830357142857143 0.52265625 0.019642857142857142 0.0234375
1 0.7129464285714285 0.4 0.009821428571428571 0.021875000000000002
1 0.6888392857142857 0.39921875 0.016964285714285713 0.0328125
1 0.6330357142857143 0.3921875 0.02857142857142857 0.025
1 0.5580357142857143 0.40703125 0.09107142857142857 0.051562500000000004
1 0.4915178571428571 0.40859375000000003 0.01875 0.0171875
1 0.17410714285714285 0.665625 0.019642857142857142 0.028125
1 0.09999999999999999 0.6125 0.026785714285714284 0.028125
1 0.3080357142857143 0.6898437500000001 0.16964285714285715 0.1390625
0 0.5723214285714285 0.33046875000000003 0.6464285714285715 0.6453125000000001
1 0.22410714285714284 0.56171875 0.008928571428571428 0.0140625
