1 0.8046875 0.6725260416666666 0.208984375 0.03515625
1 0.8779296875 0.7467447916666666 0.017578125 0.01953125
1 0.76806640625 0.71484375 0.0302734375 0.020833333333333332
1 0.55712890625 0.7141927083333333 0.0654296875 0.04296875
1 0.39990234375 0.7330729166666666 0.0478515625 0.03125
1 0.3359375 0.72265625 0.056640625 0.041666666666666664
1 0.27197265625 0.7174479166666666 0.0283203125 0.028645833333333332
1 0.228515625 0.708984375 0.02734375 0.02734375
1 0.17236328125 0.6966145833333333 0.0224609375 0.020833333333333332
1 0.30712890625 0.6712239583333333 0.0439453125 0.022135416666666664
1 0.47509765625 0.6959635416666666 0.0576171875 0.02734375
1 0.85498046875 0.5657552083333333 0.0302734375 0.014322916666666666
0 0.568359375 0.37369791666666663 0.849609375 0.7395833333333333
1 0.58642578125 0.6803385416666666 0.0166015625 0.01171875
