1 0.8382812500000001 0.8153409090909091 0.1546875 0.2215909090909091
1 0.675 0.8366477272727273 0.037500000000000006 0.06534090909090909
1 0.28359375000000003 0.7869318181818182 0.1015625 0.10227272727272728
1 0.4 0.6150568181818182 0.1125 0.16193181818181818
1 0.44921875 0.17755681818181818 0.07968750000000001 0.24147727272727273
1 0.29140625000000003 0.42613636363636365 0.0859375 0.07954545454545454
1 0.24531250000000002 0.30965909090909094 0.03125 0.05681818181818182
1 0.11328125 0.36079545454545453 0.0890625 0.06818181818181818
1 0.5906250000000001 0.2684659090909091 0.065625 0.06534090909090909
1 0.40546875000000004 0.9261363636363636 0.0546875 0.03409090909090909
1 0.48125 0.43892045454545453 0.08750000000000001 0.19602272727272727
1 0.59140625 0.8565340909090909 0.045312500000000006 0.04261363636363637
