1 0.942578548212351 0.3157467532467533 0.09967497291440953 0.11525974025974027
1 0.8304442036836402 0.3603896103896104 0.085590465872156 0.05194805194805195
1 0.7535211267605634 0.36769480519480524 0.02275189599133261 0.04383116883116883
1 0.6516793066088841 0.38717532467532473 0.04008667388949079 0.040584415584415584
1 0.5893824485373781 0.3928571428571429 0.03683640303358613 0.061688311688311695
1 0.5102925243770314 0.4277597402597403 0.041170097508125676 0.05032467532467533
1 0.437703141928494 0.463474025974026 0.023835319609967497 0.04707792207792208
1 0.39165763813651133 0.4553571428571429 0.0704225352112676 0.07305194805194806
1 0.1836403033586132 0.510551948051948 0.1635969664138678 0.06980519480519481
1 0.06879739978331527 0.510551948051948 0.06175514626218851 0.09253246753246754
0 0.9030335861321777 0.16152597402597405 0.18309859154929575 0.3133116883116883
