1 0.75703125 0.37357954545454547 0.09531250000000001 0.17897727272727273
1 0.63671875 0.45028409090909094 0.0890625 0.13920454545454547
1 0.5515625000000001 0.6548295454545455 0.1875 0.21875
1 0.42578125 0.8551136363636364 0.0546875 0.10227272727272728
1 0.25859375 0.5553977272727273 0.1484375 0.2528409090909091
1 0.0328125 0.5269886363636364 0.059375000000000004 0.1278409090909091
1 0.5078125 0.3153409090909091 0.0625 0.1875
1 0.546875 0.1534090909090909 0.05625 0.05113636363636364
1 0.5476562500000001 0.045454545454545456 0.035937500000000004 0.045454545454545456
0 0.284375 0.39488636363636365 0.25 0.40340909090909094
