1 0.7994791666666666 0.7736111111111111 0.03229166666666666 0.062037037037037036
1 0.734375 0.8162037037037038 0.051041666666666666 0.05462962962962963
1 0.625 0.7560185185185185 0.04375 0.05277777777777778
1 0.5828125 0.8074074074074075 0.10104166666666667 0.04814814814814815
1 0.6098958333333333 0.6916666666666667 0.007291666666666667 0.011111111111111112
1 0.31666666666666665 0.5856481481481481 0.015625 0.01388888888888889
1 0.45677083333333335 0.8495370370370371 0.06041666666666667 0.012037037037037037
1 0.3924479166666667 0.850925925925926 0.0109375 0.009259259259259259
1 0.35260416666666666 0.8495370370370371 0.05 0.012037037037037037
1 0.3138020833333333 0.8611111111111112 0.011979166666666666 0.012962962962962964
1 0.2877604166666667 0.8643518518518519 0.024479166666666666 0.015740740740740743
1 0.26197916666666665 0.862962962962963 0.014583333333333334 0.011111111111111112
1 0.13333333333333333 0.8583333333333334 0.06354166666666666 0.018518518518518517
1 0.2140625 0.8523148148148149 0.013541666666666667 0.010185185185185186
1 0.5028645833333333 0.7342592592592593 0.0234375 0.02962962962962963
1 0.36276041666666664 0.7171296296296297 0.0234375 0.02314814814814815
1 0.3848958333333333 0.7462962962962963 0.036458333333333336 0.022222222222222223
1 0.5166666666666666 0.6824074074074075 0.14375 0.07037037037037037
1 0.3611979166666667 0.6601851851851852 0.11614583333333334 0.12222222222222223
0 0.6213541666666667 0.6680555555555556 0.5958333333333333 0.3212962962962963
0 0.26328125 0.8495370370370371 0.12552083333333333 0.03981481481481482
