0 0.50390625 0.1736111111111111 0.9703125 0.3138888888888889
1 0.2703125 0.12083333333333333 0.18125000000000002 0.19722222222222224
1 0.4859375 0.25 0.115625 0.10555555555555556
1 0.38046875 0.1763888888888889 0.0328125 0.04722222222222222
1 0.453125 0.1125 0.046875 0.06944444444444445
1 0.34375 0.2138888888888889 0.028125 0.03888888888888889
1 0.9085937500000001 0.2972222222222222 0.17343750000000002 0.18333333333333335
1 0.81171875 0.18055555555555555 0.0234375 0.03888888888888889
1 0.7562500000000001 0.27222222222222225 0.053125000000000006 0.05
1 0.6453125000000001 0.2833333333333333 0.06875 0.03888888888888889
