1 0.8195679796696316 0.4544270833333333 0.08386277001270648 0.09635416666666666
1 0.9129606099110547 0.23567708333333331 0.03939008894536214 0.06510416666666666
1 0.8290978398983482 0.24609375 0.04193138500635324 0.0546875
1 0.5870393900889453 0.2734375 0.04066073697585769 0.046875
1 0.5743329097839899 0.5455729166666666 0.04066073697585769 0.05989583333333333
1 0.27001270648030495 0.7122395833333333 0.09021601016518425 0.0859375
1 0.3335451080050826 0.3763020833333333 0.03939008894536214 0.0546875
1 0.4739517153748412 0.20442708333333331 0.02795425667090216 0.0546875
1 0.2693773824650572 0.16927083333333331 0.0457433290978399 0.046875
1 0.39135959339263027 0.1328125 0.043202033036848796 0.06770833333333333
1 0.32147395171537485 0.078125 0.025412960609911057 0.041666666666666664
