0 0.7470518867924528 0.6791666666666667 0.49410377358490565 0.6208333333333333
1 0.9363207547169811 0.61875 0.11320754716981132 0.05416666666666667
1 0.7435141509433962 0.7041666666666666 0.20636792452830188 0.075
1 0.6090801886792453 0.653125 0.03891509433962264 0.06458333333333333
1 0.5436320754716981 0.5666666666666667 0.0589622641509434 0.07916666666666666
1 0.5241745283018868 0.45208333333333334 0.0294811320754717 0.041666666666666664
1 0.9646226415094339 0.5166666666666666 0.023584905660377357 0.07083333333333333
1 0.6214622641509434 0.030208333333333334 0.03537735849056604 0.03125
0 0.7205188679245282 0.10104166666666667 0.5400943396226415 0.18541666666666667
1 0.8189858490566038 0.175 0.01768867924528302 0.020833333333333332
