1 0.6703125 0.6423611111111112 0.040625 0.018055555555555557
1 0.47760416666666666 0.6687500000000001 0.021875 0.020833333333333336
1 0.3546875 0.6013888888888889 0.02395833333333333 0.019444444444444445
1 0.3171875 0.6041666666666667 0.019791666666666666 0.019444444444444445
1 0.4083333333333333 0.5868055555555556 0.05625 0.034722222222222224
1 0.15625 0.44583333333333336 0.06458333333333333 0.025
1 0.8791666666666667 0.5256944444444445 0.041666666666666664 0.0375
1 0.4578125 0.44722222222222224 0.015625 0.016666666666666666
1 0.24635416666666665 0.46875 0.021875 0.018055555555555557
1 0.2203125 0.43194444444444446 0.03229166666666666 0.022222222222222223
0 0.8505208333333333 0.49583333333333335 0.14479166666666665 0.11944444444444445
0 0.6666666666666666 0.5798611111111112 0.1125 0.1513888888888889
0 0.5515625 0.6236111111111111 0.036458333333333336 0.0638888888888889
0 0.4770833333333333 0.6402777777777778 0.04375 0.08333333333333334
0 0.22291666666666665 0.5027777777777778 0.43124999999999997 0.25833333333333336
0 0.4125 0.4222222222222222 0.10416666666666667 0.058333333333333334
