1 0.42291666666666666 0.6842592592592592 0.05520833333333333 0.0462962962962963
1 0.4067708333333333 0.7402777777777778 0.04479166666666667 0.03981481481481482
1 0.30755208333333334 0.7569444444444444 0.06927083333333334 0.0712962962962963
1 0.46796875 0.8157407407407408 0.0359375 0.020370370370370372
1 0.24036458333333333 0.812962962962963 0.0328125 0.031481481481481485
1 0.4752604166666667 0.7115740740740741 0.024479166666666666 0.05277777777777778
0 0.4393229166666667 0.7092592592592593 0.42552083333333335 0.2518518518518519
1 0.6447916666666667 0.6291666666666667 0.017708333333333333 0.030555555555555558
1 0.57890625 0.7203703703703704 0.0109375 0.016666666666666666
1 0.5458333333333333 0.7680555555555556 0.008333333333333333 0.012037037037037037
