1 0.520703125 0.5604166666666667 0.09765625 0.051388888888888894
1 0.43984375000000003 0.5555555555555556 0.029687500000000002 0.036111111111111115
1 0.3796875 0.5645833333333333 0.0859375 0.05416666666666667
1 0.312109375 0.6138888888888889 0.03671875 0.058333333333333334
1 0.15781250000000002 0.6979166666666667 0.018750000000000003 0.043055555555555555
1 0.767578125 0.6888888888888889 0.047656250000000004 0.07777777777777778
1 0.712890625 0.6618055555555555 0.00859375 0.015277777777777779
1 0.69296875 0.6 0.0125 0.025
1 0.6125 0.46805555555555556 0.037500000000000006 0.061111111111111116
0 0.5007812500000001 0.48888888888888893 0.9890625000000001 0.9638888888888889
