1 0.3738207547169811 0.6322916666666667 0.1981132075471698 0.10208333333333333
1 0.24528301886792453 0.60625 0.04716981132075471 0.05416666666666667
1 0.18985849056603774 0.528125 0.04952830188679245 0.06875
1 0.205188679245283 0.40729166666666666 0.02830188679245283 0.04791666666666666
1 0.9734669811320754 0.45208333333333334 0.04834905660377358 0.0375
1 0.7641509433962264 0.334375 0.05424528301886792 0.03958333333333333
1 0.6709905660377358 0.58125 0.30424528301886794 0.0875
1 0.6609669811320754 0.24687499999999998 0.012971698113207546 0.027083333333333334
1 0.8997641509433962 0.5072916666666667 0.014150943396226415 0.03125
0 0.5813679245283019 0.5 0.830188679245283 0.9791666666666666
1 0.5129716981132075 0.13125 0.011792452830188678 0.025
1 0.5913915094339622 0.4479166666666667 0.015330188679245283 0.04583333333333333
