1 0.5140625 0.3736111111111111 0.153125 0.20277777777777778
1 0.33906250000000004 0.37777777777777777 0.07500000000000001 0.1277777777777778
1 0.6882812500000001 0.33333333333333337 0.08281250000000001 0.1
1 0.9484375 0.35555555555555557 0.09375 0.1
1 0.8515625 0.4222222222222222 0.0 0.0
1 0.8203125 0.39861111111111114 0.0625 0.04722222222222222
0 0.73046875 0.22083333333333335 0.46406250000000004 0.4027777777777778
0 0.18671875000000002 0.2513888888888889 0.3484375 0.4638888888888889
1 0.6726562500000001 0.4416666666666667 0.0484375 0.02777777777777778
1 0.734375 0.47500000000000003 0.025 0.03333333333333333
