1 0.5973684210526315 0.21606864274570983 0.026315789473684213 0.0358814352574103
1 0.8956140350877193 0.5585023400936038 0.18771929824561404 0.1591263650546022
1 0.6728070175438596 0.5702028081123245 0.2192982456140351 0.0795631825273011
1 0.737280701754386 0.7581903276131046 0.07280701754385965 0.0655226209048362
1 0.6692982456140351 0.8166926677067083 0.042105263157894736 0.0421216848673947
1 0.6105263157894737 0.8049921996879875 0.06315789473684211 0.14040561622464898
1 0.5890350877192982 0.6778471138845554 0.04473684210526316 0.057722308892355696
1 0.5324561403508772 0.6973478939157567 0.052631578947368425 0.0748829953198128
1 0.5552631578947369 0.6107644305772231 0.05964912280701754 0.060842433697347896
1 0.3557017543859649 0.6801872074882995 0.0412280701754386 0.0655226209048362
1 0.29780701754385963 0.7012480499219969 0.05526315789473684 0.0670826833073323
1 0.19210526315789475 0.6794071762870515 0.15087719298245614 0.15132605304212168
1 0.05175438596491228 0.7457098283931357 0.07894736842105263 0.1060842433697348
1 0.41096491228070176 0.6653666146645866 0.034210526315789476 0.0514820592823713
0 0.4982456140350877 0.4017160686427457 0.980701754385965 0.7535101404056163
