1 0.9476562500000001 0.5152777777777778 0.05625 0.044444444444444446
1 0.83125 0.5652777777777778 0.11875000000000001 0.0638888888888889
1 0.7171875000000001 0.5930555555555556 0.0859375 0.04166666666666667
1 0.595703125 0.6347222222222223 0.022656250000000003 0.022222222222222223
1 0.5574218750000001 0.6166666666666667 0.02421875 0.05
1 0.453125 0.6805555555555556 0.06875 0.03888888888888889
1 0.354296875 0.6666666666666667 0.01953125 0.025
1 0.28554687500000003 0.7298611111111112 0.11796875000000001 0.04027777777777778
1 0.19882812500000002 0.7708333333333334 0.04609375 0.036111111111111115
1 0.07265625 0.7722222222222223 0.0625 0.04722222222222222
0 0.498828125 0.45555555555555555 0.98984375 0.7083333333333334
