1 0.5670833333333334 0.7106250000000001 0.0275 0.09875
1 0.5233333333333333 0.77875 0.08666666666666667 0.075
1 0.4729166666666667 0.729375 0.01916666666666667 0.02125
1 0.6633333333333333 0.5475 0.07166666666666667 0.07
1 0.5366666666666667 0.964375 0.03166666666666667 0.03875
1 0.21125000000000002 0.14250000000000002 0.0275 0.0325
1 0.2016666666666667 0.19375 0.02 0.03
0 0.5025000000000001 0.499375 0.9866666666666667 0.9862500000000001
1 0.45833333333333337 0.46875 0.06833333333333334 0.085
1 0.545 0.47375 0.06166666666666667 0.0525
1 0.63375 0.446875 0.0275 0.02875
