1 0.9910156250000001 0.6034722222222223 0.014843750000000001 0.02361111111111111
1 0.930859375 0.6083333333333334 0.01640625 0.022222222222222223
1 0.878515625 0.5972222222222222 0.01171875 0.030555555555555558
1 0.925390625 0.43472222222222223 0.02109375 0.022222222222222223
1 0.9007812500000001 0.39861111111111114 0.0125 0.025
1 0.267578125 0.3368055555555556 0.039843750000000004 0.04027777777777778
1 0.15625 0.24583333333333335 0.0171875 0.022222222222222223
1 0.14609375 0.23333333333333334 0.0 0.0
1 0.109765625 0.20833333333333334 0.039843750000000004 0.03333333333333333
1 0.042578125 0.18680555555555556 0.07265625 0.034722222222222224
0 0.5027343750000001 0.3666666666666667 0.9867187500000001 0.7222222222222222
