1 0.412890625 0.10625 0.047656250000000004 0.06527777777777778
1 0.283984375 0.13611111111111113 0.18671875000000002 0.125
1 0.16171875000000002 0.19583333333333333 0.034375 0.07222222222222223
1 0.423828125 0.5256944444444445 0.02734375 0.04027777777777778
1 0.505859375 0.11388888888888889 0.02421875 0.04166666666666667
1 0.5222656250000001 0.28541666666666665 0.014843750000000001 0.043055555555555555
1 0.35976562500000003 0.4534722222222222 0.013281250000000001 0.020833333333333336
0 0.614453125 0.7055555555555556 0.59765625 0.5805555555555556
1 0.6101562500000001 0.3805555555555556 0.018750000000000003 0.05
1 0.6253906250000001 0.39861111111111114 0.013281250000000001 0.025
