1 0.56484375 0.33819444444444446 0.0484375 0.07083333333333333
1 0.486328125 0.7930555555555556 0.017968750000000002 0.09444444444444444
1 0.483203125 0.8944444444444445 0.013281250000000001 0.06666666666666667
1 0.467578125 0.9673611111111111 0.02109375 0.059722222222222225
1 0.5171875 0.3277777777777778 0.015625 0.019444444444444445
1 0.451953125 0.08263888888888889 0.01953125 0.03194444444444445
1 0.4921875 0.25625000000000003 0.05625 0.05694444444444444
1 0.413671875 0.20277777777777778 0.07421875 0.0638888888888889
1 0.240234375 0.19652777777777777 0.12109375 0.09027777777777778
1 0.34375 0.18819444444444444 0.028125 0.0375
0 0.39570312500000004 0.5041666666666667 0.51484375 0.9833333333333334
1 0.521875 0.5694444444444444 0.08750000000000001 0.3027777777777778
