1 0.8175 0.7310838445807771 0.095 0.12474437627811862
1 0.7408333333333333 0.7218813905930471 0.05166666666666667 0.0572597137014315
1 0.5541666666666667 0.801635991820041 0.29833333333333334 0.18813905930470348
1 0.7191666666666667 0.6083844580777097 0.055 0.12065439672801637
1 0.5791666666666667 0.6390593047034765 0.095 0.12065439672801637
1 0.41250000000000003 0.5255623721881391 0.085 0.14314928425357876
1 0.36750000000000005 0.6400817995910021 0.07166666666666667 0.12678936605316973
1 0.7116666666666667 0.9621676891615543 0.05333333333333334 0.04703476482617587
1 0.47500000000000003 0.3220858895705522 0.5533333333333333 0.4519427402862986
0 0.4991666666666667 0.30368098159509205 0.9750000000000001 0.5787321063394684
