0 0.6671875 0.4625 0.634375 0.763888888888889
1 0.253125 0.7513888888888889 0.046875 0.0638888888888889
1 0.1953125 0.7486111111111111 0.018750000000000003 0.04722222222222222
1 0.15859375 0.7166666666666667 0.029687500000000002 0.02777777777777778
1 0.045312500000000006 0.6708333333333334 0.018750000000000003 0.025
1 0.017968750000000002 0.6527777777777778 0.0234375 0.044444444444444446
1 0.09921875000000001 0.6888888888888889 0.0203125 0.02777777777777778
1 0.4234375 0.5111111111111112 0.05 0.1
1 0.53515625 0.7277777777777779 0.16718750000000002 0.15
1 0.4109375 0.7347222222222223 0.08750000000000001 0.17500000000000002
1 0.7140625 0.5666666666666667 0.0625 0.10555555555555556
1 0.6609375000000001 0.6666666666666667 0.059375000000000004 0.03333333333333333
