1 0.903125 0.24861111111111112 0.027083333333333334 0.03796296296296296
1 0.8002604166666667 0.32546296296296295 0.015104166666666667 0.025
1 0.2700520833333333 0.725925925925926 0.06927083333333334 0.14444444444444446
1 0.39479166666666665 0.6277777777777778 0.034375 0.10925925925925926
1 0.3463541666666667 0.6620370370370371 0.026041666666666668 0.07222222222222223
1 0.6791666666666667 0.45462962962962966 0.10208333333333333 0.07962962962962963
0 0.8565104166666666 0.250462962962963 0.08072916666666667 0.0712962962962963
0 0.6533854166666666 0.33611111111111114 0.1734375 0.40185185185185185
0 0.30416666666666664 0.5453703703703704 0.3416666666666667 0.40185185185185185
1 0.18307291666666667 0.788425925925926 0.05677083333333333 0.08055555555555556
1 0.11692708333333333 0.8083333333333333 0.03802083333333333 0.04814814814814815
