1 0.630078125 0.5118055555555556 0.11953125 0.1763888888888889
1 0.40273437500000003 0.5402777777777777 0.25703125 0.16944444444444445
1 0.4921875 0.16805555555555557 0.0890625 0.17777777777777778
1 0.34687500000000004 0.13472222222222222 0.0921875 0.20277777777777778
1 0.251953125 0.33958333333333335 0.04296875 0.07083333333333333
1 0.17109375000000002 0.32569444444444445 0.06406250000000001 0.08194444444444444
1 0.14609375 0.2326388888888889 0.05625 0.0625
1 0.11953125 0.3909722222222222 0.018750000000000003 0.020833333333333336
1 0.19609375 0.5965277777777778 0.028125 0.029166666666666667
1 0.139453125 0.6173611111111111 0.025781250000000002 0.0375
1 0.044140625 0.2763888888888889 0.08359375000000001 0.1388888888888889
0 0.21953125 0.22222222222222224 0.42812500000000003 0.4027777777777778
