1 0.8148437500000001 0.375 0.1046875 0.1875
1 0.7039062500000001 0.4403409090909091 0.09843750000000001 0.16477272727272727
1 0.64453125 0.6747159090909091 0.11406250000000001 0.1903409090909091
1 0.48281250000000003 0.84375 0.065625 0.09090909090909091
1 0.5398437500000001 0.578125 0.026562500000000003 0.048295454545454544
1 0.5828125000000001 0.2556818181818182 0.08750000000000001 0.2840909090909091
1 0.61640625 0.03551136363636364 0.051562500000000004 0.06534090909090909
1 0.3796875 0.6079545454545455 0.037500000000000006 0.07386363636363637
1 0.29140625000000003 0.5397727272727273 0.1078125 0.23295454545454547
1 0.06953125 0.5198863636363636 0.1171875 0.13636363636363635
1 0.2421875 0.7471590909090909 0.06875 0.125
0 0.35703125 0.40482954545454547 0.2265625 0.36079545454545453
