0 0.4614583333333333 0.6888888888888889 0.4666666666666667 0.2851851851851852
1 0.47942708333333334 0.8231481481481482 0.0265625 0.016666666666666666
1 0.57265625 0.7361111111111112 0.022395833333333334 0.031481481481481485
1 0.5294270833333333 0.7111111111111111 0.018229166666666668 0.02962962962962963
1 0.4497395833333333 0.7337962962962963 0.0067708333333333336 0.015740740740740743
1 0.3653645833333333 0.7055555555555556 0.03802083333333333 0.05185185185185186
1 0.39817708333333335 0.725 0.01614583333333333 0.014814814814814815
1 0.4010416666666667 0.6902777777777778 0.0125 0.015740740740740743
1 0.6705729166666666 0.6490740740740741 0.018229166666666668 0.020370370370370372
1 0.19739583333333333 0.8138888888888889 0.016666666666666666 0.022222222222222223
1 0.61953125 0.6907407407407408 0.013020833333333334 0.014814814814814815
1 0.5213541666666667 0.7990740740740742 0.01875 0.018518518518518517
1 0.6854166666666667 0.5990740740740741 0.009375 0.014814814814814815
