1 0.9671875000000001 0.45555555555555555 0.0421875 0.03888888888888889
1 0.8718750000000001 0.38958333333333334 0.0140625 0.05416666666666667
1 0.9675781250000001 0.6354166666666667 0.01953125 0.034722222222222224
1 0.8828125 0.6013888888888889 0.0171875 0.03333333333333333
1 0.292578125 0.36180555555555555 0.08359375000000001 0.07083333333333333
1 0.201953125 0.3055555555555556 0.07890625000000001 0.061111111111111116
1 0.13515625 0.23958333333333334 0.025 0.02361111111111111
1 0.064453125 0.20625000000000002 0.06015625 0.0375
0 0.499609375 0.37222222222222223 0.98984375 0.7277777777777779
1 0.405859375 0.4395833333333333 0.013281250000000001 0.020833333333333336
