1 0.6531250000000001 0.576388888888889 0.0390625 0.058333333333333334
1 0.6160156250000001 0.5618055555555556 0.025781250000000002 0.018055555555555557
1 0.5847656250000001 0.6131944444444445 0.06328125 0.07916666666666666
1 0.58046875 0.5652777777777778 0.0140625 0.016666666666666666
1 0.533203125 0.5729166666666667 0.05234375 0.029166666666666667
1 0.5378906250000001 0.6236111111111111 0.02109375 0.019444444444444445
1 0.4265625 0.5993055555555555 0.07500000000000001 0.05694444444444444
1 0.566015625 0.6833333333333333 0.030468750000000003 0.0638888888888889
1 0.3640625 0.6055555555555556 0.018750000000000003 0.022222222222222223
1 0.32109375 0.5888888888888889 0.026562500000000003 0.025
1 0.19062500000000002 0.5423611111111112 0.018750000000000003 0.02361111111111111
0 0.3796875 0.37569444444444444 0.7125 0.7208333333333333
