0 0.501171875 0.36597222222222225 0.99140625 0.7236111111111111
1 0.9734375000000001 0.65 0.0140625 0.036111111111111115
1 0.9636718750000001 0.44375000000000003 0.014843750000000001 0.015277777777777779
1 0.94921875 0.4638888888888889 0.018750000000000003 0.019444444444444445
1 0.8796875000000001 0.6020833333333333 0.015625 0.04027777777777778
1 0.41445312500000003 0.45208333333333334 0.03828125 0.04027777777777778
1 0.311328125 0.3784722222222222 0.03671875 0.03194444444444445
1 0.27773437500000003 0.35625 0.014843750000000001 0.018055555555555557
1 0.19453125000000002 0.2951388888888889 0.09843750000000001 0.09861111111111112
1 0.13593750000000002 0.24097222222222223 0.018750000000000003 0.018055555555555557
1 0.082421875 0.2138888888888889 0.025781250000000002 0.025
1 0.037500000000000006 0.19791666666666669 0.0140625 0.0375
