0 0.3821614583333333 0.4423828125 0.76171875 0.869140625
1 0.4915364583333333 0.44580078125 0.3841145833333333 0.0283203125
1 0.4407552083333333 0.50439453125 0.40494791666666663 0.0205078125
1 0.41861979166666663 0.5263671875 0.34765625 0.015625
1 0.32291666666666663 0.55322265625 0.3880208333333333 0.0283203125
1 0.046875 0.5498046875 0.0859375 0.0625
1 0.11653645833333333 0.40380859375 0.15494791666666666 0.0361328125
1 0.12825520833333331 0.63427734375 0.24088541666666666 0.0830078125
1 0.5182291666666666 0.66650390625 0.15104166666666666 0.0263671875
1 0.4375 0.7333984375 0.1875 0.1015625
1 0.30338541666666663 0.6884765625 0.0390625 0.021484375
1 0.5201822916666666 0.814453125 0.03255208333333333 0.025390625
1 0.4348958333333333 0.8310546875 0.078125 0.041015625
1 0.6184895833333333 0.6044921875 0.041666666666666664 0.060546875
1 0.7356770833333333 0.46875 0.028645833333333332 0.01953125
1 0.6979166666666666 0.37744140625 0.0859375 0.0185546875
1 0.6100260416666666 0.240234375 0.06640625 0.01953125
1 0.6985677083333333 0.27880859375 0.05859375 0.0439453125
1 0.3450520833333333 0.42236328125 0.15885416666666666 0.0205078125
