1 0.833203125 0.49694501018329934 0.25390625 0.1670061099796334
1 0.58984375 0.670061099796334 0.0921875 0.13849287169042768
1 0.6101562500000001 0.5285132382892056 0.0171875 0.03462321792260692
1 0.48867187500000003 0.45010183299389 0.03828125 0.06109979633401221
1 0.43593750000000003 0.5295315682281059 0.03125 0.07739307535641547
1 0.17890625000000002 0.4429735234215886 0.009375000000000001 0.01425661914460285
1 0.14960937500000002 0.45112016293279017 0.01015625 0.030549898167006106
1 0.073046875 0.5244399185336048 0.00859375 0.026476578411405292
1 0.144140625 0.4918533604887983 0.00859375 0.02240325865580448
1 0.06328125 0.7281059063136456 0.0328125 0.04684317718940936
1 0.02109375 0.7342158859470468 0.040625 0.03462321792260692
1 0.036328125 0.6466395112016292 0.025781250000000002 0.038696537678207736
1 0.062890625 0.7861507128309572 0.047656250000000004 0.03665987780040733
1 0.29375 0.565173116089613 0.03125 0.13238289205702647
1 0.3203125 0.3686354378818737 0.015625 0.07739307535641547
1 0.229296875 0.7566191446028513 0.17734375000000002 0.0875763747454175
1 0.253125 0.625254582484725 0.0171875 0.032586558044806514
1 0.20664062500000002 0.6690427698574337 0.013281250000000001 0.02240325865580448
1 0.6828125 0.5835030549898167 0.037500000000000006 0.12016293279022403
1 0.671875 0.44399185336048874 0.0234375 0.12219959266802442
0 0.6015625 0.3116089613034623 0.7921875 0.6069246435845214
0 0.114453125 0.32382892057026474 0.16640625 0.2810590631364562
0 0.057421875000000004 0.570264765784114 0.08203125 0.1140529531568228
