1 0.8443396226415094 0.2833333333333333 0.0330188679245283 0.05
1 0.7446933962264151 0.53125 0.08372641509433962 0.058333333333333334
1 0.42806603773584906 0.68125 0.14858490566037735 0.5458333333333333
1 0.19339622641509432 0.39166666666666666 0.17452830188679244 0.17916666666666667
1 0.173938679245283 0.09583333333333333 0.031839622641509434 0.025
1 0.10672169811320754 0.24166666666666667 0.015330188679245283 0.06666666666666667
0 0.49410377358490565 0.684375 0.3938679245283019 0.6145833333333334
0 0.1420990566037736 0.29375 0.27712264150943394 0.5125
1 0.12912735849056603 0.15 0.0294811320754717 0.05
1 0.5371462264150944 0.9166666666666666 0.015330188679245283 0.025
