1 0.9666666666666667 0.5011904761904762 0.06666666666666667 0.05952380952380953
1 0.77 0.5904761904761905 0.21000000000000002 0.06190476190476191
1 0.6366666666666667 0.6023809523809525 0.02666666666666667 0.01904761904761905
1 0.29083333333333333 0.5869047619047619 0.07833333333333334 0.05476190476190477
1 0.5658333333333334 0.6083333333333334 0.021666666666666667 0.02142857142857143
1 0.8375 0.5047619047619049 0.11833333333333335 0.0380952380952381
1 0.7383333333333334 0.3547619047619048 0.04 0.06666666666666668
1 0.7333333333333334 0.4833333333333334 0.07 0.06666666666666668
1 0.5225000000000001 0.30952380952380953 0.125 0.05238095238095239
1 0.41833333333333333 0.37500000000000006 0.05333333333333334 0.07857142857142858
1 0.335 0.4 0.08 0.0380952380952381
1 0.10500000000000001 0.47261904761904766 0.12333333333333334 0.04047619047619048
1 0.42500000000000004 0.6416666666666667 0.030000000000000002 0.030952380952380953
1 0.6741666666666667 0.3404761904761905 0.028333333333333335 0.03333333333333334
1 0.9816666666666667 0.5452380952380953 0.030000000000000002 0.028571428571428574
0 0.5033333333333334 0.3238095238095238 0.9766666666666667 0.6142857142857143
