1 0.9327521793275217 0.30128205128205127 0.0821917808219178 0.07692307692307693
1 0.9283935242839353 0.1346153846153846 0.0186799501867995 0.03205128205128205
1 0.6924034869240349 0.14102564102564102 0.0273972602739726 0.08974358974358974
1 0.5865504358655044 0.6666666666666666 0.052303860523038606 0.07051282051282051
1 0.5037359900373599 0.30448717948717946 0.021170610211706103 0.03205128205128205
1 0.42963885429638854 0.5256410256410257 0.017434620174346202 0.038461538461538464
1 0.43088418430884184 0.7419871794871795 0.024906600249066 0.04807692307692307
1 0.3686176836861768 0.7516025641025641 0.024906600249066 0.035256410256410256
1 0.2328767123287671 0.891025641025641 0.057285180572851806 0.07051282051282051
1 0.3742216687422167 0.5705128205128205 0.026151930261519303 0.04487179487179487
1 0.3574097135740971 0.4567307692307692 0.014943960149439602 0.035256410256410256
1 0.29638854296388545 0.40544871794871795 0.0273972602739726 0.04807692307692307
1 0.3804483188044832 0.29166666666666663 0.0186799501867995 0.019230769230769232
1 0.2546699875466999 0.3605769230769231 0.0186799501867995 0.028846153846153844
1 0.21980074719800746 0.4358974358974359 0.026151930261519303 0.04487179487179487
1 0.18119551681195517 0.3974358974358974 0.028642590286425903 0.038461538461538464
1 0.6438356164383562 0.49198717948717946 0.017434620174346202 0.04807692307692307
1 0.2714819427148194 0.6057692307692307 0.014943960149439602 0.05128205128205128
1 0.28580323785803236 0.7628205128205128 0.1058530510585305 0.1923076923076923
1 0.014943960149439602 0.358974358974359 0.024906600249066 0.05128205128205128
1 0.7652552926525529 0.13141025641025642 0.023661270236612703 0.02564102564102564
1 0.051681195516811954 0.14102564102564102 0.038605230386052306 0.038461538461538464
