1 0.7619791666666667 0.39305555555555555 0.021875 0.026851851851851852
1 0.6630208333333333 0.4527777777777778 0.0125 0.020370370370370372
1 0.59765625 0.5435185185185185 0.07447916666666667 0.05740740740740741
1 0.28463541666666664 0.7518518518518519 0.0359375 0.09444444444444444
0 0.72109375 0.3939814814814815 0.04739583333333333 0.049074074074074076
0 0.5731770833333333 0.47361111111111115 0.10677083333333333 0.26203703703703707
0 0.26901041666666664 0.6824074074074075 0.0859375 0.20740740740740743
0 0.3033854166666667 0.6203703703703703 0.2609375 0.32962962962962966
1 0.18098958333333334 0.8018518518518519 0.0296875 0.06481481481481481
1 0.23307291666666666 0.7851851851851852 0.0515625 0.07037037037037037
