1 0.7454166666666667 0.6183333333333334 0.02416666666666667 0.02
1 0.5933333333333334 0.6158333333333333 0.043333333333333335 0.028333333333333335
1 0.44833333333333336 0.6000000000000001 0.021666666666666667 0.07
1 0.3983333333333334 0.5516666666666667 0.058333333333333334 0.08666666666666667
1 0.33625000000000005 0.5525 0.05583333333333334 0.10166666666666667
1 0.046250000000000006 0.635 0.029166666666666667 0.023333333333333334
1 0.008333333333333333 0.6375000000000001 0.011666666666666667 0.021666666666666667
1 0.14041666666666666 0.635 0.014166666666666668 0.016666666666666666
1 0.6691666666666667 0.6141666666666667 0.030000000000000002 0.03166666666666667
1 0.6366666666666667 0.6025 0.028333333333333335 0.045000000000000005
