0 0.254127358490566 0.5104166666666666 0.49646226415094336 0.9625
1 0.5990566037735848 0.4552083333333333 0.0660377358490566 0.07708333333333334
1 0.7912735849056604 0.18125 0.03537735849056604 0.03333333333333333
1 0.1096698113207547 0.153125 0.15566037735849056 0.23541666666666666
1 0.29304245283018865 0.44479166666666664 0.08844339622641509 0.46041666666666664
1 0.27535377358490565 0.7729166666666667 0.02712264150943396 0.09583333333333333
1 0.472877358490566 0.9197916666666667 0.018867924528301886 0.027083333333333334
1 0.5943396226415094 0.96875 0.02830188679245283 0.058333333333333334
1 0.41568396226415094 0.2677083333333333 0.015330188679245283 0.027083333333333334
0 0.8125 0.225 0.3608490566037736 0.4375
1 0.38148584905660377 0.2895833333333333 0.01768867924528302 0.03333333333333333
1 0.3213443396226415 0.7864583333333334 0.02240566037735849 0.035416666666666666
1 0.4380896226415094 0.9427083333333334 0.01768867924528302 0.01875
