1 0.75390625 0.716796875 0.02734375 0.024739583333333332
1 0.71142578125 0.6497395833333333 0.0185546875 0.013020833333333332
1 0.40576171875 0.5279947916666666 0.0302734375 0.03255208333333333
1 0.88671875 0.7845052083333333 0.01953125 0.024739583333333332
1 0.9365234375 0.814453125 0.01171875 0.022135416666666664
1 0.90673828125 0.8294270833333333 0.0087890625 0.026041666666666664
1 0.96240234375 0.8723958333333333 0.0107421875 0.020833333333333332
1 0.98681640625 0.822265625 0.0126953125 0.022135416666666664
0 0.5849609375 0.404296875 0.798828125 0.7825520833333333
1 0.83935546875 0.7994791666666666 0.0302734375 0.041666666666666664
1 0.43603515625 0.5364583333333333 0.0126953125 0.0078125
