0 0.92734375 0.6097222222222223 0.009375000000000001 0.02777777777777778
0 0.8792968750000001 0.6006944444444444 0.00859375 0.03194444444444445
0 0.33320312500000004 0.38125000000000003 0.01015625 0.018055555555555557
0 0.30507812500000003 0.36944444444444446 0.01640625 0.022222222222222223
0 0.255078125 0.3263888888888889 0.07421875 0.05555555555555556
0 0.15156250000000002 0.24444444444444446 0.0125 0.022222222222222223
0 0.121484375 0.22430555555555556 0.02734375 0.02638888888888889
0 0.059375000000000004 0.19444444444444445 0.028125 0.019444444444444445
0 0.016015625000000002 0.1763888888888889 0.02734375 0.02777777777777778
0 0.505078125 0.3666666666666667 0.97578125 0.7166666666666667
