1 0.35000000000000003 0.6155555555555555 0.23 0.22666666666666666
1 0.121875 0.8277777777777777 0.043750000000000004 0.06444444444444444
1 0.36875 0.84 0.0525 0.04888888888888889
1 0.743125 0.94 0.18875 0.12444444444444444
1 0.5700000000000001 0.83 0.1275 0.10888888888888888
1 0.661875 0.7622222222222222 0.17125 0.08
1 0.63 0.6888888888888889 0.11 0.057777777777777775
1 0.7993750000000001 0.7066666666666667 0.051250000000000004 0.035555555555555556
1 0.8562500000000001 0.5177777777777778 0.14250000000000002 0.044444444444444446
1 0.820625 0.6377777777777778 0.08625000000000001 0.04
1 0.610625 0.47 0.26625 0.12666666666666668
1 0.5593750000000001 0.5488888888888889 0.18875 0.03111111111111111
1 0.42375 0.42444444444444446 0.0625 0.05333333333333333
1 0.794375 0.3688888888888889 0.10375000000000001 0.24888888888888888
1 0.869375 0.17666666666666667 0.03625 0.08222222222222222
0 0.455625 0.3022222222222222 0.89875 0.5777777777777777
