1 0.7364305427782889 0.5230547550432276 0.03403863845446182 0.06340057636887608
1 0.7382704691812327 0.569164265129683 0.028518859245630173 0.02881844380403458
1 0.23873045078196872 0.5763688760806917 0.06347746090156393 0.05763688760806916
1 0.5059797608095676 0.5353025936599424 0.027598896044158234 0.03314121037463977
1 0.6458141674333027 0.5151296829971181 0.06439742410303588 0.06195965417867435
1 0.6425942962281509 0.5821325648414986 0.015639374425023 0.02593659942363112
1 0.702391904323827 0.5907780979827089 0.02483900643974241 0.023054755043227664
0 0.14765409383624656 0.5540345821325648 0.28794848206071755 0.14553314121037464
0 0.6057957681692733 0.5007204610951008 0.2842686292548298 0.12247838616714697
0 0.6577736890524379 0.5806916426512968 0.12695492180312787 0.07492795389048991
