1 0.89375 0.7840909090909091 0.134375 0.19318181818181818
1 0.7406250000000001 0.796875 0.028125 0.05965909090909091
1 0.57734375 0.3338068181818182 0.22031250000000002 0.3153409090909091
1 0.5265625 0.049715909090909095 0.040625 0.05965909090909091
1 0.478125 0.5923295454545455 0.115625 0.1278409090909091
1 0.35078125000000004 0.75 0.1234375 0.13636363636363635
1 0.18046875 0.33948863636363635 0.08281250000000001 0.09943181818181819
1 0.34921875 0.4005681818181818 0.0671875 0.07386363636363637
1 0.309375 0.30113636363636365 0.025 0.05681818181818182
0 0.36562500000000003 0.2713068181818182 0.134375 0.20738636363636365
0 0.39375000000000004 0.7159090909090909 0.31875000000000003 0.38636363636363635
1 0.66015625 0.8210227272727273 0.0390625 0.03977272727272727
1 0.47421875 0.8977272727272727 0.035937500000000004 0.03977272727272727
