1 0.4127604166666667 0.6888888888888889 0.027604166666666666 0.037037037037037035
1 0.40651041666666665 0.737037037037037 0.021354166666666667 0.03518518518518519
1 0.45390625 0.7074074074074075 0.0078125 0.009259259259259259
1 0.5276041666666667 0.7902777777777779 0.052083333333333336 0.04351851851851852
1 0.4778645833333333 0.8208333333333334 0.028645833333333332 0.019444444444444445
1 0.2830729166666667 0.7810185185185186 0.0203125 0.019444444444444445
1 0.30625 0.7472222222222222 0.014583333333333334 0.024074074074074074
0 0.4627604166666667 0.6824074074074075 0.4786458333333333 0.29814814814814816
1 0.6752604166666667 0.6027777777777777 0.0359375 0.02962962962962963
1 0.6294270833333333 0.6490740740740741 0.013020833333333334 0.014814814814814815
1 0.5973958333333333 0.6939814814814815 0.02395833333333333 0.03425925925925926
1 0.5580729166666667 0.7527777777777778 0.028645833333333332 0.04259259259259259
