1 0.08985507246376812 0.6470588235294117 0.05217391304347826 0.06117647058823529
1 0.2714975845410628 0.6388235294117647 0.04830917874396135 0.04941176470588235
1 0.6454106280193237 0.5682352941176471 0.021256038647342993 0.09176470588235293
1 0.6367149758454106 0.528235294117647 0.04830917874396135 0.12941176470588234
1 0.585024154589372 0.5470588235294117 0.0357487922705314 0.08705882352941176
1 0.5251207729468599 0.5294117647058824 0.0647342995169082 0.07999999999999999
1 0.5314009661835749 0.5729411764705882 0.02318840579710145 0.05411764705882353
1 0.42318840579710143 0.6058823529411764 0.02318840579710145 0.025882352941176467
1 0.3164251207729469 0.5541176470588235 0.03188405797101449 0.030588235294117645
0 0.32705314009661834 0.4564705882352941 0.642512077294686 0.48
