1 0.095703125 0.8677083333333333 0.16953125000000002 0.10416666666666667
1 0.042578125 0.6609375 0.039843750000000004 0.03854166666666667
1 0.663671875 0.3333333333333333 0.02421875 0.020833333333333332
1 0.6101562500000001 0.3302083333333333 0.0421875 0.016666666666666666
1 0.5765625 0.36302083333333335 0.0625 0.08645833333333333
1 0.610546875 0.45468749999999997 0.15078125 0.046875
1 0.4625 0.44479166666666664 0.1015625 0.035416666666666666
1 0.38593750000000004 0.4145833333333333 0.0328125 0.03333333333333333
1 0.08554687500000001 0.2671875 0.02734375 0.03229166666666666
1 0.334765625 0.3953125 0.025781250000000002 0.019791666666666666
1 0.330859375 0.8734375 0.03671875 0.042708333333333334
