1 0.7470833333333334 0.3134920634920635 0.015833333333333335 0.023809523809523808
1 0.6858333333333334 0.3761904761904762 0.10166666666666667 0.08888888888888889
1 0.5704166666666667 0.40714285714285714 0.025833333333333337 0.023809523809523808
1 0.38583333333333336 0.5166666666666667 0.02666666666666667 0.020634920634920634
1 0.32 0.5333333333333333 0.03166666666666667 0.044444444444444446
1 0.29375 0.47619047619047616 0.05583333333333334 0.09841269841269841
1 0.27 0.5634920634920635 0.025 0.015873015873015872
1 0.52625 0.48333333333333334 0.0175 0.023809523809523808
0 0.8595833333333334 0.2253968253968254 0.2341666666666667 0.2984126984126984
0 0.4891666666666667 0.2992063492063492 0.4683333333333334 0.5507936507936508
1 0.5104166666666667 0.515079365079365 0.01916666666666667 0.026984126984126985
