1 0.43046875 0.766016713091922 0.15781250000000002 0.12256267409470752
1 0.7937500000000001 0.4401114206128134 0.05 0.027855153203342618
1 0.3921875 0.5835654596100278 0.096875 0.11977715877437325
1 0.22421875000000002 0.5724233983286908 0.07968750000000001 0.07520891364902507
1 0.29375 0.4735376044568245 0.037500000000000006 0.116991643454039
0 0.9953125 0.0766016713091922 0.003125 0.019498607242339833
0 0.50390625 0.45264623955431754 0.9640625 0.7493036211699164
1 0.6515625 0.532033426183844 0.03125 0.07799442896935933
1 0.61328125 0.5877437325905293 0.0203125 0.04456824512534819
1 0.54140625 0.6559888579387186 0.0390625 0.04735376044568245
