1 0.98 0.2546296296296296 0.035555555555555556 0.06481481481481481
1 0.8577777777777778 0.25925925925925924 0.035555555555555556 0.027777777777777776
1 0.7633333333333333 0.26620370370370366 0.024444444444444446 0.023148148148148147
1 0.6955555555555556 0.2546296296296296 0.044444444444444446 0.037037037037037035
1 0.6255555555555555 0.2523148148148148 0.03777777777777778 0.032407407407407406
1 0.17555555555555555 0.5092592592592592 0.16 0.08333333333333333
1 0.09444444444444444 0.34953703703703703 0.028888888888888888 0.032407407407407406
1 0.08222222222222222 0.41898148148148145 0.03111111111111111 0.032407407407407406
1 0.26222222222222225 0.30787037037037035 0.13333333333333333 0.023148148148148147
0 0.5311111111111111 0.28703703703703703 0.9244444444444444 0.5462962962962963
