1 0.913671875 0.5368055555555555 0.039843750000000004 0.02638888888888889
1 0.8089843750000001 0.5805555555555556 0.11015625000000001 0.05277777777777778
1 0.6917968750000001 0.6006944444444444 0.08984375 0.051388888888888894
1 0.5875 0.6270833333333333 0.0421875 0.05416666666666667
1 0.423828125 0.6986111111111112 0.12890625 0.06666666666666667
1 0.268359375 0.7229166666666667 0.09296875 0.043055555555555555
1 0.21601562500000002 0.76875 0.017968750000000002 0.029166666666666667
1 0.09453125000000001 0.7618055555555556 0.053125000000000006 0.07361111111111111
0 0.45039062500000004 0.5166666666666667 0.88671875 0.5194444444444445
1 0.5476562500000001 0.6270833333333333 0.021875000000000002 0.051388888888888894
1 0.35468750000000004 0.6798611111111111 0.015625 0.018055555555555557
