0 0.500390625 0.3666666666666667 0.98828125 0.7222222222222222
1 0.8894531250000001 0.6229166666666667 0.030468750000000003 0.06527777777777778
1 0.362109375 0.4104166666666667 0.013281250000000001 0.015277777777777779
1 0.33125000000000004 0.3840277777777778 0.015625 0.018055555555555557
1 0.25039062500000003 0.32708333333333334 0.07421875 0.05694444444444444
1 0.036328125 0.1902777777777778 0.04609375 0.030555555555555558
1 0.908203125 0.4152777777777778 0.022656250000000003 0.044444444444444446
1 0.9851562500000001 0.4465277777777778 0.0203125 0.03194444444444445
1 0.07890625000000001 0.20277777777777778 0.010937500000000001 0.016666666666666666
1 0.12617187500000002 0.22430555555555556 0.041406250000000006 0.03194444444444445
