0 0.4421875 0.7175925925925927 0.440625 0.23333333333333334
0 0.5473958333333333 0.45787037037037037 0.33125 0.27870370370370373
1 0.6544270833333333 0.6175925925925926 0.022395833333333334 0.02962962962962963
1 0.5067708333333333 0.799537037037037 0.06041666666666667 0.04166666666666667
1 0.45416666666666666 0.7050925925925926 0.028125 0.021296296296296296
1 0.41510416666666666 0.687962962962963 0.028125 0.03333333333333333
1 0.4044270833333333 0.7412037037037037 0.024479166666666666 0.032407407407407406
1 0.3651041666666667 0.7643518518518518 0.009375 0.012037037037037037
1 0.2984375 0.7402777777777778 0.019791666666666666 0.025
1 0.29635416666666664 0.7777777777777778 0.017708333333333333 0.020370370370370372
