1 0.8289062500000001 0.7571022727272727 0.1703125 0.05965909090909091
1 0.68359375 0.7201704545454546 0.029687500000000002 0.04261363636363637
1 0.5796875 0.27982954545454547 0.1125 0.17329545454545456
1 0.5164062500000001 0.39488636363636365 0.08281250000000001 0.125
1 0.44453125000000004 0.5284090909090909 0.0859375 0.14772727272727273
1 0.34218750000000003 0.6661931818181819 0.084375 0.07670454545454546
1 0.21015625000000002 0.3181818181818182 0.0734375 0.08522727272727273
1 0.478125 0.20738636363636365 0.05625 0.13068181818181818
1 0.49843750000000003 0.07244318181818182 0.037500000000000006 0.048295454545454544
1 0.31640625 0.2897727272727273 0.0171875 0.05681818181818182
1 0.44843750000000004 0.7940340909090909 0.03125 0.03125
1 0.6109375 0.7329545454545455 0.034375 0.03977272727272727
1 0.35000000000000003 0.37926136363636365 0.053125000000000006 0.05965909090909091
