1 0.8966346153846153 0.6869658119658121 0.046474358974358976 0.04914529914529915
1 0.8149038461538461 0.7051282051282052 0.05929487179487179 0.05555555555555556
1 0.42948717948717946 0.6901709401709403 0.060897435897435896 0.038461538461538464
1 0.7451923076923077 0.4102564102564103 0.05128205128205128 0.06410256410256411
1 0.7275641025641025 0.27564102564102566 0.028846153846153844 0.12820512820512822
1 0.6442307692307692 0.40918803418803423 0.028846153846153844 0.057692307692307696
1 0.4342948717948718 0.27029914529914534 0.4487179487179487 0.4465811965811966
1 0.18509615384615383 0.5235042735042735 0.11057692307692307 0.3418803418803419
1 0.2580128205128205 0.7254273504273505 0.20192307692307693 0.09615384615384616
0 0.1546474358974359 0.6784188034188035 0.10737179487179487 0.11324786324786326
0 0.8677884615384615 0.623931623931624 0.07532051282051282 0.0811965811965812
0 0.7932692307692307 0.13675213675213677 0.16346153846153846 0.23931623931623935
0 0.38221153846153844 0.17841880341880342 0.5400641025641025 0.33974358974358976
0 0.07371794871794872 0.20940170940170943 0.10576923076923077 0.3931623931623932
