1 0.92109375 0.5388888888888889 0.040625 0.019444444444444445
1 0.7605468750000001 0.5875 0.17265625 0.075
1 0.587890625 0.6423611111111112 0.055468750000000004 0.029166666666666667
1 0.548046875 0.6243055555555556 0.02421875 0.043055555555555555
1 0.452734375 0.6826388888888889 0.06015625 0.0375
1 0.29609375 0.7284722222222223 0.1078125 0.04583333333333334
1 0.20859375000000002 0.7673611111111112 0.034375 0.029166666666666667
1 0.084375 0.7597222222222223 0.059375000000000004 0.08888888888888889
1 0.1484375 0.7798611111111111 0.0140625 0.02361111111111111
1 0.35625 0.6777777777777778 0.0140625 0.019444444444444445
0 0.479296875 0.5506944444444445 0.95078125 0.5236111111111111
