0 0.6802325581395349 0.21948356807511737 0.6085271317829457 0.3967136150234742
1 0.9412144702842378 0.6584507042253521 0.08914728682170543 0.2136150234741784
1 0.8591731266149871 0.7112676056338029 0.031007751937984496 0.09389671361502347
1 0.7803617571059431 0.8274647887323944 0.05426356589147287 0.10093896713615023
1 0.6705426356589148 0.8098591549295775 0.04909560723514212 0.06572769953051644
1 0.2745478036175711 0.3544600938967136 0.04005167958656331 0.046948356807511735
1 0.7183462532299741 0.24295774647887325 0.028423772609819122 0.03051643192488263
1 0.12726098191214472 0.1619718309859155 0.1227390180878553 0.26760563380281693
1 0.7428940568475453 0.7053990610328639 0.03359173126614987 0.04460093896713615
1 0.4037467700258398 0.5516431924882629 0.021963824289405687 0.06103286384976526
1 0.725452196382429 0.8122065727699531 0.03229974160206719 0.04225352112676056
