0 0.7463636363636363 0.3344103392568659 0.12727272727272726 0.4555735056542811
0 0.5618181818181818 0.44264943457189015 0.08181818181818182 0.07431340872374799
0 0.4918181818181818 0.438610662358643 0.04727272727272727 0.05977382875605816
0 0.3972727272727273 0.39256865912762523 0.1709090909090909 0.35864297253634897
0 0.20863636363636365 0.4079159935379645 0.05909090909090909 0.15993537964458807
0 0.15863636363636363 0.43053311793214866 0.03909090909090909 0.05654281098546042
0 0.10227272727272728 0.4273021001615509 0.022727272727272728 0.07592891760904685
0 0.05 0.4087237479806139 0.04 0.15508885298869146
0 0.2831818181818182 0.44022617124394187 0.05181818181818182 0.053311793214862686
0 0.24818181818181817 0.43134087237479807 0.02 0.05815831987075929
