1 0.36640625000000004 0.6888888888888889 0.1328125 0.18333333333333335
1 0.32265625000000003 0.5694444444444444 0.035937500000000004 0.07222222222222223
1 0.23593750000000002 0.7722222222222223 0.034375 0.044444444444444446
1 0.20078125000000002 0.7736111111111111 0.0234375 0.05277777777777778
1 0.16718750000000002 0.7763888888888889 0.021875000000000002 0.030555555555555558
1 0.04453125 0.7916666666666667 0.0859375 0.05
1 0.4765625 0.5458333333333334 0.05625 0.11388888888888889
1 0.53515625 0.41250000000000003 0.026562500000000003 0.0638888888888889
0 0.5109375 0.3902777777777778 0.6062500000000001 0.7361111111111112
0 0.06796875000000001 0.6736111111111112 0.1171875 0.18055555555555555
