1 0.890234375 0.6180555555555556 0.03515625 0.06944444444444445
1 0.9875 0.6520833333333333 0.021875000000000002 0.03194444444444445
1 0.984375 0.45069444444444445 0.0140625 0.018055555555555557
1 0.939453125 0.4486111111111111 0.01171875 0.016666666666666666
1 0.896484375 0.4201388888888889 0.01015625 0.02638888888888889
1 0.359375 0.40902777777777777 0.015625 0.018055555555555557
1 0.327734375 0.3840277777777778 0.01171875 0.018055555555555557
1 0.2515625 0.3263888888888889 0.0734375 0.058333333333333334
1 0.05234375 0.19444444444444445 0.035937500000000004 0.022222222222222223
1 0.09257812500000001 0.19583333333333333 0.01015625 0.02777777777777778
0 0.501953125 0.3527777777777778 0.9851562500000001 0.6861111111111111
