0 0.509765625 0.4840277777777778 0.97421875 0.9402777777777778
1 0.54921875 0.6319444444444444 0.25625000000000003 0.7138888888888889
1 0.966796875 0.9222222222222223 0.041406250000000006 0.11944444444444445
1 0.9519531250000001 0.42986111111111114 0.06640625 0.14027777777777778
1 0.853515625 0.4840277777777778 0.02109375 0.051388888888888894
1 0.9242187500000001 0.6798611111111111 0.0203125 0.034722222222222224
1 0.733984375 0.11875000000000001 0.01640625 0.12361111111111112
1 0.38203125000000004 0.18611111111111112 0.0328125 0.3027777777777778
1 0.06171875 0.6673611111111112 0.08281250000000001 0.3597222222222222
1 0.32460937500000003 0.6347222222222223 0.06484375 0.11944444444444445
1 0.298046875 0.8493055555555555 0.06015625 0.08194444444444444
