1 0.22338709677419355 0.5355263157894736 0.09516129032258064 0.10789473684210527
1 0.0846774193548387 0.47368421052631576 0.11451612903225807 0.12631578947368421
1 0.48951612903225805 0.44473684210526315 0.04032258064516129 0.042105263157894736
1 0.38387096774193546 0.40789473684210525 0.025806451612903226 0.05789473684210526
1 0.3588709677419355 0.5434210526315789 0.03064516129032258 0.04473684210526316
1 0.5516129032258065 0.47368421052631576 0.02903225806451613 0.04736842105263158
1 0.5169354838709678 0.5078947368421053 0.03387096774193549 0.031578947368421054
1 0.4669354838709677 0.5171052631578947 0.017741935483870968 0.02368421052631579
0 0.2911290322580645 0.28289473684210525 0.55 0.49736842105263157
0 0.06451612903225806 0.6552631578947369 0.11935483870967742 0.12105263157894737
