1 0.911328125 0.5430555555555556 0.04296875 0.022222222222222223
1 0.80625 0.5777777777777778 0.09375 0.05277777777777778
1 0.6941406250000001 0.5395833333333333 0.08203125 0.17083333333333334
1 0.595703125 0.6423611111111112 0.047656250000000004 0.02638888888888889
1 0.409765625 0.7006944444444445 0.14609375 0.07361111111111111
1 0.27109375 0.7284722222222223 0.084375 0.0375
1 0.21484375 0.7659722222222223 0.026562500000000003 0.029166666666666667
1 0.087890625 0.7694444444444445 0.06015625 0.0638888888888889
1 0.15195312500000002 0.7819444444444444 0.017968750000000002 0.025
1 0.548828125 0.6263888888888889 0.02421875 0.04166666666666667
0 0.459765625 0.5180555555555556 0.9085937500000001 0.5194444444444445
