1 0.15566037735849056 0.2833333333333333 0.0330188679245283 0.05
1 0.2553066037735849 0.53125 0.08372641509433962 0.058333333333333334
1 0.5719339622641509 0.68125 0.14858490566037735 0.5458333333333333
1 0.8066037735849056 0.39166666666666666 0.17452830188679244 0.17916666666666667
1 0.8260613207547169 0.09583333333333333 0.031839622641509434 0.025
1 0.8932783018867925 0.24166666666666667 0.015330188679245283 0.06666666666666667
0 0.5058962264150944 0.684375 0.3938679245283019 0.6145833333333334
0 0.8579009433962264 0.29375 0.27712264150943394 0.5125
1 0.8708726415094339 0.15 0.0294811320754717 0.05
1 0.46285377358490565 0.9166666666666666 0.015330188679245283 0.025
