1 0.37812500000000004 0.29545454545454547 0.059375000000000004 0.09090909090909091
1 0.51484375 0.4772727272727273 0.11406250000000001 0.1590909090909091
1 0.15234375 0.8366477272727273 0.15156250000000002 0.24147727272727273
1 0.3046875 0.8650568181818182 0.03125 0.05397727272727273
1 0.703125 0.7869318181818182 0.096875 0.09659090909090909
1 0.853125 0.36647727272727276 0.07500000000000001 0.08522727272727273
1 0.7195312500000001 0.328125 0.0328125 0.06534090909090909
1 0.603125 0.6178977272727273 0.043750000000000004 0.15056818181818182
1 0.4703125 0.8707386363636364 0.025 0.04261363636363637
1 0.57265625 0.9488636363636364 0.0328125 0.03977272727272727
1 0.54921875 0.29829545454545453 0.0484375 0.045454545454545456
1 0.50703125 0.09659090909090909 0.0234375 0.02840909090909091
0 0.67109375 0.4147727272727273 0.5984375000000001 0.7272727272727273
