1 0.1150173611111111 0.5618489583333333 0.035590277777777776 0.05078125
1 0.3276909722222222 0.6243489583333333 0.09635416666666666 0.045572916666666664
1 0.43576388888888884 0.6451822916666666 0.09027777777777778 0.04036458333333333
1 0.6028645833333333 0.6588541666666666 0.028645833333333332 0.03645833333333333
1 0.6636284722222222 0.6764322916666666 0.028645833333333332 0.016927083333333332
1 0.782986111111111 0.6829427083333333 0.013888888888888888 0.016927083333333332
1 0.8372395833333333 0.6966145833333333 0.04600694444444444 0.0390625
1 0.8967013888888888 0.71875 0.03125 0.015625
1 0.931423611111111 0.71875 0.012152777777777776 0.015625
1 0.9787326388888888 0.7259114583333333 0.0390625 0.01953125
1 0.52734375 0.6575520833333333 0.014756944444444444 0.013020833333333332
1 0.56640625 0.6673177083333333 0.0234375 0.01171875
1 0.7035590277777778 0.6770833333333333 0.014756944444444444 0.013020833333333332
1 0.7296006944444444 0.6861979166666666 0.014756944444444444 0.013020833333333332
0 0.501736111111111 0.3606770833333333 0.9895833333333333 0.7057291666666666
