1 0.587109375 0.10625 0.047656250000000004 0.06527777777777778
1 0.716015625 0.13611111111111113 0.18671875000000002 0.125
1 0.8382812500000001 0.19583333333333333 0.034375 0.07222222222222223
1 0.576171875 0.5256944444444445 0.02734375 0.04027777777777778
1 0.494140625 0.11388888888888889 0.02421875 0.04166666666666667
1 0.47773437500000004 0.28541666666666665 0.014843750000000001 0.043055555555555555
1 0.640234375 0.4534722222222222 0.013281250000000001 0.020833333333333336
0 0.385546875 0.7055555555555556 0.59765625 0.5805555555555556
1 0.38984375000000004 0.3805555555555556 0.018750000000000003 0.05
1 0.374609375 0.39861111111111114 0.013281250000000001 0.025
