1 0.47890625000000003 0.5659722222222222 0.3375 0.20972222222222223
1 0.740234375 0.5194444444444445 0.17578125 0.07777777777777778
1 0.900390625 0.41875 0.19296875000000002 0.27083333333333337
1 0.894140625 0.6055555555555556 0.20859375000000002 0.07777777777777778
1 0.76953125 0.6645833333333333 0.025 0.0375
1 0.132421875 0.3944444444444445 0.14921875 0.16111111111111112
1 0.55234375 0.3902777777777778 0.09531250000000001 0.036111111111111115
1 0.21406250000000002 0.13680555555555557 0.359375 0.25972222222222224
1 0.28750000000000003 0.3701388888888889 0.096875 0.034722222222222224
0 0.63046875 0.22777777777777777 0.721875 0.4388888888888889
