1 0.24270833333333333 0.8388888888888889 0.036458333333333336 0.024074074074074074
1 0.29244791666666664 0.8236111111111112 0.0390625 0.04166666666666667
1 0.4205729166666667 0.7777777777777778 0.11614583333333334 0.10370370370370371
1 0.40208333333333335 0.6861111111111111 0.0125 0.016666666666666666
1 0.48593749999999997 0.6907407407407408 0.14479166666666665 0.09074074074074075
1 0.6252604166666667 0.7296296296296296 0.06614583333333333 0.08703703703703704
1 0.6671875 0.7587962962962963 0.013541666666666667 0.025
1 0.7208333333333333 0.7222222222222222 0.027083333333333334 0.03518518518518519
1 0.6263020833333334 0.6060185185185185 0.01614583333333333 0.019444444444444445
1 0.5450520833333333 0.8537037037037037 0.044270833333333336 0.011111111111111112
1 0.5880208333333333 0.8541666666666667 0.014583333333333334 0.010185185185185186
1 0.6252604166666667 0.8527777777777779 0.01614583333333333 0.011111111111111112
1 0.6893229166666667 0.8495370370370371 0.05572916666666666 0.012037037037037037
1 0.7244791666666667 0.862962962962963 0.06458333333333333 0.014814814814814815
1 0.87265625 0.8611111111111112 0.0546875 0.012962962962962964
1 0.88515625 0.8111111111111111 0.013020833333333334 0.012962962962962964
1 0.7932291666666667 0.85 0.0125 0.012962962962962964
0 0.396875 0.6412037037037037 0.578125 0.33425925925925926
0 0.659375 0.8388888888888889 0.2895833333333333 0.05555555555555556
