1 0.5770833333333333 0.6842592592592592 0.05520833333333333 0.0462962962962963
1 0.5932291666666667 0.7402777777777778 0.04479166666666667 0.03981481481481482
1 0.6924479166666666 0.7569444444444444 0.06927083333333334 0.0712962962962963
1 0.53203125 0.8157407407407408 0.0359375 0.020370370370370372
1 0.7596354166666667 0.812962962962963 0.0328125 0.031481481481481485
1 0.5247395833333334 0.7115740740740741 0.024479166666666666 0.05277777777777778
0 0.5606770833333333 0.7092592592592593 0.42552083333333335 0.2518518518518519
1 0.35520833333333335 0.6291666666666667 0.017708333333333333 0.030555555555555558
1 0.42109375 0.7203703703703704 0.0109375 0.016666666666666666
1 0.45416666666666666 0.7680555555555556 0.008333333333333333 0.012037037037037037
