1 0.2558035714285714 0.48671875000000003 0.08303571428571428 0.06406250000000001
1 0.5589285714285714 0.6101562500000001 0.05178571428571428 0.0703125
1 0.4433035714285714 0.58203125 0.05089285714285714 0.026562500000000003
1 0.3683035714285714 0.54453125 0.01875 0.0203125
1 0.3169642857142857 0.52265625 0.019642857142857142 0.0234375
1 0.2870535714285714 0.4 0.009821428571428571 0.021875000000000002
1 0.3111607142857143 0.39921875 0.016964285714285713 0.0328125
1 0.3669642857142857 0.3921875 0.02857142857142857 0.025
1 0.4419642857142857 0.40703125 0.09107142857142857 0.051562500000000004
1 0.5084821428571429 0.40859375000000003 0.01875 0.0171875
1 0.8258928571428571 0.665625 0.019642857142857142 0.028125
1 0.9 0.6125 0.026785714285714284 0.028125
1 0.6919642857142857 0.6898437500000001 0.16964285714285715 0.1390625
0 0.4276785714285714 0.33046875000000003 0.6464285714285715 0.6453125000000001
1 0.7758928571428572 0.56171875 0.008928571428571428 0.0140625
