1 0.082 0.9241666666666667 0.024800000000000003 0.035
1 0.1336 0.9283333333333333 0.0352 0.03666666666666667
1 0.1908 0.9316666666666668 0.0376 0.02666666666666667
1 0.2672 0.9066666666666667 0.020800000000000003 0.030000000000000002
1 0.4168 0.7258333333333333 0.014400000000000001 0.028333333333333335
1 0.49200000000000005 0.76 0.032 0.023333333333333334
1 0.532 0.75 0.024 0.02
1 0.5804 0.7333333333333334 0.02 0.02666666666666667
1 0.5716 0.6825 0.0152 0.03166666666666667
1 0.7156 0.7041666666666667 0.031200000000000002 0.025
1 0.7676000000000001 0.67 0.0408 0.030000000000000002
1 0.8320000000000001 0.6483333333333334 0.014400000000000001 0.02
1 0.8684000000000001 0.6358333333333334 0.023200000000000002 0.025
1 0.3496 0.8658333333333333 0.038400000000000004 0.03166666666666667
1 0.39680000000000004 0.8341666666666667 0.0112 0.035
0 0.4988 0.4808333333333334 0.9880000000000001 0.9283333333333333
