0 0.49843750000000003 0.4979166666666667 0.9875 0.9902777777777778
1 0.20820312500000002 0.7298611111111112 0.07578125000000001 0.14305555555555557
1 0.27265625 0.6277777777777778 0.03125 0.04722222222222222
1 0.370703125 0.4708333333333333 0.049218750000000006 0.07222222222222223
1 0.458984375 0.55625 0.07734375 0.04027777777777778
1 0.513671875 0.5805555555555556 0.02421875 0.01388888888888889
1 0.570703125 0.55625 0.05859375 0.0375
1 0.6449218750000001 0.5826388888888889 0.06953125 0.043055555555555555
1 0.692578125 0.6180555555555556 0.022656250000000003 0.0638888888888889
1 0.845703125 0.7034722222222223 0.017968750000000002 0.02638888888888889
