1 0.7429687500000001 0.37083333333333335 0.2671875 0.2972222222222222
1 0.21875 0.3791666666666667 0.096875 0.08055555555555556
1 0.5171875 0.40555555555555556 0.1 0.09444444444444444
1 0.15703125 0.31666666666666665 0.09843750000000001 0.07777777777777778
1 0.38828125 0.4305555555555556 0.035937500000000004 0.044444444444444446
1 0.40937500000000004 0.43194444444444446 0.06875 0.058333333333333334
0 0.66171875 0.1875 0.4234375 0.39166666666666666
0 0.9539062500000001 0.19444444444444445 0.09531250000000001 0.3611111111111111
0 0.17343750000000002 0.17777777777777778 0.21875 0.29444444444444445
0 0.43359375 0.30972222222222223 0.15781250000000002 0.14722222222222223
