1 0.6261792452830188 0.6322916666666667 0.1981132075471698 0.10208333333333333
1 0.7547169811320754 0.60625 0.04716981132075471 0.05416666666666667
1 0.8101415094339622 0.528125 0.04952830188679245 0.06875
1 0.7948113207547169 0.40729166666666666 0.02830188679245283 0.04791666666666666
1 0.026533018867924526 0.45208333333333334 0.04834905660377358 0.0375
1 0.2358490566037736 0.334375 0.05424528301886792 0.03958333333333333
1 0.3290094339622641 0.58125 0.30424528301886794 0.0875
1 0.33903301886792453 0.24687499999999998 0.012971698113207546 0.027083333333333334
1 0.10023584905660377 0.5072916666666667 0.014150943396226415 0.03125
0 0.4186320754716981 0.5 0.830188679245283 0.9791666666666666
1 0.4870283018867924 0.13125 0.011792452830188678 0.025
1 0.4086084905660377 0.4479166666666667 0.015330188679245283 0.04583333333333333
