1 0.25458333333333333 0.6183333333333334 0.02416666666666667 0.02
1 0.4066666666666667 0.6158333333333333 0.043333333333333335 0.028333333333333335
1 0.5516666666666667 0.6000000000000001 0.021666666666666667 0.07
1 0.6016666666666667 0.5516666666666667 0.058333333333333334 0.08666666666666667
1 0.6637500000000001 0.5525 0.05583333333333334 0.10166666666666667
1 0.9537500000000001 0.635 0.029166666666666667 0.023333333333333334
1 0.9916666666666667 0.6375000000000001 0.011666666666666667 0.021666666666666667
1 0.8595833333333334 0.635 0.014166666666666668 0.016666666666666666
1 0.33083333333333337 0.6141666666666667 0.030000000000000002 0.03166666666666667
1 0.36333333333333334 0.6025 0.028333333333333335 0.045000000000000005
