1 0.2115 0.5930930930930931 0.015 0.012012012012012012
1 0.227 0.6036036036036035 0.016 0.012012012012012012
1 0.252 0.6171171171171171 0.012 0.015015015015015015
1 0.40900000000000003 0.6208708708708709 0.032 0.028528528528528527
1 0.7465 0.6253753753753754 0.015 0.013513513513513514
0 0.224 0.5923423423423423 0.138 0.07357357357357357
0 0.378 0.6021021021021021 0.11 0.06306306306306306
0 0.6 0.5690690690690691 0.1 0.057057057057057055
0 0.752 0.6201201201201201 0.038 0.02702702702702703
0 0.8190000000000001 0.6238738738738738 0.036000000000000004 0.04354354354354354
0 0.87 0.6193693693693694 0.158 0.0915915915915916
