1 0.1804320203303685 0.4544270833333333 0.08386277001270648 0.09635416666666666
1 0.08703939008894536 0.23567708333333331 0.03939008894536214 0.06510416666666666
1 0.17090216010165185 0.24609375 0.04193138500635324 0.0546875
1 0.41296060991105465 0.2734375 0.04066073697585769 0.046875
1 0.4256670902160102 0.5455729166666666 0.04066073697585769 0.05989583333333333
1 0.729987293519695 0.7122395833333333 0.09021601016518425 0.0859375
1 0.6664548919949175 0.3763020833333333 0.03939008894536214 0.0546875
1 0.5260482846251588 0.20442708333333331 0.02795425667090216 0.0546875
1 0.7306226175349428 0.16927083333333331 0.0457433290978399 0.046875
1 0.6086404066073697 0.1328125 0.043202033036848796 0.06770833333333333
1 0.6785260482846251 0.078125 0.025412960609911057 0.041666666666666664
