1 0.94482421875 0.5263929618768328 0.0361328125 0.0469208211143695
1 0.1142578125 0.45454545454545453 0.03125 0.026392961876832845
1 0.24609375 0.5623167155425219 0.0625 0.03372434017595308
1 0.287109375 0.6209677419354839 0.12890625 0.06598240469208211
1 0.322265625 0.5168621700879765 0.04296875 0.08357771260997067
1 0.33544921875 0.43328445747800587 0.0615234375 0.036656891495601175
1 0.45849609375 0.5425219941348973 0.0322265625 0.04985337243401759
1 0.52099609375 0.6268328445747801 0.1494140625 0.09237536656891496
1 0.43896484375 0.45821114369501464 0.0341796875 0.030791788856304986
1 0.62939453125 0.2375366568914956 0.7119140625 0.4574780058651026
