0 0.7458726415094339 0.5104166666666666 0.49646226415094336 0.9625
1 0.40094339622641506 0.4552083333333333 0.0660377358490566 0.07708333333333334
1 0.20872641509433962 0.18125 0.03537735849056604 0.03333333333333333
1 0.8903301886792453 0.153125 0.15566037735849056 0.23541666666666666
1 0.7069575471698113 0.44479166666666664 0.08844339622641509 0.46041666666666664
1 0.7246462264150944 0.7729166666666667 0.02712264150943396 0.09583333333333333
1 0.5271226415094339 0.9197916666666667 0.018867924528301886 0.027083333333333334
1 0.40566037735849053 0.96875 0.02830188679245283 0.058333333333333334
1 0.5843160377358491 0.2677083333333333 0.015330188679245283 0.027083333333333334
0 0.1875 0.225 0.3608490566037736 0.4375
1 0.6185141509433962 0.2895833333333333 0.01768867924528302 0.03333333333333333
1 0.6786556603773585 0.7864583333333334 0.02240566037735849 0.035416666666666666
1 0.5619103773584906 0.9427083333333334 0.01768867924528302 0.01875
