0 0.6214843750000001 0.5034722222222222 0.7429687500000001 0.9736111111111111
1 0.2609375 0.7152777777777778 0.0328125 0.03333333333333333
1 0.444921875 0.5784722222222223 0.022656250000000003 0.034722222222222224
1 0.50390625 0.4965277777777778 0.010937500000000001 0.020833333333333336
1 0.69921875 0.4041666666666667 0.16875 0.3027777777777778
1 0.831640625 0.5131944444444445 0.07578125000000001 0.06805555555555556
1 0.33242187500000003 0.6416666666666667 0.02890625 0.022222222222222223
1 0.9710937500000001 0.6798611111111111 0.0421875 0.02638888888888889
1 0.958984375 0.7993055555555556 0.07734375 0.09305555555555556
1 0.7585937500000001 0.6652777777777779 0.0125 0.030555555555555558
1 0.5945312500000001 0.5222222222222223 0.015625 0.019444444444444445
