1 0.0703125 0.5298611111111111 0.046875 0.043055555555555555
1 0.18085937500000002 0.5694444444444444 0.10859375 0.061111111111111116
1 0.284375 0.5840277777777778 0.07187500000000001 0.07361111111111111
1 0.444921875 0.6166666666666667 0.030468750000000003 0.05555555555555556
1 0.416015625 0.6430555555555556 0.03359375 0.019444444444444445
1 0.5457031250000001 0.6805555555555556 0.057031250000000006 0.04722222222222222
1 0.692578125 0.7305555555555556 0.08046875 0.03888888888888889
1 0.7957031250000001 0.7673611111111112 0.047656250000000004 0.034722222222222224
1 0.9281250000000001 0.7493055555555556 0.07500000000000001 0.09861111111111112
1 0.853515625 0.775 0.01953125 0.036111111111111115
1 0.644140625 0.675 0.017968750000000002 0.019444444444444445
0 0.501171875 0.5229166666666667 0.98828125 0.5569444444444445
