1 0.434375 0.8677777777777778 0.18625 0.25555555555555554
1 0.41000000000000003 0.7111111111111111 0.0525 0.04
1 0.421875 0.6366666666666667 0.02625 0.051111111111111114
1 0.491875 0.6133333333333333 0.06125 0.057777777777777775
1 0.553125 0.5777777777777777 0.06375 0.09777777777777778
1 0.606875 0.7744444444444445 0.03375 0.04666666666666667
1 0.85375 0.6222222222222222 0.0375 0.05333333333333333
1 0.6481250000000001 0.98 0.03125 0.026666666666666665
1 0.555 0.5155555555555555 0.035 0.026666666666666665
1 0.505625 0.44 0.16625 0.06222222222222222
1 0.37625000000000003 0.43777777777777777 0.0675 0.044444444444444446
1 0.228125 0.3511111111111111 0.06375 0.13333333333333333
1 0.33 0.30666666666666664 0.0425 0.10666666666666666
1 0.364375 0.38666666666666666 0.09875 0.035555555555555556
1 0.45375 0.23444444444444446 0.0275 0.042222222222222223
0 0.354375 0.25 0.47875 0.46444444444444444
0 0.26937500000000003 0.8066666666666666 0.20625000000000002 0.3688888888888889
