1 0.09726562500000001 0.5465277777777778 0.05390625 0.04027777777777778
1 0.191796875 0.5798611111111112 0.10390625 0.05694444444444444
1 0.30859375 0.5722222222222223 0.08750000000000001 0.11944444444444445
1 0.43007812500000003 0.6305555555555555 0.06953125 0.07777777777777778
1 0.565625 0.6881944444444444 0.053125000000000006 0.04583333333333334
1 0.644140625 0.6756944444444445 0.01171875 0.018055555555555557
1 0.7312500000000001 0.7229166666666667 0.09375 0.04583333333333334
1 0.78125 0.7708333333333334 0.0171875 0.022222222222222223
1 0.907421875 0.7736111111111111 0.04453125 0.05555555555555556
0 0.505859375 0.5298611111111111 0.98359375 0.576388888888889
