1 0.4458333333333333 0.8069444444444445 0.0375 0.036111111111111115
1 0.4041666666666667 0.8097222222222222 0.011458333333333333 0.021296296296296296
1 0.7057291666666666 0.5925925925925926 0.020833333333333332 0.022222222222222223
1 0.3567708333333333 0.7027777777777778 0.0375 0.014814814814814815
1 0.6411458333333333 0.7162037037037037 0.035416666666666666 0.026851851851851852
1 0.6434895833333333 0.8490740740740741 0.06510416666666667 0.016666666666666666
1 0.6677083333333333 0.862962962962963 0.040625 0.011111111111111112
1 0.7549479166666666 0.8564814814814815 0.0921875 0.02592592592592593
1 0.25703125 0.7513888888888889 0.049479166666666664 0.10833333333333334
1 0.29192708333333334 0.7930555555555556 0.019270833333333334 0.028703703703703703
1 0.284375 0.8222222222222223 0.010416666666666666 0.011111111111111112
1 0.3296875 0.7893518518518519 0.010416666666666666 0.015740740740740743
1 0.34921875 0.7351851851851852 0.024479166666666666 0.031481481481481485
0 0.41744791666666664 0.6569444444444444 0.5567708333333333 0.31574074074074077
