1 0.029444444444444443 0.7015985790408527 0.04111111111111111 0.03907637655417407
1 0.4166666666666667 0.7229129662522202 0.03111111111111111 0.04973357015985791
1 0.37277777777777776 0.7007104795737122 0.016666666666666666 0.023090586145648313
1 0.4938888888888889 0.7877442273534636 0.01888888888888889 0.026642984014209593
1 0.6483333333333333 0.741563055062167 0.023333333333333334 0.04085257548845471
1 0.77 0.7317939609236235 0.024444444444444446 0.028419182948490232
1 0.7105555555555556 0.7282415630550622 0.01 0.017761989342806393
1 0.7488888888888889 0.7158081705150977 0.013333333333333332 0.024866785079928955
1 0.4311111111111111 0.7992895204262878 0.02 0.017761989342806393
1 0.6227777777777778 0.761101243339254 0.021111111111111112 0.015985790408525755
1 0.6027777777777777 0.7708703374777975 0.023333333333333334 0.024866785079928955
0 0.495 0.3836589698046181 0.99 0.6785079928952042
