1 0.9101449275362319 0.6470588235294117 0.05217391304347826 0.06117647058823529
1 0.7285024154589371 0.6388235294117647 0.04830917874396135 0.04941176470588235
1 0.3545893719806763 0.5682352941176471 0.021256038647342993 0.09176470588235293
1 0.36328502415458935 0.528235294117647 0.04830917874396135 0.12941176470588234
1 0.414975845410628 0.5470588235294117 0.0357487922705314 0.08705882352941176
1 0.47487922705314006 0.5294117647058824 0.0647342995169082 0.07999999999999999
1 0.4685990338164251 0.5729411764705882 0.02318840579710145 0.05411764705882353
1 0.5768115942028985 0.6058823529411764 0.02318840579710145 0.025882352941176467
1 0.6835748792270532 0.5541176470588235 0.03188405797101449 0.030588235294117645
0 0.6729468599033817 0.4564705882352941 0.642512077294686 0.48
