1 0.3755208333333333 0.6680555555555556 0.052083333333333336 0.0638888888888889
1 0.5916666666666667 0.7074074074074075 0.027083333333333334 0.06481481481481481
1 0.6919270833333333 0.7495370370370371 0.01614583333333333 0.032407407407407406
1 0.7244791666666667 0.7481481481481482 0.015625 0.02962962962962963
1 0.515625 0.8157407407407408 0.01875 0.012962962962962964
1 0.7299479166666667 0.7856481481481482 0.008854166666666666 0.010185185185185186
0 0.5369791666666667 0.6912037037037038 0.47604166666666664 0.2898148148148148
1 0.3125 0.600462962962963 0.019791666666666666 0.019444444444444445
1 0.45859374999999997 0.7777777777777778 0.0359375 0.03518518518518519
1 0.5447916666666667 0.7041666666666667 0.008333333333333333 0.012037037037037037
1 0.5427083333333333 0.8296296296296297 0.008333333333333333 0.009259259259259259
1 0.42916666666666664 0.7356481481481482 0.026041666666666668 0.04351851851851852
1 0.7885416666666667 0.8194444444444445 0.03229166666666666 0.03333333333333333
