0 0.3328125 0.4625 0.634375 0.763888888888889
1 0.7468750000000001 0.7513888888888889 0.046875 0.0638888888888889
1 0.8046875 0.7486111111111111 0.018750000000000003 0.04722222222222222
1 0.84140625 0.7166666666666667 0.029687500000000002 0.02777777777777778
1 0.9546875 0.6708333333333334 0.018750000000000003 0.025
1 0.98203125 0.6527777777777778 0.0234375 0.044444444444444446
1 0.9007812500000001 0.6888888888888889 0.0203125 0.02777777777777778
1 0.5765625 0.5111111111111112 0.05 0.1
1 0.46484375 0.7277777777777779 0.16718750000000002 0.15
1 0.5890625 0.7347222222222223 0.08750000000000001 0.17500000000000002
1 0.2859375 0.5666666666666667 0.0625 0.10555555555555556
1 0.33906250000000004 0.6666666666666667 0.059375000000000004 0.03333333333333333
